77
293
292
284
285
284
294
235
358
304
292
284
278
302
308
296
298
296
286
287
285
296
313
296
283
285
279
283
292
294
298
304
290
279
288
284
309
303
297
289
301
285
284
295
304
317
296
280
289
292
287
301
299
297
292
284
281
291
303
300
299
290
280
287
281
285
308
305
296
282
283
283
294
292
306
300
292
282
278
283
289
303
297
292
280
288
284
288
294
309
299
283
282
285
299
297
299
299
296
287
280
286
293
309
305
292
286
283
287
292
297
305
307
291
276
288
289
294
301
295
298
287
281
280
293
296
311
299
284
283
289
285
295
299
302
295
278
271
286
295
293
301
296
282
268
299
281
299
311
296
289
280
283
288
287
293
305
297
279
274
281
278
297
298
287
283
284
280
274
283
295
305
291
277
280
285
283
287
295
295
290
278
279
278
290
292
296
288
277
280
279
282
283
299
295
282
271
278
282
285
292
298
298
289
277
277
288
295
301
302
288
286
289
283
284
300
305
302
284
273
287
290
293
295
298
290
286
280
277
297
188
338
304
294
279
295
292
292
305
312
293
277
284
286
298
299
299
306
293
279
286
295
303
310
300
285
287
284
219
346
300
302
299
282
270
289
292
297
291
297
288
285
276
286
303
302
299
293
285
284
287
291
300
305
301
291
282
283
302
309
304
302
301
293
277
290
301
307
302
299
285
288
289
291
298
304
301
286
282
285
298
304
295
305
291
280
285
292
295
311
302
288
290
278
293
298
303
302
308
287
278
279
296
304
298
296
292
292
280
281
295
298
197
351
288
278
285
290
290
292
288
293
282
277
281
297
298
295
297
284
285
288
289
300
308
299
286
282
277
294
297
295
297
301
283
273
287
286
304
298
299
290
281
280
286
298
297
305
290
281
281
288
292
286
288
284
280
267
268
269
285
285
285
274
281
272
278
279
284
304
304
294
282
286
299
300
314
310
304
285
281
290
290
300
310
304
272
285
286
268
285
295
293
278
277
273
270
279
288
290
289
193
338
275
260
272
289
279
259
261
250
250
255
253
258
267
271
259
248
254
249
258
272
271
264
266
274
253
253
261
276
281
289
280
269
271
279
280
279
296
294
290
276
276
279
290
293
297
282
271
271
261
259
264
272
268
263
255
250
251
259
261
271
275
279
270
266
255
268
275
292
276
277
275
267
267
264
274
279
288
284
280
262
273
272
274
273
285
293
274
263
273
271
286
295
282
278
271
277
271
268
282
297
277
267
263
253
258
262
262
265
265
273
256
241
244
251
254
259
263
259
247
248
250
249
245
265
271
273
265
262
258
269
267
270
283
279
270
260
255
253
257
276
269
269
271
270
260
270
271
279
293
300
290
275
280
278
294
294
224
355
297
281
269
278
282
295
291
284
278
278
269
275
286
286
300
285
269
268
282
271
277
273
275
274
262
257
262
263
276
271
274
265
255
261
262
259
272
287
288
273
269
271
272
285
294
303
293
290
288
284
280
297
318
309
291
289
288
286
286
295
307
302
282
280
287
294
305
299
301
291
292
283
279
303
304
294
287
284
277
280
291
287
293
294
288
270
275
277
290
292
287
285
282
271
265
274
280
287
284
278
266
275
267
273
280
279
278
274
261
261
272
275
282
286
286
273
280
278
275
280
304
301
278
279
272
279
277
286
291
303
280
273
271
274
278
292
291
290
283
278
275
276
279
290
297
277
274
275
281
268
280
288
287
284
273
267
275
283
287
291
290
279
280
278
279
277
298
294
287
269
274
283
284
285
293
300
286
275
275
277
277
294
291
285
276
280
276
264
281
293
294
280
277
271
281
272
277
290
281
283
275
273
263
278
292
286
282
284
276
278
271
276
297
299
281
275
277
269
273
284
285
287
287
276
264
269
275
290
298
281
280
282
274
263
278
290
288
287
273
267
274
273
276
284
279
270
275
268
256
253
270
267
259
259
259
247
253
256
255
265
283
270
268
255
262
269
276
274
287
295
288
266
268
273
275
283
286
292
280
275
273
282
285
285
300
302
281
269
284
291
299
284
291
297
285
269
272
303
306
279
283
285
289
268
277
288
297
282
271
256
260
252
259
268
275
261
270
265
258
251
267
280
285
273
278
273
275
273
273
288
291
290
286
282
273
290
292
297
296
291
290
287
284
276
304
299
282
284
279
279
282
285
291
297
293
271
273
276
286
296
292
289
306
284
271
281
292
297
296
292
279
272
268
278
286
281
288
298
286
261
274
288
307
296
284
284
194
342
291
302
303
296
292
280
273
277
281
288
295
293
283
272
272
275
287
295
290
290
283
274
276
277
288
302
302
289
281
281
286
284
297
294
304
286
281
275
296
298
289
294
291
285
278
279
288
301
299
285
285
276
285
279
296
296
306
292
278
280
281
288
294
302
293
293
286
277
273
295
309
302
278
270
284
287
282
284
297
303
293
263
270
292
296
278
284
288
286
212
326
302
304
302
291
280
231
317
287
276
287
304
299
265
272
280
294
288
285
289
295
279
265
278
220
368
315
300
282
283
291
288
293
296
302
293
279
278
287
286
294
225
360
293
291
282
212
363
318
301
288
293
286
299
292
305
307
298
283
282
287
305
314
296
301
288
286
280
287
306
307
303
288
290
290
292
291
303
301
303
283
280
293
304
308
295
305
287
293
285
290
309
309
302
280
289
288
292
295
300
305
295
280
277
285
294
300
302
290
291
283
287
288
305
302
307
292
279
287
288
295
304
305
290
292
281
275
293
294
296
290
284
277
287
286
286
307
295
291
288
208
343
307
305
304
304
291
276
287
281
302
308
298
282
288
285
216
340
294
301
295
275
271
290
285
296
298
291
298
287
277
279
307
298
295
287
282
283
290
286
296
306
298
279
269
269
279
289
292
288
292
282
269
268
289
281
294
292
288
272
280
288
284
292
308
310
274
277
291
296
285
300
311
286
287
284
293
285
301
304
296
269
278
285
289
275
297
304
292
258
277
289
305
284
288
303
292
260
269
288
303
283
289
289
285
220
323
296
305
303
300
278
273
280
292
292
289
298
288
275
279
272
290
294
299
288
288
274
286
284
290
297
301
290
282
281
282
299
300
292
300
292
278
273
289
298
308
298
286
297
289
285
296
309
305
297
283
280
289
287
297
300
297
283
286
276
282
295
305
296
292
279
285
292
288
202
369
303
287
275
284
286
297
294
293
298
278
278
286
290
304
304
300
285
287
282
294
295
296
303
294
283
275
288
293
295
294
290
290
283
271
290
302
301
294
284
284
283
284
296
300
304
290
281
280
283
291
306
304
293
293
290
277
280
292
306
296
287
273
291
281
280
294
303
293
283
278
277
294
289
289
298
292
277
280
281
290
300
301
292
228
326
283
215
346
298
305
297
275
277
277
295
303
297
290
302
281
277
287
298
304
302
284
285
294
284
282
309
298
305
284
280
281
300
295
299
300
290
283
282
284
193
370
302
297
286
274
288
293
198
363
307
299
282
282
283
303
302
295
293
296
286
282
290
310
312
296
288
296
295
297
217
369
312
302
282
287
298
232
355
302
296
290
278
281
293
304
298
293
285
284
284
286
303
304
307
290
287
282
288
298
308
304
296
289
288
281
291
295
307
302
290
207
346
296
295
300
301
298
284
274
288
301
303
231
356
292
287
277
284
302
309
296
287
290
285
288
293
300
307
298
278
284
284
284
312
303
296
297
281
282
284
300
303
303
298
281
289
286
295
303
303
298
297
282
288
300
307
302
305
283
292
285
285
298
314
297
294
282
288
290
290
295
310
304
285
281
288
295
307
297
294
297
285
277
283
292
301
298
287
276
285
278
283
301
300
298
286
276
270
279
284
296
290
287
279
287
279
289
298
314
303
288
285
294
296
299
302
315
296
283
283
291
302
303
302
299
293
283
280
295
300
305
296
294
283
291
285
292
298
296
285
279
275
277
298
213
362
302
288
281
285
287
295
302
303
284
286
281
281
298
298
303
297
294
277
285
287
303
305
298
286
292
282
282
291
301
302
295
273
281
290
287
296
303
304
296
289
275
300
304
300
297
300
284
289
278
289
310
307
290
284
284
289
295
295
304
310
291
275
282
286
303
306
296
303
296
287
279
295
299
308
294
279
287
288
267
314
305
214
360
285
286
296
302
304
301
300
292
291
280
298
313
308
294
288
284
291
291
295
302
306
289
280
284
287
302
302
306
298
294
280
291
295
301
310
299
290
287
284
293
295
303
293
295
285
281
288
298
309
299
297
280
286
282
293
305
305
306
286
286
285
297
299
298
300
296
284
282
282
300
310
303
296
291
291
282
294
302
305
305
287
273
286
281
284
293
193
407
283
276
274
302
298
294
291
285
282
286
278
291
313
301
279
283
281
289
295
294
308
306
288
278
285
284
303
297
290
301
289
283
279
291
305
306
295
276
289
286
289
293
300
302
298
281
270
295
294
297
287
289
283
221
329
282
308
299
290
281
282
281
288
289
300
218
356
284
286
194
342
306
299
298
295
285
278
280
296
308
302
289
289
292
293
291
306
302
310
288
280
285
300
236
357
309
292
291
281
289
303
311
300
294
285
284
285
290
301
303
244
342
284
283
291
299
299
297
291
285
276
273
251
320
300
282
276
266
272
268
272
279
277
280
264
250
246
259
269
273
271
270
264
266
262
272
277
293
293
276
272
275
280
274
289
293
289
283
282
215
319
296
307
290
283
292
272
275
288
302
286
306
295
257
266
268
255
261
272
255
256
253
246
235
249
262
269
256
272
262
264
262
265
266
280
283
286
276
267
267
288
287
280
304
311
278
271
285
294
293
298
297
291
277
266
267
277
283
289
290
272
275
282
279
285
291
296
291
277
276
280
289
291
294
290
276
280
277
273
281
306
292
282
276
277
283
280
289
294
299
280
276
277
281
291
298
298
292
285
276
277
282
283
303
294
282
266
278
271
279
274
291
283
283
261
270
274
285
289
288
285
281
274
272
276
288
297
293
190
323
267
266
262
272
275
274
267
259
262
258
258
274
270
271
269
270
260
255
262
281
281
287
290
282
272
282
291
294
294
305
293
285
278
286
294
306
298
295
290
286
285
278
301
298
288
272
277
273
277
275
282
284
281
261
260
256
257
261
282
269
261
265
258
252
246
258
262
269
274
256
245
254
252
250
257
