83
313
315
321
336
344
324
313
313
310
329
330
329
323
326
319
313
328
329
325
305
302
313
320
323
319
309
307
305
295
307
325
328
309
302
293
285
290
290
288
283
290
272
274
283
290
303
307
283
272
279
286
291
300
304
301
294
282
282
285
297
291
290
290
291
302
313
320
329
344
332
310
322
321
331
344
331
317
316
314
316
320
334
330
304
302
327
330
336
318
313
309
316
302
294
312
315
306
299
301
297
325
324
313
315
303
301
299
302
310
315
299
288
301
308
310
314
305
312
308
304
309
323
326
331
318
311
317
316
321
327
328
308
289
278
286
297
295
293
276
278
278
270
279
292
289
301
293
283
286
299
302
310
310
299
296
289
284
289
304
304
297
277
279
270
279
289
298
286
287
278
274
273
282
293
294
286
280
274
296
297
293
298
305
301
296
300
311
334
340
336
317
297
303
321
324
332
334
321
307
305
306
332
331
301
313
322
321
316
336
325
335
302
316
331
330
319
339
326
308
312
322
332
341
325
306
310
311
325
335
335
336
312
310
311
329
330
322
305
293
312
317
327
340
317
324
317
313
326
338
330
337
329
320
327
341
344
357
337
308
303
309
334
345
338
323
330
330
334
326
344
341
309
308
337
346
334
316
304
311
309
313
349
346
338
329
332
346
354
361
339
338
332
328
346
351
354
343
340
340
346
340
360
352
330
329
336
363
362
352
343
328
338
340
357
365
346
334
324
345
361
364
340
345
342
343
369
372
358
326
329
338
335
316
333
320
330
323
337
366
359
351
335
321
344
356
360
364
348
345
356
363
381
374
357
358
365
370
370
369
351
357
680
349
345
333
329
335
346
365
368
341
324
335
333
326
331
321
325
310
302
331
355
356
343
330
348
356
357
357
340
330
326
338
365
361
345
338
332
322
341
354
367
342
313
326
316
340
330
328
310
309
310
335
362
376
369
347
356
384
194
426
362
347
351
352
370
380
345
349
353
376
379
374
370
342
351
368
379
378
359
338
359
373
380
380
368
348
351
371
371
355
357
354
356
380
384
376
355
355
360
378
390
363
355
362
363
378
391
382
355
362
384
378
379
376
360
350
368
389
379
349
356
357
370
363
371
377
350
357
378
383
383
370
368
364
385
391
377
361
359
361
388
391
371
355
362
373
361
376
359
339
325
338
373
364
353
363
348
346
364
370
373
346
338
371
387
368
378
359
353
369
372
378
368
346
319
333
358
364
378
360
346
378
383
378
367
349
351
345
346
341
351
342
338
343
358
351
337
328
331
337
356
360
364
325
313
322
330
351
350
339
336
327
319
344
354
356
327
323
332
339
348
344
336
337
331
332
351
368
361
337
343
346
343
349
350
347
337
340
353
358
356
346
343
337
345
347
356
362
349
339
349
347
345
344
332
332
350
372
366
375
360
359
356
388
392
362
369
363
364
375
391
382
355
375
375
369
367
351
339
344
351
387
333
414
356
352
349
351
330
341
331
321
354
376
377
364
366
367
365
387
370
350
341
335
353
365
354
349
341
345
344
374
377
368
362
354
354
382
380
360
365
359
350
372
388
372
341
361
370
372
377
375
365
346
370
396
379
368
360
362
369
393
389
355
347
355
352
374
374
347
347
360
368
377
382
372
350
366
388
388
375
366
371
355
380
395
370
349
356
380
374
377
376
356
338
361
376
363
362
345
351
347
369
380
361
358
356
370
379
378
372
347
366
376
380
390
377
349
365
384
378
373
367
357
340
354
376
374
352
349
359
363
373
375
349
356
354
358
383
373
347
350
366
366
369
369
361
348
348
377
381
362
357
364
352
372
384
363
355
353
363
371
373
369
348
357
366
360
381
376
347
344
364
385
362
359
367
349
349
379
390
361
355
365
367
371
382
370
352
362
364
384
372
369
354
349
372
376
367
361
354
352
362
391
364
357
362
346
360
379
365
355
352
349
365
378
376
351
351
357
357
361
368
351
346
352
383
375
362
376
355
354
375
358
364
336
314
331
331
356
368
368
352
356
372
389
377
372
366
361
367
376
390
361
357
355
364
386
343
343
347
341
360
379
378
348
344
347
348
367
366
343
346
349
344
363
336
319
307
311
311
330
338
330
353
343
351
357
382
382
360
347
361
370
382
364
365
352
347
366
378
369
351
343
360
367
365
365
345
314
313
318
353
361
352
350
355
366
382
369
375
361
371
377
378
369
367
363
354
337
368
347
328
310
304
310
310
326
324
325
316
314
327
349
360
355
346
363
348
362
351
330
327
331
351
382
382
380
367
372
371
368
378
363
340
327
343
363
345
322
330
333
330
348
360
365
337
309
299
304
307
306
324
322
340
345
365
383
364
352
330
329
323
341
357
362
354
348
366
384
385
369
364
358
359
380
374
367
331
330
356
340
351
335
305
298
296
296
329
352
335
316
312
331
362
378
383
377
369
374
393
395
373
339
357
357
358
364
358
353
345
353
377
360
356
349
357
361
371
381
360
349
352
362
369
362
358
360
339
348
373
375
354
340
342
363
346
330
346
327
328
325
347
376
352
351
347
350
361
375
377
358
353
353
346
368
340
321
311
325
337
348
349
357
352
348
352
379
373
353
341
352
356
362
382
356
329
343
350
374
372
370
355
343
349
368
363
366
353
348
338
351
346
343
338
349
357
363
385
378
370
351
369
379
372
384
364
356
352
382
388
361
363
356
348
374
381
369
351
350
351
376
372
360
353
357
349
365
391
361
346
356
352
372
369
359
354
346
347
367
380
353
349
356
349
371
358
367
354
341
352
369
377
356
338
337
339
331
333
347
343
337
345
355
384
374
356
359
344
359
377
381
354
350
365
360
371
369
346
347
340
335
362
362
348
335
353
366
367
373
374
344
343
366
383
367
347
348
346
350
352
355
351
342
329
350
349
358
339
317
322
318
332
359
348
329
331
336
354
353
364
361
344
339
354
351
364
355
334
348
349
343
354
344
345
341
343
361
356
353
342
335
348
341
367
366
350
332
336
347
359
343
343
349
335
342
364
351
358
345
323
351
351
343
346
337
335
332
356
380
356
351
334
347
354
364
354
337
323
328
347
350
360
346
322
339
342
350
365
353
351
339
342
363
362
360
351
353
354
340
360
362
344
328
339
363
360
369
349
343
328
345
362
368
346
345
354
357
356
376
362
335
339
341
370
345
348
341
331
341
343
360
365
354
350
361
377
383
358
350
350
351
356
358
365
348
330
340
355
357
351
330
325
327
333
340
353
338
328
329
336
349
361
361
349
319
326
333
339
334
315
300
319
311
317
326
327
327
321
323
319
347
344
334
315
303
321
333
345
366
349
331
318
333
348
344
333
347
342
348
368
382
376
344
350
363
372
375
360
352
345
354
368
365
355
356
347
353
367
371
379
357
350
344
369
374
357
346
352
350
361
369
372
352
342
361
373
361
365
335
346
343
352
347
356
349
347
340
368
379
368
360
355
342
333
348
367
351
354
364
369
377
378
364
347
237
459
391
372
362
356
361
371
371
362
350
348
364
391
399
386
383
360
348
376
381
371
341
352
367
369
360
367
365
343
346
381
380
357
352
359
370
371
379
378
343
340
359
382
373
365
367
362
358
386
384
366
344
342
358
362
367
360
341
353
362
368
370
366
347
335
364
374
361
360
360
351
354
377
380
352
343
363
358
366
374
351
322
307
326
368
372
356
355
364
355
365
386
382
349
358
371
378
371
370
369
346
354
380
379
355
350
360
364
358
372
366
351
339
356
387
370
357
350
338
341
353
366
365
342
348
363
383
384
369
362
357
345
372
381
375
357
357
372
378
374
370
355
364
357
375
379
356
343
348
371
374
366
370
336
344
359
379
364
356
353
356
352
370
373
339
331
332
328
344
338
334
338
336
354
358
374
377
353
350
362
387
371
369
366
339
347
367
364
359
345
349
353
367
364
357
353
336
334
358
364
344
335
342
332
355
364
374
343
335
333
330
342
354
347
339
353
363
386
381
382
354
350
373
369
359
355
352
353
362
363
377
360
345
354
367
379
358
371
356
349
356
375
384
355
344
365
363
369
371
372
337
338
364
367
343
343
338
338
338
362
381
360
343
348
351
352
356
352
351
346
354
378
382
381
357
358
355
369
380
368
360
354
363
389
370
361
356
363
371
383
374
360
339
341
343
350
329
336
340
352
341
362
375
372
341
335
365
375
365
365
358
367
362
384
382
354
350
352
370
374
374
365
357
356
357
368
379
