136
274
287
292
316
309
297
290
288
292
291
301
319
306
291
290
287
298
302
302
316
296
285
286
291
307
308
302
314
290
280
290
297
310
305
298
302
307
262
296
308
312
302
294
297
288
286
301
310
310
295
288
319
270
293
309
311
305
285
287
299
295
299
306
305
296
285
290
304
304
302
303
299
290
286
291
310
306
300
297
297
290
288
303
313
303
296
287
293
290
292
346
277
299
292
294
294
289
286
306
298
281
279
276
283
290
297
296
298
286
268
276
287
298
288
175
317
292
283
288
298
312
305
299
303
288
283
311
290
313
300
284
292
285
282
294
303
309
291
277
292
283
282
302
300
300
287
278
286
289
295
299
295
299
277
278
289
292
299
299
290
293
280
275
289
304
295
289
286
279
285
276
282
312
300
284
285
279
280
283
288
306
297
278
281
277
282
286
296
303
293
281
277
274
292
294
292
301
293
276
275
278
292
302
295
291
291
276
271
287
298
300
295
289
294
289
285
299
312
312
298
287
297
290
287
304
311
306
288
290
298
294
300
307
309
296
283
289
298
299
304
304
303
293
286
293
307
325
282
298
296
288
286
300
312
303
300
294
293
290
290
310
310
300
294
287
293
291
299
316
308
296
290
286
298
298
302
314
303
284
287
290
305
305
303
314
295
281
289
294
310
304
299
304
291
283
294
304
315
304
293
298
288
285
298
307
314
296
286
299
292
291
307
306
309
289
282
299
293
297
307
306
300
288
286
302
303
301
303
302
291
285
288
308
310
297
299
318
270
286
299
313
304
297
291
291
289
291
308
313
302
295
288
293
293
299
311
309
294
286
286
297
302
304
313
305
286
285
290
301
304
303
310
293
283
291
294
313
307
300
303
290
283
292
300
315
305
291
298
292
304
300
306
298
298
284
297
291
291
306
308
307
290
284
321
275
301
306
305
301
285
282
302
302
305
304
299
298
305
267
310
306
298
299
291
291
287
294
317
307
297
294
291
290
292
304
314
304
289
286
292
295
300
310
314
298
284
285
295
300
302
310
307
286
284
290
302
308
303
308
297
282
287
292
309
309
323
278
292
286
291
303
317
305
293
295
311
263
297
307
312
300
287
297
291
294
307
307
309
290
283
296
295
299
310
305
325
267
282
303
304
301
306
298
294
284
285
311
309
302
301
293
293
285
293
316
307
297
291
287
294
292
302
320
305
291
286
290
297
298
306
336
275
281
286
295
302
306
308
308
287
283
288
303
305
303
307
296
286
287
294
313
308
299
301
292
283
289
300
314
305
292
300
292
286
300
307
311
298
285
295
291
290
307
306
311
293
283
299
296
299
307
304
303
285
282
302
302
301
307
300
295
287
285
309
306
300
301
292
291
287
293
317
309
299
294
290
292
291
301
317
305
287
288
292
294
299
312
315
297
284
286
294
299
302
310
327
268
285
289
303
308
304
307
298
302
266
291
310
309
299
303
293
284
291
303
313
305
292
297
288
284
298
307
314
299
288
297
291
292
306
307
310
291
279
298
296
297
308
306
304
286
283
303
301
301
304
300
292
285
288
308
307
302
301
296
290
287
296
313
305
298
291
293
292
291
307
316
323
272
288
202
301
295
328
293
300
286
288
293
300
303
309
310
294
282
286
298
303
305
307
305
288
284
290
308
309
301
305
294
283
287
296
312
308
298
299
292
284
296
305
312
305
289
292
290
289
303
308
314
297
284
297
292
295
307
306
303
288
281
301
298
303
309
303
297
284
284
306
304
302
303
295
292
286
289
315
311
296
296
293
292
286
298
318
304
293
288
292
293
295
310
314
299
288
305
272
297
302
309
310
292
286
288
300
307
302
310
302
303
264
290
304
308
303
306
294
284
292
297
313
306
298
298
288
285
296
304
316
305
289
297
291
287
304
306
312
294
282
299
292
295
311
307
305
308
262
301
298
300
306
302
297
284
285
307
306
326
281
296
294
284
290
312
306
297
295
292
293
288
301
318
303
294
289
292
291
293
308
313
301
290
286
296
298
301
310
310
291
284
287
299
300
302
313
302
286
289
290
306
306
300
308
291
283
289
296
314
307
299
302
290
284
295
305
314
302
289
297
289
285
303
310
311
297
285
298
309
274
307
307
305
287
284
300
298
325
285
308
296
284
286
305
304
299
303
299
291
304
276
313
306
300
297
293
287
287
303
312
305
297
289
295
291
294
313
311
298
290
307
274
295
298
314
308
291
289
289
298
303
300
315
298
282
289
290
305
305
302
312
292
284
290
297
312
304
297
304
288
280
313
288
314
301
295
299
287
284
301
310
307
295
289
295
289
294
309
313
302
290
289
294
295
301
306
310
294
283
295
299
301
307
303
302
287
282
299
304
302
307
297
296
289
285
310
311
301
301
289
293
288
290
317
310
297
294
290
296
291
300
319
304
290
287
287
296
299
304
318
298
284
289
291
305
305
304
310
289
280
288
300
312
306
304
300
287
280
294
310
307
301
299
292
283
290
303
317
306
293
295
290
287
299
305
314
299
283
295
296
293
308
307
310
290
280
298
297
299
306
305
301
285
285
303
304
303
304
296
295
306
266
309
307
302
300
292
297
287
295
317
305
294
292
289
290
293
304
315
304
293
308
274
293
300
310
310
296
285
285
297
301
305
311
308
287
286
287
304
305
301
311
295
302
269
294
312
307
299
306
289
282
292
303
312
304
292
297
291
287
300
310
315
327
254
298
289
291
304
307
338
259
286
298
295
299
308
305
300
285
286
299
301
302
304
304
293
286
291
308
307
299
298
297
287
285
300
312
305
300
293
295
288
289
311
309
300
295
286
293
292
297
316
310
294
291
287
297
298
302
315
303
282
319
259
302
305
303
316
293
282
288
295
310
303
300
306
289
283
293
304
316
303
293
300
288
282
299
308
312
296
289
299
291
290
328
290
305
289
288
295
292
299
305
310
299
287
290
299
299
305
302
328
268
282
295
302
303
306
301
298
288
283
305
308
301
304
293
292
286
288
313
311
302
298
289
293
289
296
318
307
292
287
287
297
295
305
320
302
284
286
290
300
302
305
313
292
282
286
298
309
309
304
303
287
281
290
307
310
301
301
295
286
287
299
313
308
297
296
290
284
296
304
313
325
269
295
291
291
306
307
310
296
282
294
295
296
308
307
306
288
283
301
300
302
307
300
325
253
285
307
306
304
325
275
293
286
290
315
306
298
294
290
293
289
300
319
304
292
289
292
291
296
309
312
297
288
286
296
298
302
313
308
290
286
286
299
305
300
311
301
284
288
293
308
307
298
309
292
282
289
299
311
304
296
323
268
286
295
307
314
301
290
316
267
288
303
309
312
295
287
298
290
293
307
307
302
287
287
297
297
302
308
308
293
286
292
300
305
303
301
300
288
315
266
311
306
303
296
296
287
286
309
310
300
298
290
292
290
294
316
311
297
291
287
314
274
300
351
271
289
287
289
302
302
303
316
296
282
285
292
304
305
303
309
308
263
291
302
310
305
302
327
254
285
294
312
309
301
298
293
286
291
303
314
303
291
296
290
287
300
308
312
299
285
297
292
292
307
306
307
290
282
298
297
301
309
305
302
286
283
303
303
299
303
299
292
286
290
310
307
302
299
293
310
267
299
313
305
298
290
292
313
273
308
317
301
289
287
293
292
299
313
310
293
288
289
298
301
303
313
301
285
287
290
303
304
302
312
294
284
290
296
313
304
297
306
287
281
291
305
311
304
295
300
287
284
298
313
307
296
290
294
288
294
305
315
305
288
290
294
292
302
306
310
294
281
295
298
300
331
283
303
286
283
298
302
303
306
299
296
286
286
309
308
304
301
291
294
285
291
315
307
296
295
290
293
291
302
317
302
326
255
290
294
297
307
313
300
287
286
209
298
300
303
314
297
281
286
295
307
304
306
328
270
283
288
304
309
301
303
296
283
287
297
311
310
301
297
292
284
295
303
313
304
289
295
290
289
303
310
311
296
284
297
290
293
308
306
306
288
283
301
298
301
306
306
297
284
286
302
305
298
303
302
290
285
296
309
336
273
295
295
286
286
304
310
303
301
290
294
292
293
313
310
297
294
286
295
293
299
317
308
289
289
290
296
320
283
315
296
284
288
291
305
305
306
311
291
283
288
299
310
303
302
301
305
264
294
310
310
302
300
324
255
287
301
314
304
294
295
291
287
300
309
314
299
285
295
290
294
305
306
311
290
282
300
297
299
307
304
300
285
284
301
301
300
305
302
294
286
291
306
307
302
298
297
288
285
299
311
306
301
293
294
290
286
312
311
299
295
288
292
290
296
318
310
294
290
193
292
296
302
312
306
290
287
287
302
304
304
314
299
282
288
290
306
306
300
310
288
283
292
300
314
304
299
300
288
283
294
307
313
300
292
297
291
287
303
313
307
292
292
294
288
296
307
311
301
286
293
296
293
306
307
306
292
283
294
299
301
307
306
303
286
283
303
305
334
271
297
293
284
286
311
308
301
300
293
292
286
297
314
305
297
290
291
325
259
308
316
302
290
287
294
292
298
314
309
292
288
288
297
299
304
317
300
285
288
288
302
306
301
313
293
283
290
297
313
305
300
304
286
280
291
306
310
303
298
297
305
268
300
313
309
295
293
292
287
294
305
314
305
288
293
296
291
303
307
309
294
282
295
297
294
310
303
305
287
282
300
302
302
306
300
295
284
285
308
308
304
302
293
294
285
293
314
307
295
293
292
290
291
306
315
303
294
287
315
269
294
313
310
296
291
287
299
297
299
318
308
288
283
287
301
301
301
317
297
283
288
293
307
306
302
307
288
280
289
301
312
306
302
297
287
286
294
312
311
297
296
293
284
291
304
314
306
292
295
290
287
304
307
311
297
283
295
293
297
309
308
308
288
282
300
298
299
308
303
298
283
286
308
306
301
305
296
291
284
291
312
307
329
267
293
290
290
302
314
305
296
288
295
289
291
313
309
299
