265
310
301
304
302
313
332
317
300
300
303
300
307
328
327
330
316
325
312
324
337
320
305
303
300
316
320
322
321
301
302
300
316
318
313
313
297
283
294
298
303
303
299
298
288
283
292
308
313
301
300
294
292
306
311
333
317
301
309
299
294
309
318
322
302
296
307
300
307
317
320
299
287
304
299
301
312
316
313
293
299
305
300
308
309
307
295
290
298
302
300
312
305
293
280
280
306
305
304
315
306
301
297
314
324
320
322
307
309
304
302
328
321
309
301
301
306
308
322
328
311
303
300
308
306
315
327
310
294
295
305
302
308
317
308
293
290
290
305
310
302
318
306
286
291
300
310
309
306
301
286
282
286
307
299
293
295
284
279
285
288
308
306
296
301
293
289
303
309
321
308
299
303
295
291
305
311
304
294
290
286
284
296
299
299
286
274
283
292
298
316
322
327
322
319
317
317
318
328
319
303
293
309
313
313
319
314
307
297
313
333
327
330
314
312
300
300
334
323
314
314
307
305
306
330
331
324
313
312
311
315
332
335
325
311
306
311
308
322
331
308
299
294
306
305
307
325
308
288
295
297
302
308
312
312
290
283
287
304
305
302
310
300
287
293
288
314
307
297
313
298
285
296
304
315
301
295
293
282
273
288
302
303
294
290
287
280
281
294
304
299
287
284
289
278
287
302
306
301
285
286
292
286
298
301
302
287
279
285
284
287
300
290
290
267
256
259
273
280
288
298
297
297
286
300
326
307
306
310
303
294
288
313
323
316
318
312
308
304
317
326
320
318
310
315
306
319
343
325
315
307
314
316
318
340
327
299
303
307
309
310
324
317
303
297
300
316
316
319
319
302
297
300
319
326
323
333
316
302
305
313
322
318
317
306
299
304
312
324
318
314
311
298
296
304
320
318
303
300
292
289
303
311
314
303
285
297
289
284
303
307
305
293
288
303
306
311
321
330
316
298
311
312
317
319
315
308
291
293
311
306
304
313
311
292
289
298
300
291
282
278
283
281
296
328
343
332
332
332
326
321
352
339
325
316
317
315
313
336
334
317
309
310
313
311
327
325
310
302
301
306
300
309
322
306
295
290
304
313
313
322
323
302
305
308
325
322
317
329
306
298
309
325
323
313
318
298
292
293
314
330
319
318
309
302
313
319
333
320
302
312
300
298
316
327
316
303
302
295
295
315
325
329
310
311
318
314
327
331
337
316
302
314
306
308
317
312
293
290
298
304
308
317
316
304
289
293
315
312
309
309
314
303
297
316
327
316
320
306
301
295
302
330
317
307
312
309
303
303
327
317
307
299
294
298
296
310
317
308
295
289
290
291
295
310
312
295
301
304
313
320
321
334
315
297
308
315
315
316
328
303
294
301
306
323
316
312
310
296
305
308
325
321
310
314
299
292
307
321
319
314
315
307
309
316
325
341
318
308
314
311
323
331
340
324
305
325
314
323
331
333
318
303
312
312
310
323
321
307
297
303
308
319
322
316
315
298
300
322
318
321
315
312
301
288
306
321
312
311
310
308
307
312
326
316
313
303
305
292
299
324
312
301
296
289
296
294
295
311
295
282
280
282
288
295
304
311
298
290
290
301
305
309
327
312
298
297
300
318
315
321
325
297
295
300
314
314
307
322
304
286
298
312
318
314
319
305
296
300
306
328
315
307
312
294
291
302
314
311
298
293
299
284
287
309
321
315
295
301
301
295
303
309
310
294
289
301
299
311
327
324
330
297
316
315
317
322
314
312
297
298
312
312
314
313
308
291
291
313
314
311
312
310
300
294
309
323
319
321
306
302
291
294
321
316
303
307
303
303
304
321
326
313
304
298
301
296
310
331
315
304
303
313
320
321
338
327
305
302
304
316
321
328
323
304
300
305
314
314
315
322
297
294
298
315
319
319
324
309
298
312
311
326
317
309
311
296
295
311
324
317
309
310
293
292
305
318
321
304
303
305
301
310
324
333
316
299
314
301
300
315
320
312
295
296
300
296
310
316
317
293
287
306
307
308
314
314
304
293
304
315
314
326
321
315
299
299
331
331
306
306
301
285
282
306
318
320
317
309
316
309
331
339
328
327
315
318
317
326
342
322
318
313
318
314
328
339
324
307
309
319
318
324
340
317
306
306
319
326
328
339
318
301
307
307
321
322
324
319
297
303
314
330
324
318
319
299
292
303
327
318
309
317
303
296
308
318
329
320
308
311
300
316
328
332
316
306
311
302
305
323
333
315
303
318
306
311
322
331
322
304
314
320
322
336
332
327
298
303
314
315
320
320
318
300
306
324
326
327
328
323
317
306
334
326
329
346
331
323
314
340
336
326
324
317
304
319
342
337
328
319
328
320
316
342
327
318
309
315
319
322
343
331
309
310
309
315
326
340
331
306
300
305
303
295
299
306
292
286
294
313
327
321
336
323
310
314
322
338
324
318
308
286
294
306
320
320
315
320
305
304
317
334
319
300
312
299
303
318
324
332
315
309
314
310
333
332
336
330
319
331
329
336
338
338
313
321
322
328
334
331
329
310
311
314
316
329
318
316
300
297
315
324
324
335
335
322
318
340
335
332
324
316
305
302
332
322
314
311
307
302
301
320
329
321
313
303
305
305
315
332
321
311
300
314
307
315
340
319
310
303
308
314
317
336
327
315
311
310
329
327
331
331
314
310
321
330
328
336
328
305
310
319
327
318
319
313
289
294
306
321
315
311
318
301
291
305
330
328
323
321
310
300
310
321
326
307
307
308
295
305
323
325
315
303
317
305
305
326
333
318
305
314
315
316
327
329
323
301
306
308
305
322
317
318
299
292
319
319
322
327
326
312
302
319
325
317
313
311
303
296
311
326
318
326
314
312
298
306
334
318
308
301
294
296
284
291
287
270
258
249
248
247
239
243
257
254
247
237
233
236
245
243
253
272
283
276
266
274
286
297
306
314
322
308
303
308
328
330
340
337
317
322
329
343
334
341
332
310
308
304
320
320
313
328
308
310
324
327
332
328
322
293
291
310
343
324
319
324
314
301
313
334
329
291
279
275
260
256
268
270
273
263
255
266
264
265
284
290
302
300
297
308
278
363
338
329
322
304
318
325
320
340
330
318
310
320
331
329
341
329
318
307
312
322
319
320
314
313
310
321
347
333
342
324
322
317
333
355
329
334
319
321
313
330
341
326
302
281
272
266
266
287
288
284
278
273
278
277
275
286
287
267
252
253
256
263
263
267
284
277
267
271
279
294
295
300
321
309
304
306
323
343
334
340
326
308
314
331
342
332
344
327
309
321
337
333
329
330
312
307
317
334
330
316
318
308
300
317
318
323
310
298
308
295
290
311
325
312
293
306
307
307
319
327
330
308
317
318
327
344
331
334
317
321
328
336
343
340
326
315
324
335
326
324
325
320
309
327
335
337
331
317
308
299
318
323
318
320
306
300
287
291
318
319
302
301
308
304
310
341
339
321
313
310
310
308
329
322
300
302
299
302
298
306
327
313
295
305
326
302
291
299
285
268
262
257
268
270
270
279
289
272
269
284
297
311
318
331
328
307
319
324
330
332
335
327
310
308
312
334
321
327
325
311
324
339
349
337
334
325
311
262
402
354
332
326
322
320
324
325
333
307
301
307
303
323
323
334
319
309
314
310
329
337
329
311
307
313
308
314
326
336
308
304
326
319
321
322
330
314
305
335
342
328
333
332
318
314
331
338
330
329
322
311
316
333
331
322
317
311
300
294
320
321
316
322
312
314
316
336
341
319
314
303
305
290
293
307
306
299
301
325
329
334
365
351
322
318
334
334
332
343
323
305
311
323
326
326
341
316
303
306
324
323
307
316
296
287
294
298
326
326
326
313
295
309
322
331
331
329
322
292
302
313
337
325
325
333
316
314
330
349
333
320
331
318
323
340
349
336
317
326
313
323
331
324
306
305
320
318
335
324
323
298
280
296
288
295
314
324
320
310
317
329
332
340
337
323
310
321
321
325
332
324
313
305
315
332
329
337
321
320
312
314
334
326
322
317
319
305
314
334
330
324
309
310
305
310
335
318
311
304
303
302
309
338
325
305
304
312
316
320
344
341
332
319
328
331
325
348
333
309
297
308
322
323
326
325
306
308
306
313
318
323
320
306
311
308
328
325
335
331
306
312
322
339
327
328
328
300
300
315
328
323
314
320
307
298
303
321
321
303
304
294
295
310
322
328
315
300
307
300
315
323
326
314
307
316
316
317
340
346
319
307
327
313
308
314
321
311
293
311
317
318
326
323
316
301
309
316
325
334
333
324
313
322
328
330
332
318
316
303
314
331
320
326
322
311
301
310
337
331
328
325
323
310
324
339
334
330
318
312
304
312
333
320
313
307
305
307
316
338
324
310
311
316
313
322
345
330
326
311
325
336
335
352
331
312
315
324
323
320
336
320
298
308
319
328
334
337
316
305
309
327
330
318
332
306
295
298
298
320
312
314
328
308
309
324
342
328
321
323
311
317
328
342
324
315
315
305
317
334
346
337
321
326
314
325
337
344
323
317
322
316
333
337
340
313
308
312
300
308
302
304
295
287
303
306
320
335
334
315
307
319
332
332
336
339
320
303
323
326
326
325
318
312
300
313
321
316
320
306
296
291
301
324
330
333
329
326
318
332
353
341
340
327
331
323
338
344
330
326
314
317
315
329
333
319
309
304
314
311
325
331
315
305
304
313
306
315
345
322
307
315
324
331
333
348
330
315
323
339
341
