73
243
299
286
287
289
272
313
299
290
291
290
290
274
306
305
297
291
286
288
304
270
308
293
298
290
287
302
263
312
298
294
290
300
273
281
301
306
296
299
291
315
247
288
310
300
294
304
276
280
278
313
303
292
291
302
272
281
296
307
297
298
302
273
280
284
310
298
294
279
303
312
252
306
306
291
290
283
296
273
297
303
297
302
290
287
301
262
307
301
293
293
292
258
305
289
306
296
295
288
287
269
293
332
277
298
293
290
278
281
307
277
289
325
273
286
278
298
304
296
297
268
302
277
287
304
298
296
294
292
268
301
296
298
293
297
292
285
263
305
303
300
301
291
334
236
279
301
292
312
287
297
281
277
304
304
294
297
283
276
289
288
307
296
302
294
294
280
279
306
293
250
313
310
263
277
297
303
297
301
292
288
279
282
303
296
260
289
295
294
291
312
274
298
296
294
288
278
287
303
297
278
282
314
271
280
306
299
291
299
296
282
266
271
332
279
303
293
290
282
283
299
298
272
278
317
298
255
303
300
291
299
297
284
281
292
296
283
319
254
290
285
283
305
303
302
298
303
287
275
299
297
296
303
290
289
271
281
298
293
297
297
282
272
268
289
291
290
295
292
282
276
277
294
291
291
294
291
278
268
286
292
289
189
315
294
277
279
299
294
296
300
299
284
276
294
297
296
298
299
290
277
287
297
320
302
292
295
275
272
296
294
290
300
301
285
276
298
240
310
301
298
296
282
276
297
294
300
301
302
284
277
296
292
291
301
300
288
277
291
300
287
305
300
263
233
275
278
285
291
287
297
286
268
277
283
287
288
290
298
273
269
291
277
292
298
290
296
273
277
298
291
293
305
303
278
280
293
293
297
292
304
295
272
297
290
294
306
300
291
280
285
296
288
309
311
305
284
253
297
291
321
273
304
289
277
289
292
291
316
287
302
276
284
294
286
298
303
302
286
276
295
289
289
299
307
294
280
290
287
290
303
300
303
281
281
293
287
294
303
308
286
277
310
268
273
287
284
286
266
268
286
274
281
290
300
286
274
286
287
289
295
300
308
281
280
299
291
299
308
302
294
279
299
288
291
269
305
298
280
288
290
286
301
302
304
309
277
287
280
285
297
307
289
271
294
287
290
300
314
300
288
302
260
287
300
302
306
285
282
291
283
293
303
308
289
279
296
284
284
297
310
263
255
292
290
286
294
300
309
297
286
296
291
266
299
313
300
279
295
284
279
296
304
302
287
261
286
292
309
316
285
290
282
292
283
283
299
309
301
282
292
289
281
259
293
315
292
286
297
289
270
299
310
300
279
295
285
280
295
306
302
288
288
286
281
295
267
283
304
284
292
280
284
297
310
302
297
294
290
252
294
304
307
290
288
288
279
291
300
309
294
284
260
277
279
301
315
310
288
303
264
277
292
300
305
321
261
287
279
287
299
310
266
274
306
287
286
293
318
277
293
294
286
279
290
298
307
295
288
292
277
283
291
257
311
304
302
289
284
264
301
308
294
291
292
275
287
298
310
297
264
297
296
289
272
307
302
292
297
285
277
289
298
307
298
261
295
290
294
304
284
298
291
300
281
273
288
305
304
293
299
264
261
296
314
311
272
295
295
278
284
291
308
301
290
301
285
271
266
285
316
301
318
266
277
287
291
306
297
294
297
278
278
287
289
287
317
319
260
275
284
296
307
297
298
292
275
271
271
333
311
267
304
280
277
284
302
305
293
305
282
283
301
274
306
298
301
296
277
283
287
307
275
296
320
302
249
286
299
302
296
306
289
278
282
288
289
291
309
317
261
279
289
304
301
295
306
284
271
282
297
285
286
321
310
257
284
288
300
299
302
296
281
283
283
292
305
312
296
288
272
283
297
298
295
311
294
268
283
310
278
297
306
301
279
284
284
298
299
278
317
312
252
283
297
300
295
313
294
274
281
264
306
325
276
302
282
283
285
299
295
296
311
286
247
305
278
297
297
308
301
280
282
286
297
293
296
317
301
260
285
292
295
296
313
294
275
278
297
290
297
312
298
282
281
281
297
294
259
324
287
280
284
293
291
296
311
287
297
266
292
293
293
311
304
284
282
283
284
293
324
291
287
286
282
294
289
294
317
295
278
251
298
297
305
291
301
288
282
281
292
293
303
308
291
263
290
315
268
295
313
296
281
282
289
288
288
312
327
265
286
283
287
288
303
308
292
289
283
293
287
291
317
300
279
283
290
288
284
317
304
290
284
283
288
285
300
321
280
292
283
288
285
292
315
299
273
288
311
271
286
314
305
286
283
284
286
259
316
329
268
296
282
289
281
290
313
297
268
301
285
286
283
312
307
289
285
288
276
297
294
310
294
294
285
287
280
293
315
288
297
284
292
282
283
312
304
313
264
290
286
281
302
307
296
297
278
290
279
291
308
295
300
281
302
277
283
310
302
292
289
291
270
287
333
280
294
299
287
287
278
291
300
311
288
292
292
278
280
311
301
285
296
316
264
279
299
305
296
294
289
294
294
270
306
295
300
292
290
282
293
288
298
295
296
296
280
290
300
290
295
296
295
287
276
301
306
282
301
293
292
276
285
306
309
281
298
294
280
276
301
296
295
295
283
297
278
295
297
287
302
324
270
278
283
299
294
300
291
304
300
258
299
294
296
298
301
285
276
313
280
296
301
300
291
277
287
292
313
286
300
300
279
276
301
295
295
298
303
283
276
296
293
294
305
292
295
280
285
294
294
301
301
300
280
280
294
289
296
299
302
288
275
297
291
288
301
307
270
291
287
290
292
303
299
302
280
281
282
301
324
276
306
282
277
296
285
291
272
322
289
278
293
289
285
300
303
292
291
310
264
287
300
302
310
288
276
293
284
287
304
307
293
280
294
289
279
301
306
301
284
286
288
288
294
305
306
287
281
293
285
291
324
286
293
278
297
285
281
285
319
297
287
291
286
284
297
301
292
295
308
272
278
291
301
311
296
281
275
307
266
297
310
300
283
294
285
263
303
330
281
292
289
287
281
293
299
315
286
285
294
281
279
298
311
304
281
299
284
276
288
306
305
294
288
287
278
291
298
308
300
307
271
279
284
294
314
298
282
311
272
275
292
306
303
294
298
287
291
268
299
307
295
297
290
278
275
311
304
300
289
298
283
274
288
310
285
306
302
286
274
286
298
304
295
299
289
297
265
292
310
297
297
297
275
277
291
310
302
292
304
285
271
293
317
279
293
307
288
275
284
301
291
300
300
294
279
284
292
301
298
297
305
282
275
285
295
299
298
313
289
273
280
296
300
279
324
312
256
285
283
301
301
299
302
264
297
277
304
298
295
312
285
273
270
307
294
299
308
297
278
282
287
298
299
301
304
280
284
284
297
297
312
294
293
274
282
295
294
301
324
281
277
280
286
295
296
317
293
287
282
282
295
293
302
318
275
283
281
295
294
295
314
296
274
281
292
289
293
314
300
265
309
267
293
293
306
306
290
285
268
305
283
299
313
294
283
282
290
288
289
336
282
283
281
288
284
288
314
292
306
280
283
289
289
300
309
294
290
300
273
283
293
316
296
286
284
298
276
286
314
301
288
285
290
296
271
307
307
296
294
282
294
275
294
315
297
289
285
292
282
283
319
302
289
286
286
285
263
333
291
296
292
284
286
283
296
286
310
292
287
291
281
284
312
299
288
268
317
267
281
309
301
293
292
289
272
283
302
307
298
299
288
289
278
285
319
287
298
291
292
280
278
309
298
292
298
294
280
278
303
300
305
284
293
288
279
290
303
306
303
284
293
278
283
300
295
303
290
297
282
276
302
298
293
291
323
269
278
295
297
297
301
271
307
273
285
302
293
301
300
298
278
257
316
291
295
299
299
287
275
297
296
272
322
289
293
280
285
292
294
303
292
306
303
257
296
291
295
303
304
282
280
314
266
291
301
307
292
277
294
305
274
300
303
297
279
286
289
290
301
301
307
280
279
296
284
294
323
286
287
278
296
284
287
298
309
297
282
290
290
284
298
304
281
307
275
288
282
298
302
308
290
275
273
307
270
301
312
296
282
294
285
275
298
332
284
287
288
289
280
295
304
310
310
261
293
281
288
299
311
293
294
284
284
278
295
310
301
290
285
317
256
290
303
309
291
287
287
296
273
301
307
294
291
290
272
288
295
314
298
286
296
283
276
271
336
288
292
299
285
277
285
299
278
313
281
294
278
285
295
308
297
276
297
302
264
287
307
304
292
304
284
263
305
290
307
296
301
289
275
285
289
327
278
298
296
277
283
291
318
306
275
304
283
275
282
303
317
279
310
291
273
282
295
304
315
285
294
278
284
285
304
296
321
283
280
280
284
301
299
282
327
282
275
278
296
304
295
309
274
296
271
288
296
298
305
298
281
285
258
312
291
298
309
288
279
282
296
294
273
338
284
275
279
292
294
293
312
302
285
276
285
290
293
306
303
288
280
291
289
294
297
313
292
280
282
292
315
270
316
297
280
282
287
288
308
294
306
286
285
284
288
279
306
315
295
290
282
293
286
291
302
309
303
263
294
284
289
318
302
287
257
294
285
287
306
307
293
290
284
288
265
301
337
275
293
284
292
283
285
315
285
282
320
267
284
282
313
302
290
290
283
304
263
302
308
297
296
284
289
282
310
287
297
298
287
291
279
278
320
294
292
293
294
280
279
307
300
319
268
290
286
280
295
305
294
299
315
270
278
287
303
295
301
294
275
294
275
305
298
296
298
298
281
277
296
304
318
273
297
288
277
290
302
297
302
289
300
298
262
299
293
301
300
297
280
269
306
296
296
299
302
285
276
297
293
295
315
283
293
278
288
295
293
299
291
325
260
283
291
287
306
302
298
279
283
296
289
295
302
309
287
263
297
323
263
300
308
294
277
292
290
279
307
329
272
280
287
288
284
303
301
296
286
299
281
284
291
302
311
293
279
296
271
283
324
292
301
284
291
285
281
296
300
309
313
263
288
281
297
303
308
292
286
312
258
284
299
314
295
285
296
280
281
296
308
301
288
294
285
278
298
293
309
294
291
288
277
292
297
333
273
288
292
278
280
296
