351
373
362
362
381
368
374
347
316
337
360
350
331
335
308
303
305
311
298
285
288
291
279
282
286
292
283
267
246
246
252
269
277
268
302
359
344
347
352
362
352
318
298
301
309
337
339
328
330
339
345
360
393
356
347
325
307
311
320
311
304
290
267
270
284
299
311
337
371
356
325
327
348
355
329
314
321
327
328
359
371
366
353
351
333
339
351
339
301
304
303
304
312
310
296
290
270
272
264
288
322
331
200
178
431
177
167
485
361
192
422
188
170
463
189
467
194
172
458
332
179
175
488
184
179
472
313
182
170
459
319
189
173
442
166
436
186
173
477
185
446
178
423
185
175
483
197
429
180
167
454
179
457
193
174
445
188
155
441
182
183
461
187
402
183
166
439
188
450
187
174
450
175
439
303
295
201
179
463
172
175
496
188
480
321
294
332
321
189
191
470
189
458
178
162
437
185
478
204
446
195
452
370
389
335
305
371
192
173
171
533
198
521
418
399
381
401
416
400
392
370
405
401
365
329
316
338
380
409
408
378
366
386
391
394
357
321
334
396
376
393
380
383
354
376
371
385
344
356
405
389
383
341
312
333
371
414
409
372
359
363
356
371
401
401
377
387
411
369
375
377
375
381
410
413
385
334
312
315
341
379
356
321
299
293
299
313
357
378
320
321
341
341
325
339
336
189
430
327
346
322
290
289
308
296
306
315
337
336
311
324
346
360
370
365
346
330
350
392
366
374
368
369
345
380
395
390
343
346
389
409
378
384
383
369
379
396
368
355
349
334
363
393
390
339
350
367
387
344
335
344
346
336
357
411
377
370
373
338
373
396
381
345
365
373
380
402
397
368
349
351
340
328
346
399
365
397
387
384
372
328
336
360
356
396
391
355
367
372
399
371
365
355
332
362
399
380
370
340
356
387
370
372
362
335
347
365
362
376
370
334
348
351
343
361
357
355
357
345
362
336
348
357
361
335
362
377
357
327
311
327
320
325
309
326
372
379
387
371
368
347
334
319
328
368
414
385
345
354
394
399
394
359
356
377
388
378
355
302
293
302
323
314
314
307
286
272
274
279
288
276
280
275
262
258
247
264
282
301
337
360
172
421
341
334
326
349
354
176
414
339
360
347
321
325
341
351
347
319
306
304
332
335
344
361
369
341
326
320
334
375
358
334
326
346
370
363
346
349
341
320
315
323
331
299
303
293
287
313
317
316
314
287
271
298
309
337
345
325
308
312
320
339
360
360
330
315
318
320
320
331
342
340
314
320
340
362
353
342
347
326
327
360
343
358
340
322
326
317
320
317
330
306
318
346
363
367
368
355
328
334
346
343
351
350
325
323
358
361
362
365
349
336
334
343
351
372
349
319
334
358
361
360
332
310
309
312
299
305
305
294
289
293
313
340
377
372
344
349
344
364
394
370
351
348
359
361
364
356
335
337
347
364
361
366
341
334
360
358
355
356
340
293
314
346
365
362
330
315
310
327
326
324
327
330
329
328
339
353
375
360
348
372
393
402
381
365
359
346
361
359
335
331
320
308
319
320
325
309
290
299
295
324
339
328
327
337
318
301
306
332
340
344
334
302
319
345
349
337
325
322
326
322
337
349
357
334
326
315
327
346
351
312
320
331
360
361
343
319
295
289
308
343
352
366
366
363
343
358
359
335
342
332
337
356
350
341
334
297
294
298
314
306
306
299
299
296
286
300
310
300
306
277
283
294
305
357
354
333
310
290
302
293
312
327
311
307
305
186
403
302
302
291
180
376
179
395
182
412
291
183
390
176
429
292
279
312
188
377
270
263
172
169
437
291
179
386
174
374
282
295
187
409
279
176
170
382
181
372
269
185
184
377
171
325
188
335
193
324
182
322
174
306
165
323
172
359
174
359
170
331
162
350
175
366
180
370
166
342
170
326
189
328
176
339
178
329
164
329
164
350
181
356
172
328
160
310
160
328
173
327
173
323
165
318
159
337
159
352
170
344
173
313
158
311
170
337
172
338
164
330
154
320
163
332
167
352
173
365
162
348
159
355
172
380
181
353
166
322
169
330
176
337
179
334
171
322
167
332
167
363
174
382
187
335
179
326
185
333
199
340
179
350
167
353
169
388
178
417
179
408
168
404
174
457
184
429
177
425
176
439
183
433
189
401
177
366
178
405
185
439
185
411
172
422
190
436
192
397
191
372
181
412
188
430
196
412
173
392
192
395
198
395
183
375
176
167
423
177
401
182
185
411
158
394
176
393
202
375
188
341
171
357
184
382
178
380
176
387
173
388
179
407
198
384
178
346
260
191
184
434
187
385
182
373
179
408
201
393
283
267
261
183
169
393
288
281
272
181
382
175
377
220
359
281
183
169
418
182
376
211
391
282
296
294
310
177
446
341
323
327
351
321
330
349
339
323
319
300
311
315
328
317
294
294
292
288
316
323
312
319
314
303
315
343
335
341
343
311
320
343
337
339
323
316
318
298
318
335
326
328
311
293
284
270
288
296
202
166
393
181
352
200
342
183
352
198
335
247
179
162
407
198
393
271
266
176
151
439
197
413
194
398
265
260
264
273
304
310
187
402
288
271
303
338
197
420
305
282
186
166
433
195
420
296
273
178
157
423
191
442
299
289
281
276
276
284
306
296
291
301
293
277
275
295
315
311
290
283
287
292
302
306
302
290
296
309
305
315
329
317
326
314
289
328
357
349
313
305
280
290
314
343
330
358
356
325
347
361
219
477
201
409
298
300
337
198
174
462
177
442
178
165
468
200
467
179
424
182
455
191
498
183
449
183
461
182
500
188
481
178
452
197
487
200
460
346
321
189
181
491
197
480
196
168
435
194
461
200
462
329
181
442
343
207
187
453
196
432
185
449
195
476
348
184
178
457
185
493
376
341
355
194
475
387
359
378
194
451
351
209
192
483
200
436
185
448
223
466
341
196
178
438
182
463
332
198
183
430
173
449
193
458
193
445
180
419
183
445
193
469
180
428
179
457
194
479
189
447
179
456
196
462
195
455
183
439
180
465
200
468
183
445
176
450
197
472
184
451
183
431
180
477
188
461
185
442
180
482
195
470
184
431
183
442
195
447
347
347
191
429
338
356
344
200
442
347
347
359
363
357
345
363
197
473
401
373
366
366
194
480
387
204
456
371
192
474
205
458
220
434
188
184
468
199
481
188
452
181
455
198
479
191
463
181
447
191
469
363
200
431
183
447
204
434
201
393
188
427
331
199
464
209
464
179
431
191
471
360
199
444
349
192
486
197
494
195
456
189
475
201
488
198
451
182
467
206
477
198
463
185
432
326
352
203
485
352
335
376
409
381
390
384
384
370
394
395
382
369
375
416
406
385
366
392
404
377
386
368
379
381
384
400
357
350
387
388
372
384
367
365
346
356
392
417
407
399
399
402
406
393
376
362
398
404
391
416
368
366
387
406
416
365
391
391
410
367
363
367
360
337
363
389
372
345
361
351
404
368
373
382
356
388
394
361
349
358
360
380
393
383
361
339
349
360
374
391
357
360
379
386
392
383
359
344
339
356
353
367
363
339
366
395
376
378
360
344
370
400
402
396
374
408
408
409
397
368
375
381
399
422
382
391
384
397
414
390
385
350
395
401
376
349
313
311
304
319
315
301
299
292
302
302
311
302
308
326
187
427
314
196
460
349
188
427
199
422
211
433
192
177
449
171
457
184
470
194
453
173
420
179
482
199
461
183
449
175
457
192
470
193
426
176
407
183
455
191
461
176
437
177
462
193
474
189
444
175
412
187
450
190
434
175
388
181
442
185
461
184
431
180
461
198
466
193
441
181
427
192
446
333
193
191
450
185
434
321
196
188
467
175
438
175
457
204
461
199
425
179
414
198
179
466
182
455
176
419
181
462
191
436
180
424
178
442
194
442
188
416
177
422
186
457
194
459
185
438
184
459
196
471
188
422
183
460
201
458
190
446
200
420
182
473
203
472
182
182
443
189
463
200
177
471
180
469
186
178
516
386
352
190
166
486
417
203
180
481
178
171
488
393
347
365
195
173
462
395
410
397
383
413
380
357
369
402
362
389
421
409
414
418
426
448
433
440
400
400
382
416
447
425
345
354
377
348
340
213
181
448
346
356
347
208
187
486
396
405
209
192
512
406
192
174
521
439
203
184
497
437
192
193
541
191
180
490
403
195
180
530
426
189
171
501
433
204
183
517
416
189
168
523
459
195
181
493
190
173
524
462
196
181
488
177
172
540
430
199
172
494
412
201
187
530
396
189
171
488
424
203
185
494
382
190
179
496
434
197
191
472
186
174
500
189
187
479
187
424
191
172
481
192
173
460
178
464
192
207
487
188
466
341
183
465
368
203
481
353
186
181
516
429
198
486
197
183
511
426
205
193
500
371
194
183
539
413
370
195
184
500
408
207
182
496
353
189
458
221
437
308
335
311
202
177
485
204
420
288
275
291
287
310
206
176
451
184
397
323
205
185
436
195
377
180
165
422
190
416
193
386
181
391
179
434
198
435
189
416
179
404
195
445
190
408
186
177
430
185
431
309
190
182
411
172
397
188
403
201
379
273
187
168
419
201
413
195
181
439
299
308
347
208
487
357
346
194
178
451
