88
354
347
366
338
328
336
360
372
349
355
331
181
497
369
379
365
400
364
407
401
400
369
376
372
392
390
377
362
371
180
577
366
355
335
347
380
408
429
394
380
375
398
398
385
385
373
373
398
395
358
360
371
386
391
393
356
366
368
378
373
367
395
421
427
417
396
382
385
374
395
401
394
364
381
387
404
383
355
341
354
395
431
444
435
407
436
423
392
376
370
366
393
396
350
351
358
376
448
484
417
392
401
397
392
390
368
377
393
393
391
376
371
382
397
390
383
386
370
371
388
399
355
346
346
375
467
444
371
384
388
396
368
369
353
356
386
387
379
374
352
364
395
402
377
372
371
391
392
403
361
383
368
404
383
422
360
353
368
417
393
401
372
369
376
410
383
381
375
368
380
398
399
367
382
371
384
389
390
376
348
374
355
393
355
451
431
470
429
401
381
381
384
400
389
386
353
379
382
416
394
359
373
394
368
395
385
361
386
388
380
368
357
340
344
380
394
459
411
279
536
449
416
358
383
351
393
368
388
371
379
382
389
424
401
385
366
397
398
393
371
371
373
398
362
380
360
365
342
376
424
457
435
379
418
419
371
353
362
376
394
376
369
362
363
362
369
364
373
444
403
421
416
384
384
375
381
399
415
379
154
263
355
392
397
406
391
356
411
412
388
400
362
384
406
396
387
384
380
372
419
388
391
373
381
370
420
399
383
382
394
390
416
380
369
388
402
400
393
391
342
367
381
398
376
375
359
382
385
404
372
384
382
376
401
414
360
394
374
391
403
388
380
367
394
392
394
363
357
340
365
381
385
481
439
411
401
416
373
382
386
383
415
386
373
376
389
402
389
389
376
375
415
404
404
388
385
382
421
402
390
399
382
411
411
407
381
391
395
404
416
388
380
395
392
407
386
383
355
394
384
385
367
370
372
383
415
370
362
374
382
378
394
369
358
358
400
490
444
398
394
380
399
375
391
353
360
387
393
389
382
377
377
383
403
387
364
361
378
382
399
382
361
378
376
387
393
374
371
357
387
382
372
361
351
338
380
425
453
396
381
377
396
392
363
349
369
345
344
197
580
406
373
390
368
398
364
353
375
390
380
378
368
344
365
483
452
405
388
377
390
407
373
354
374
359
384
384
359
335
362
370
452
461
211
580
420
391
375
377
376
361
370
377
370
356
465
455
415
419
385
370
377
395
387
397
371
362
370
393
368
379
394
455
432
236
574
399
361
369
377
394
369
355
364
356
367
444
427
378
375
375
389
405
381
357
394
391
378
384
375
368
378
404
375
360
374
345
367
466
479
421
401
390
392
217
532
347
362
358
410
449
387
385
385
405
385
388
370
373
386
402
369
375
360
371
375
375
379
347
467
423
412
398
405
378
408
376
389
379
352
362
363
407
380
370
374
363
352
463
500
403
435
384
422
411
363
367
399
399
401
376
357
362
373
401
382
390
355
369
391
406
393
391
382
389
405
404
376
366
381
387
398
386
367
348
357
351
390
454
386
364
399
390
385
360
349
336
345
428
341
345
328
461
400
440
380
355
353
368
359
369
360
484
234
478
516
369
394
366
366
401
391
375
363
346
374
579
187
279
392
414
394
398
414
385
376
380
391
386
371
356
356
462
443
407
386
365
378
386
370
379
340
384
368
391
384
361
352
355
444
475
446
386
382
397
407
394
390
372
362
395
390
388
368
365
368
385
381
354
392
419
404
380
380
354
347
356
350
375
379
361
352
357
384
361
371
368
352
348
386
389
387
363
364
354
373
387
422
427
401
388
402
405
364
346
408
411
399
395
376
365
380
381
360
379
371
555
285
418
399
401
369
381
395
388
365
367
361
358
371
452
436
415
400
412
405
388
374
365
423
392
388
389
364
392
401
392
365
407
372
397
398
402
379
368
379
387
401
375
373
369
382
377
420
381
348
402
387
188
581
382
357
367
381
387
366
354
361
373
512
463
404
396
378
398
401
390
359
383
380
381
388
372
337
349
376
474
439
419
402
400
416
393
382
369
384
376
405
367
373
357
377
382
380
390
538
444
429
395
406
363
369
391
391
385
377
362
364
385
396
373
390
365
374
393
390
374
364
380
387
395
409
374
373
386
394
395
373
374
389
396
403
414
374
385
400
390
402
402
381
393
372
407
401
375
372
376
383
384
392
363
357
375
377
346
391
346
358
463
440
405
354
394
370
394
404
389
361
375
362
387
383
368
347
355
383
418
386
367
341
340
354
351
350
341
341
332
345
351
342
337
329
324
323
341
361
346
342
334
342
341
352
350
328
325
320
339
335
340
339
304
320
312
328
324
321
330
318
301
343
349
360
338
338
325
292
209
465
329
308
282
312
313
303
319
317
309
305
300
316
325
354
345
332
327
314
350
343
322
338
349
320
352
377
367
329
343
334
345
362
370
364
315
325
351
318
467
369
348
340
509
410
375
374
319
326
343
405
370
444
340
346
370
397
555
445
416
385
392
385
335
358
450
346
385
437
352
381
385
394
403
383
371
330
407
417
488
367
397
394
411
389
390
356
383
383
393
428
616
364
412
400
421
378
357
371
409
387
389
542
484
443
394
378
369
360
391
387
393
564
412
400
418
408
370
364
370
361
373
415
439
437
433
404
384
383
368
355
384
375
363
354
372
357
402
389
374
356
360
356
395
470
343
352
370
365
373
362
344
341
342
363
357
351
327
329
350
338
361
336
350
337
317
350
346
360
338
318
180
494
344
358
352
331
314
334
351
361
359
360
339
344
340
363
337
348
337
307
328
348
355
348
341
343
323
336
359
334
322
317
317
315
342
357
323
339
343
322
339
334
339
330
320
297
317
328
330
313
328
316
310
327
339
338
315
331
319
299
334
344
353
321
330
329
323
348
363
347
331
328
342
332
354
356
338
313
325
328
345
340
321
336
324
323
343
348
338
324
333
323
331
359
341
331
365
336
351
330
204
541
309
320
335
324
320
346
319
290
299
323
330
345
334
337
302
307
319
340
342
334
337
320
321
328
333
333
320
309
323
327
339
348
329
338
309
350
351
336
362
350
336
323
356
344
350
361
317
337
361
372
333
360
342
324
339
172
530
346
312
333
352
325
351
375
328
341
332
380
355
372
352
336
350
345
385
371
348
342
359
343
381
351
341
336
363
318
344
384
332
361
354
331
417
378
371
370
362
343
379
347
370
331
187
536
373
325
375
220
510
204
429
373
352
354
355
320
390
363
345
370
361
368
357
374
370
366
359
346
367
353
369
363
330
354
373
359
385
349
343
333
357
363
380
332
349
345
360
350
374
367
344
377
377
367
381
336
366
365
402
347
380
340
366
347
423
388
382
387
360
349
419
369
363
389
343
470
471
402
353
384
374
378
398
346
365
436
459
414
418
367
383
362
433
390
388
368
369
377
418
401
392
367
389
380
382
378
366
360
380
355
367
362
349
367
357
437
432
359
385
373
352
388
340
333
398
329
427
375
332
361
337
338
374
406
340
383
370
342
400
374
389
321
369
377
344
398
343
354
330
175
518
333
319
373
322
336
341
405
323
344
377
320
342
391
376
324
399
348
344
400
355
366
311
358
340
384
348
343
351
321
341
388
340
362
343
355
361
343
388
342
347
322
342
371
357
350
334
332
364
358
352
390
349
360
361
387
364
376
342
345
358
380
365
354
347
331
348
364
368
358
335
342
331
348
352
346
322
318
318
317
327
337
331
311
303
322
318
324
321
315
307
298
298
314
311
305
303
301
298
299
313
330
318
323
308
315
307
310
328
313
297
283
173
408
287
298
308
293
283
277
279
294
293
295
313
293
283
287
289
307
311
300
308
293
280
291
292
318
304
301
304
290
282
296
303
313
306
297
300
295
299
305
308
215
407
284
304
301
304
310
311
312
293
287
305
306
313
313
308
306
297
302
321
320
316
319
301
311
301
316
335
329
302
303
310
326
338
352
353
321
319
327
327
329
339
322
301
294
290
334
319
322
331
317
308
315
335
332
322
317
301
298
