197
292
315
323
303
309
301
304
297
320
317
301
308
308
299
292
315
318
306
319
299
295
296
327
317
306
311
304
303
302
319
310
309
320
307
301
305
328
332
318
320
315
308
316
333
322
313
319
303
300
315
316
327
303
310
300
292
321
323
307
305
322
307
299
321
325
325
313
314
306
301
331
330
327
311
314
309
306
320
327
308
317
312
300
304
325
336
324
319
309
316
322
333
329
306
314
310
310
312
324
337
317
316
310
304
328
332
323
304
306
312
304
325
327
321
317
318
308
302
327
329
309
300
299
302
301
330
320
311
319
313
312
309
324
329
319
319
301
300
316
329
323
305
316
311
307
318
333
330
315
312
304
299
326
330
330
303
305
308
304
323
308
318
305
311
308
297
319
332
321
312
299
284
326
330
320
311
312
311
302
288
318
316
312
318
303
299
302
325
319
307
313
301
304
298
313
315
307
315
300
292
292
315
319
315
299
298
300
298
317
310
309
299
301
293
283
291
317
301
287
286
282
278
295
312
306
294
302
300
286
288
310
310
302
306
300
296
286
316
309
304
289
300
289
286
313
315
306
301
298
287
283
308
311
311
303
306
296
302
317
316
313
305
309
303
303
307
322
326
317
316
307
303
326
333
320
307
311
309
302
322
322
325
303
311
313
298
306
324
317
302
316
298
287
320
317
313
300
316
299
292
319
319
312
307
303
293
290
319
319
311
306
296
302
298
319
318
321
307
307
296
289
313
330
320
304
303
309
301
321
321
321
300
311
299
293
320
324
308
298
303
300
295
322
319
316
311
320
307
297
318
321
317
307
302
295
295
323
322
314
305
305
305
311
317
315
326
316
312
297
302
328
325
306
313
305
307
292
319
318
306
313
307
299
300
318
324
308
311
304
295
293
325
318
303
310
309
306
292
313
321
304
312
303
291
290
327
324
310
301
309
303
301
324
320
308
322
306
298
297
327
322
314
314
307
308
314
326
320
309
310
305
307
303
319
325
308
309
296
301
307
329
331
310
313
309
297
303
317
324
303
311
298
296
306
324
311
301
308
302
304
305
325
321
311
319
305
302
315
325
332
314
303
296
301
322
327
317
307
310
302
292
322
321
333
311
305
308
304
325
331
320
308
313
311
304
317
323
321
316
306
303
300
324
323
313
306
302
306
308
330
324
312
327
314
303
307
330
323
311
312
295
298
304
321
324
307
316
306
306
308
327
318
308
310
304
304
313
323
330
309
309
302
309
316
311
320
310
310
306
296
314
318
327
302
301
297
292
314
325
317
301
310
305
298
307
320
321
308
316
297
284
320
323
310
294
303
295
297
305
313
317
311
312
298
295
312
324
327
312
304
302
310
318
319
321
306
309
306
292
256
369
324
298
292
286
288
296
316
306
293
306
299
300
288
335
322
309
314
315
305
311
334
329
304
308
300
310
319
319
334
317
315
307
296
323
325
311
301
311
294
291
312
310
306
297
302
293
291
304
309
310
296
299
287
295
292
315
312
295
303
299
296
287
306
313
302
307
307
297
289
312
314
307
297
298
297
295
313
308
311
298
302
294
286
313
318
312
297
301
292
286
311
316
314
295
301
299
299
293
309
311
304
300
290
301
278
310
310
295
302
291
285
283
306
309
302
291
302
295
288
306
317
309
293
294
298
288
307
319
316
300
311
303
302
315
321
320
306
318
302
309
315
332
314
304
312
308
311
307
319
324
299
309
294
295
322
330
324
321
220
353
306
328
323
330
293
312
301
298
324
327
323
312
310
298
302
333
321
316
314
313
298
294
317
314
320
316
301
303
303
330
320
307
319
307
304
305
323
316
307
325
307
295
301
324
330
316
313
313
287
304
326
313
309
311
302
301
298
309
319
313
317
300
306
306
335
312
303
312
308
301
305
320
321
324
312
298
293
282
325
317
302
307
304
303
315
323
322
322
319
309
305
321
336
320
311
308
299
310
298
316
314
303
304
299
294
306
319
328
311
311
302
301
329
334
325
306
310
300
293
315
311
310
309
313
298
294
327
327
335
280
303
300
291
315
323
312
310
300
298
292
318
317
318
303
305
287
293
324
322
314
305
312
313
299
313
321
330
310
298
300
299
323
324
330
298
294
306
293
310
309
320
306
306
300
305
326
338
328
312
318
310
312
335
328
312
324
313
312
302
328
328
309
313
307
300
313
338
310
304
309
292
300
299
317
305
305
311
300
309
284
317
320
304
307
299
302
293
327
299
303
304
296
294
289
310
319
311
302
299
300
293
321
310
314
305
309
299
296
315
319
324
315
302
295
297
321
317
305
310
289
296
294
309
308
306
300
303
292
288
313
320
321
297
301
297
307
294
305
310
293
315
272
285
288
313
317
300
295
298
295
291
317
310
297
297
302
281
278
306
308
304
294
298
284
288
315
315
314
299
295
293
299
308
312
312
315
308
295
293
305
328
310
285
301
289
298
294
317
313
308
309
310
309
301
321
327
314
316
307
311
308
329
326
309
308
308
301
305
322
319
306
309
308
282
298
327
317
301
306
303
291
309
320
320
307
315
313
286
302
314
308
305
301
291
295
301
312
300
297
302
293
294
283
307
309
314
298
297
295
287
322
324
314
301
306
304
297
317
321
311
307
308
301
294
324
325
321
306
308
297
297
314
312
308
302
301
290
282
311
311
315
300
305
299
298
309
317
316
302
306
299
296
306
321
328
304
307
301
300
323
330
325
306
314
313
301
320
327
317
313
309
300
296
327
322
319
310
311
304
298
325
326
314
318
312
304
291
322
318
312
313
302
298
304
324
321
308
320
306
302
303
324
323
321
313
304
306
307
326
326
307
312
308
310
313
325
331
305
319
314
309
318
324
325
314
303
304
300
323
321
317
303
310
302
292
318
323
324
313
309
300
304
330
326
320
318
315
315
310
324
322
329
324
310
310
308
330
321
308
309
301
308
312
327
325
306
319
317
310
317
340
333
314
315
305
306
333
327
324
314
320
303
295
325
322
321
313
311
300
311
329
328
314
323
311
312
309
328
320
318
317
304
298
310
330
330
309
316
310
308
308
315
323
303
316
309
299
310
324
326
307
305
306
295
325
336
332
315
323
325
315
334
336
316
323
309
303
305
330
325
309
316
310
307
312
329
334
317
325
312
305
332
339
336
326
322
322
311
332
333
324
330
320
318
319
332
339
316
317
308
307
318
331
325
308
318
308
302
323
330
327
314
310
304
301
328
328
315
308
315
311
314
328
326
318
324
310
303
304
330
332
320
323
308
315
318
322
323
307
310
300
293
308
318
329
305
302
300
295
303
320
313
296
305
301
297
303
320
318
316
320
308
297
320
333
318
306
313
300
301
313
319
319
310
308
300
288
314
314
317
297
294
287
292
301
313
309
297
297
297
297
294
311
312
305
301
284
284
280
307
311
302
294
302
302
290
312
315
317
305
304
293
286
311
322
313
294
303
293
287
311
312
309
299
306
292
291
300
311
311
298
296
284
288
294
307
303
297
300
293
294
284
307
312
315
298
304
298
297
324
324
312
304
308
306
296
308
315
310
301
302
294
289
317
324
321
297
306
289
293
318
314
309
301
306
297
287
311
312
316
295
288
282
286
285
298
289
293
276
294
267
269
294
290
297
283
291
279
285
286
314
315
310
286
305
277
279
290
297
293
279
282
271
273
268
308
287
286
279
281
275
273
298
292
288
275
291
278
276
267
295
290
294
286
281
276
275
293
298
295
278
291
277
278
274
288
289
294
283
282
272
274
282
300
299
291
290
281
286
277
299
294
300
283
293
288
282
288
307
308
293
291
294
287
292
319
309
303
303
300
291
284
308
304
310
304
294
289
282
309
301
291
282
290
281
281
278
295
295
301
294
291
285
283
296
309
308
291
288
299
295
301
317
319
300
311
300
294
296
317
318
300
295
293
294
305
318
314
299
309
301
296
293
315
306
301
309
295
289
288
304
306
302
297
288
295
296
315
318
320
311
309
300
299
314
325
320
307
306
311
299
322
323
317
306
307
295
293
316
325
314
305
302
291
290
322
318
312
300
307
296
291
314
321
305
300
306
295
291
327
322
318
305
314
297
287
311
315
311
306
302
283
284
304
307
303
291
294
285
293
293
304
306
301
306
301
295
296
315
320
303
304
296
289
283
318
311
304
291
302
293
289
307
316
312
298
296
284
280
308
309
310
293
300
290
297
292
312
310
303
305
297
291
296
311
315
300
309
299
302
294
312
308
305
291
296
293
286
311
320
310
296
299
297
288
314
314
313
298
307
297
287
309
319
319
303
304
297
292
314
315
309
294
304
294
290
299
312
309
304
303
283
293
282
297
305
299
296
279
284
282
299
296
298
281
287
281
273
278
295
300
295
291
283
283
277
299
305
300
285
291
288
281
285
302
303
286
298
289
288
282
315
315
308
299
298
292
291
317
320
312
303
298
297
289
308
313
317
297
299
286
293
316
314
316
301
303
299
286
306
311
320
300
301
294
294
310
328
313
298
312
307
296
300
320
318
308
305
291
295
309
321
322
299
305
293
297
301
311
306
298
304
298
292
295
319
321
305
309
296
301
295
315
311
316
285
296
293
287
304
311
303
292
282
285
279
293
306
301
280
292
285
280
268
289
292
281
272
273
266
264
268
293
280
283
276
280
273
274
288
286
285
274
277
268
276
259
284
273
286
293
278
270
267
274
284
285
275
268
269
266
270
257
277
284
292
274
282
274
292
278
288
279
313
285
270
308
256
317
301
304
289
303
247
310
283
305
299
283
289
282
276
273
298
296
286
279
304
287
277
290
304
307
296
296
285
286
285
292
291
293
283
