124
258
262
248
257
244
255
243
256
245
238
250
248
249
245
249
248
249
256
247
248
242
256
248
244
252
249
252
255
260
256
254
263
255
253
250
260
256
253
263
255
250
257
260
258
245
267
245
255
258
255
253
251
263
250
251
245
248
251
243
260
249
250
255
255
259
251
255
248
253
255
259
246
251
255
249
255
247
255
250
257
261
258
255
257
256
257
251
258
244
254
251
257
247
248
256
246
256
246
252
248
254
252
247
245
248
250
247
246
248
248
250
247
255
249
250
252
250
256
244
251
246
249
249
250
244
248
249
248
250
243
246
250
248
249
250
243
243
251
243
243
243
243
246
247
253
249
247
249
253
252
245
254
253
248
257
253
252
246
257
251
251
251
254
253
246
261
247
249
256
253
252
245
254
244
252
248
247
249
245
259
250
250
250
254
249
253
261
254
252
258
261
254
247
260
252
255
262
256
251
253
266
255
258
259
257
255
258
261
254
256
259
257
253
243
252
247
248
255
250
249
250
254
249
252
251
253
252
251
258
249
253
254
251
255
249
256
251
252
252
254
249
248
256
247
252
246
251
254
251
257
249
254
256
263
259
254
258
259
254
258
258
256
254
265
257
258
261
257
264
259
264
258
258
267
262
261
255
258
254
257
259
255
246
263
251
257
249
259
256
252
262
249
252
249
255
248
241
254
248
248
253
258
256
254
266
257
255
251
256
256
252
263
249
247
260
254
253
247
259
253
258
262
260
249
257
260
256
250
257
253
255
255
263
250
256
267
262
263
256
263
253
263
267
263
259
267
259
261
254
260
257
255
265
252
259
254
262
252
253
252
250
249
251
249
246
247
252
247
252
242
249
241
248
243
245
243
242
250
242
248
239
246
245
246
244
248
239
246
248
246
248
243
247
255
253
255
248
252
248
256
257
249
257
249
258
249
261
251
249
257
253
252
241
250
243
246
251
244
246
242
250
247
242
244
245
245
239
254
242
242
247
252
244
239
251
243
244
247
253
249
244
262
251
255
247
259
252
257
260
254
253
258
259
259
248
259
250
254
261
255
253
252
264
256
252
256
254
254
263
265
255
259
267
263
253
262
250
257
256
263
255
255
257
255
252
241
258
244
249
252
254
248
253
257
250
252
246
247
249
246
255
241
248
247
254
250
249
256
242
256
248
258
246
248
255
251
252
247
252
250
252
256
252
256
249
257
250
250
252
242
252
246
252
247
244
251
251
249
246
249
249
250
254
250
254
249
253
250
251
244
251
247
247
249
251
246
246
255
249
247
253
248
246
250
254
246
241
251
248
251
242
255
251
250
257
254
255
252
266
259
256
259
259
253
260
255
254
248
265
254
257
252
258
255
259
267
259
255
265
261
259
251
259
256
258
266
256
257
259
259
257
250
261
254
254
262
256
257
254
262
250
249
252
251
243
253
250
249
246
258
249
251
239
258
245
247
253
252
250
250
258
253
254
251
253
255
258
258
253
254
261
258
257
249
259
247
255
257
253
255
250
262
250
256
249
251
252
255
257
253
252
255
256
257
254
257
256
256
260
254
262
257
268
261
256
261
255
261
254
260
253
254
259
258
254
252
257
256
256
262
255
255
263
258
257
251
255
255
254
259
255
254
259
262
259
253
258
255
258
263
261
259
255
266
261
255
265
259
261
268
268
267
266
271
269
256
270
264
260
267
260
258
258
267
263
256
268
261
258
265
262
261
260
269
259
253
262
254
259
261
257
252
259
258
256
251
248
254
246
247
251
247
237
249
252
249
240
256
241
250
252
256
247
247
257
250
252
243
248
249
249
252
253
247
254
260
253
254
253
251
250
250
253
248
246
248
252
247
248
252
248
251
252
253
247
250
250
247
251
237
252
246
245
252
245
250
247
255
250
252
248
249
247
254
249
245
244
246
249
246
239
246
242
245
247
248
246
245
250
251
252
242
251
245
248
251
250
248
246
255
249
249
248
244
251
250
259
252
251
260
254
256
241
257
246
250
253
254
252
251
261
254
250
255
254
251
256
255
254
248
263
250
252
247
253
250
247
259
250
247
254
258
257
246
261
251
254
260
257
249
250
262
254
253
250
255
248
255
256
249
246
254
254
250
247
254
248
244
251
251
244
248
257
246
253
246
256
245
254
250
249
248
249
257
246
246
251
248
248
252
256
247
250
257
253
256
244
256
244
249
251
245
244
244
253
247
251
245
250
254
256
257
251
250
252
253
254
247
249
247
248
250
253
247
250
256
258
257
254
257
259
255
257
250
255
253
257
260
257
270
267
274
226
347
292
302
285
269
270
263
260
260
254
259
247
264
251
255
247
254
252
250
258
247
248
249
250
251
239
250
246
248
251
252
250
243
260
251
251
247
252
248
248
255
252
242
245
252
243
238
248
240
244
247
254
245
244
256
248
248
243
255
252
249
256
258
249
252
259
253
247
253
247
250
247
250
245
244
251
252
244
241
253
239
245
250
249
245
247
253
250
246
242
248
243
244
248
248
241
241
254
191
295
242
251
245
255
254
254
255
255
261
257
252
256
248
251
253
249
250
250
260
249
258
248
254
252
253
256
245
250
248
250
248
245
247
246
248
249
249
246
246
252
248
249
237
247
241
243
244
243
238
238
244
241
243
236
242
244
243
250
244
246
240
254
245
245
240
243
237
239
245
238
236
237
243
242
237
235
238
241
239
243
240
240
237
247
241
239
239
243
241
240
252
239
242
242
251
240
238
242
242
240
239
243
238
238
241
244
242
239
242
245
247
241
249
245
238
246
250
243
237
248
242
241
248
248
242
241
249
247
249
238
252
243
244
249
251
242
249
253
249
246
242
250
245
247
254
247
249
245
255
245
244
249
247
245
248
253
247
251
256
255
252
252
257
255
255
262
257
256
256
263
253
255
256
253
257
254
259
251
251
262
253
259
251
257
252
256
257
251
250
257
252
259
247
257
251
260
261
260
257
257
258
261
250
254
248
254
258
257
256
253
263
254
255
252
254
253
256
257
254
256
259
253
259
251
258
257
256
259
256
253
257
257
258
248
259
254
257
257
260
249
249
258
256
247
250
251
254
254
256
254
248
254
253
256
245
254
250
252
256
254
248
252
258
253
250
258
254
255
256
260
252
250
257
254
255
247
258
251
250
256
252
249
252
256
252
247
253
251
249
253
256
250
247
260
251
256
250
264
260
262
267
262
262
267
267
263
256
266
257
259
266
260
258
262
271
262
255
265
256
261
263
255
252
255
257
247
249
251
249
249
256
259
254
254
264
254
262
250
257
249
255
255
242
249
253
250
252
245
257
248
252
254
251
251
249
261
246
254
249
253
257
260
259
257
258
268
257
261
254
253
257
254
259
253
252
253
255
262
248
261
261
262
267
261
266
264
264
268
257
263
260
261
262
258
260
256
261
257
255
255
257
253
254
256
251
249
258
249
249
248
251
250
250
256
251
251
253
258
256
247
254
254
255
255
260
253
251
265
255
255
250
257
254
252
261
252
246
258
256
256
245
258
250
250
256
258
252
251
265
256
257
261
257
255
258
262
253
252
262
254
256
248
256
251
255
261
255
250
258
258
255
247
260
249
251
253
257
250
249
266
250
255
257
256
256
265
269
257
262
273
259
265
260
256
260
262
266
259
261
271
260
262
262
261
257
268
262
258
260
266
259
259
266
256
260
266
265
264
262
271
259
262
259
255
258
262
261
256
258
263
258
258
255
258
261
264
264
258
260
266
259
259
253
255
257
257
262
257
256
260
263
265
257
263
260
263
263
260
258
257
258
259
254
260
258
260
261
266
260
256
266
259
258
258
258
258
259
267
258
260
266
261
262
260
265
260
263
267
261
260
265
261
259
258
262
262
263
269
261
258
269
263
262
259
262
259
264
264
259
255
269
263
266
262
267
265
266
272
264
259
268
263
262
263
263
258
261
268
259
255
270
259
262
260
262
260
258
267
256
259
263
263
257
256
264
259
265
267
260
260
269
262
261
256
261
258
260
264
255
254
264
257
260
254
262
259
261
270
256
258
264
263
261
255
267
258
264
269
264
264
271
268
269
262
268
260
260
264
257
258
260
261
257
254
262
256
261
265
260
260
261
266
260
253
263
256
261
261
259
258
257
267
255
259
255
258
259
261
261
256
256
264
258
260
254
257
260
259
265
257
259
263
263
268
254
265
260
262
266
261
258
259
261
261
253
262
260
259
268
263
264
266
268
267
257
268
263
264
268
268
265
270
271
267
264
272
270
269
277
267
263
275
265
263
263
262
261
265
266
262
259
274
270
261
270
264
262
266
264
259
257
269
260
257
262
257
257
262
265
262
254
268
258
256
259
258
258
261
267
257
258
271
264
263
265
266
260
266
265
256
258
267
258
251
256
255
255
255
267
254
262
266
262
260
253
263
255
263
264
259
257
267
264
267
259
267
262
269
271
261
260
265
266
260
257
261
255
258
263
260
257
263
264
265
255
267
257
260
265
262
265
263
266
263
260
266
259
261
268
262
264
264
269
267
259
270
260
268
267
264
264
265
270
266
263
265
267
268
270
267
264
268
269
270
258
267
262
264
268
261
264
265
266
267
257
263
260
262
262
259
261
261
263
262
253
261
259
259
264
262
262
266
265
266
257
262
265
258
265
261
257
265
259
265
249
262
258
262
263
260
259
260
268
262
254
264
262
262
270
267
264
266
274
272
259
274
264
267
271
265
261
267
266
263
256
265
263
258
271
263
262
270
267
270
258
270
264
263
270
265
263
270
270
265
263
272
266
267
274
263
264
269
263
263
255
265
257
263
268
257
263
268
268
268
260
268
261
266
273
260
263
274
268
271
268
267
269
277
279
263
267
276
266
269
269
260
265
266
265
264
261
274
264
265
270
261
266
271
266
265
269
269
265
262
267
264
268
272
265
268
269
270
266
255
265
257
264
264
258
259
267
264
267
260
265
263
268
269
262
266
265
266
267
258
264
259
264
267
261
262
268
263
266
260
264
261
262
265
260
260
263
260
262
256
261
262
259
264
259
257
263
258
263
250
263
256
258
259
257
258
256
264
259
254
259
260
258
263
262
260
255
267
261
256
258
257
259
254
265
253
255
262
259
259
255
260
257
259
264
262
255
265
259
263
251
265
257
256
264
255
257
258
262
257
253
260
258
254
263
256
258
259
266
260
253
267
260
262
265
264
260
264
268
258
255
260
258
253
263
255
255
258
265
261
254
267
257
261
266
263
259
263
269
262
257
267
260
260
267
262
260
263
267
256
254
262
255
254
261
257
258
259
266
261
253
267
257
263
270
264
262
260
271
257
258
262
255
262
264
264
258
263
271
261
261
263
258
261
263
262
255
258
266
259
259
261
258
260
265
264
260
258
268
258
260
258
254
259
257
262
254
259
261
259
261
256
260
258
261
262
257
256
259
256
257
247
258
253
259
260
258
261
259
265
263
255
260
258
259
262
260
258
255
267
259
260
260
257
263
260
267
259
256
268
260
261
259
261
260
265
267
264
262
273
269
266
270
265
265
267
268
265
263
272
267
256
271
263
262
267
262
265
261
269
263
251
267
255
260
259
260
254
258
262
261
253
264
260
259
268
262
262
259
268
267
253
268
259
259
265
263
258
260
267
262
255
267
260
262
266
264
260
261
269
260
257
265
262
260
266
266
258
263
268
260
254
264
259
256
263
257
256
254
268
255
256
259
257
258
261
266
257
259
269
259
258
258
257
256
261
265
256
256
267
259
263
258
261
261
262
266
257
256
265
257
