170
413
383
360
378
390
417
361
379
395
370
335
348
386
368
321
379
432
393
351
401
387
334
193
403
405
377
368
380
412
395
358
377
376
378
366
370
372
384
334
352
410
374
329
358
379
389
357
367
380
379
340
399
410
391
353
360
362
384
368
358
404
356
367
409
407
351
341
383
381
358
383
390
367
325
401
406
387
383
384
369
365
364
357
370
354
365
391
386
341
365
383
390
379
371
396
381
332
367
406
391
352
357
358
392
364
360
398
375
337
394
397
356
343
386
348
371
365
356
358
328
352
400
419
363
369
379
390
370
372
396
381
329
376
411
386
351
351
350
394
363
377
404
389
380
407
404
357
378
371
417
380
372
377
373
318
375
411
379
345
358
363
363
331
373
375
363
319
412
409
371
348
357
381
404
375
373
386
373
334
335
372
408
314
282
287
337
317
331
453
451
396
456
424
428
393
386
420
432
389
351
371
418
406
356
389
380
358
349
355
370
375
370
338
390
412
382
314
315
356
418
390
378
397
373
351
379
376
377
342
354
391
422
360
346
353
324
380
420
416
361
381
385
400
352
358
399
380
346
390
418
387
364
370
397
397
358
380
383
382
377
362
364
372
339
349
433
405
369
386
390
380
342
348
362
366
323
343
419
403
380
375
379
400
363
358
390
376
322
366
410
397
350
359
382
402
371
322
354
354
321
403
422
392
353
368
388
374
370
379
374
333
378
381
372
352
358
369
410
381
363
393
391
342
353
390
410
375
394
411
424
374
384
387
385
391
397
387
388
354
363
430
381
335
348
363
384
356
372
377
370
320
371
390
364
360
353
383
410
367
346
382
400
320
345
398
409
374
384
392
390
361
379
386
346
359
378
390
386
356
178
356
375
351
318
359
398
380
415
413
390
358
362
186
419
370
376
398
363
346
389
411
372
350
373
415
392
344
372
364
358
376
379
378
384
344
340
413
401
344
374
379
373
399
412
383
322
362
422
409
356
385
372
377
383
393
382
370
341
355
409
392
350
359
382
410
361
363
383
377
322
392
409
371
353
364
350
377
360
358
371
378
348
384
378
375
330
346
358
397
367
366
390
361
312
376
401
387
341
358
381
397
362
366
363
351
353
365
375
367
359
182
366
413
393
355
367
378
350
337
350
387
342
342
372
432
367
361
385
367
365
370
384
371
332
340
389
397
339
356
358
358
379
371
384
383
363
350
426
398
326
371
385
366
392
405
376
333
324
330
422
376
395
391
360
355
390
383
381
362
347
401
397
350
334
356
351
346
362
376
387
330
305
411
401
358
369
384
370
373
405
377
385
366
348
385
392
377
330
358
396
408
353
377
393
341
355
376
369
353
319
350
391
370
337
358
359
326
369
395
377
390
359
365
413
397
337
367
375
364
374
385
373
350
313
316
389
398
359
366
366
354
366
389
374
349
354
359
413
379
352
373
365
390
356
356
378
383
337
400
420
359
335
346
356
398
377
379
367
348
310
360
350
367
360
342
330
371
353
343
386
387
330
381
403
386
344
351
359
398
359
335
365
381
352
405
398
372
342
353
363
410
377
360
358
339
311
295
280
292
298
273
262
278
487
445
339
297
289
272
436
410
373
367
396
397
406
401
393
335
300
318
363
376
375
383
359
321
345
324
350
385
389
342
325
301
280
273
268
266
241
290
370
355
340
416
392
430
429
396
406
404
381
380
358
372
379
359
412
416
400
378
321
311
411
400
356
408
404
391
391
376
361
360
341
315
332
396
402
369
367
404
421
387
361
349
352
398
372
363
380
377
333
330
367
385
371
327
336
424
397
336
343
362
348
359
367
360
371
346
340
364
367
346
333
344
365
363
317
345
425
399
356
436
444
384
317
342
394
421
366
372
389
373
427
410
393
347
317
353
439
387
377
400
393
394
430
417
382
341
342
403
401
371
340
342
361
418
355
334
387
381
355
397
411
368
327
355
381
362
332
352
363
327
358
401
375
334
343
346
338
342
354
347
364
314
308
342
345
324
369
375
354
362
391
384
396
346
318
394
427
374
360
391
376
352
374
390
339
312
323
377
324
326
425
404
364
418
385
328
307
336
360
356
371
380
359
324
347
410
381
326
314
327
333
344
355
349
382
339
336
409
396
337
328
326
338
346
343
364
399
338
319
396
359
302
318
373
363
346
406
386
350
309
308
376
428
379
380
371
327
328
329
319
309
294
270
255
298
347
411
384
396
403
401
427
401
394
355
393
404
372
338
318
344
378
408
378
353
390
345
355
302
283
301
343
276
267
301
493
427
430
418
405
434
389
393
394
396
416
387
403
396
379
380
422
400
369
340
325
403
408
331
376
406
381
347
348
352
377
352
351
436
393
355
355
380
384
394
385
385
396
354
367
394
393
372
353
362
394
362
329
395
383
350
381
374
392
355
343
373
417
370
309
358
371
368
396
390
368
313
332
355
414
351
369
395
361
356
378
382
340
305
348
392
403
363
371
368
325
383
406
376
354
380
363
386
372
372
381
354
315
373
409
409
381
390
391
418
400
401
352
345
411
369
363
349
343
295
365
394
366
330
340
338
335
315
306
303
309
282
295
342
378
326
310
335
356
306
315
326
330
293
291
324
381
388
400
388
355
380
422
376
364
396
358
363
408
380
353
373
371
326
365
433
407
398
376
430
418
388
407
407
394
448
391
363
396
395
394
390
370
345
383
390
384
365
361
371
360
403
372
359
337
336
315
356
431
402
371
363
320
323
337
343
297
302
326
344
355
334
334
335
319
298
317
353
311
275
275
285
407
412
378
376
367
325
288
324
432
386
303
301
336
372
405
365
337
374
367
307
317
344
357
365
175
340
367
365
323
320
349
330
295
327
344
356
337
340
362
399
350
364
393
384
362
435
402
364
383
382
388
417
393
356
386
387
379
404
403
347
311
393
443
365
305
342
363
367
372
377
379
342
323
347
378
352
367
375
345
306
369
375
336
325
347
380
394
371
366
373
351
170
395
419
374
337
384
375
355
376
337
341
305
302
362
365
313
320
329
321
286
322
345
294
278
325
384
386
350
390
386
336
327
359
385
334
359
363
341
358
382
355
336
342
322
315
390
353
326
373
356
328
393
395
358
350
357
335
383
385
365
338
356
356
350
356
360
358
368
374
375
365
378
349
333
364
402
368
362
376
336
350
388
363
378
346
376
397
362
353
367
344
301
351
429
339
322
345
360
290
315
339
332
302
342
345
356
352
355
325
304
346
326
365
353
349
318
290
278
326
321
364
379
342
311
344
395
354
324
328
317
280
326
338
346
292
282
262
245
241
276
457
387
338
368
395
392
339
348
360
363
396
423
391
375
370
368
360
376
378
396
363
358
384
329
335
372
361
346
422
380
353
356
317
282
363
384
311
302
333
352
312
361
369
301
296
323
387
415
400
386
351
364
372
411
367
325
359
365
365
398
353
304
327
355
314
339
411
397
384
382
386
375
365
333
315
308
295
321
332
339
311
327
362
338
323
344
314
303
398
391
376
361
359
326
349
347
327
329
299
327
301
325
365
390
347
337
333
328
282
314
319
319
313
276
276
362
421
341
295
297
335
300
307
365
388
359
299
292
322
377
323
304
360
365
350
357
356
336
327
287
277
285
364
376
325
331
353
360
357
346
357
364
312
306
369
362
326
317
353
377
326
343
357
368
375
363
390
410
396
362
364
361
378
386
395
407
379
403
420
402
391
389
358
414
403
391
379
348
367
414
369
359
403
363
325
361
381
330
290
308
393
401
349
357
393
362
346
377
360
325
323
348
327
361
376
376
374
338
364
416
370
362
363
349
293
320
343
325
295
294
287
301
298
285
268
261
317
281
304
361
399
342
285
307
325
346
369
321
343
368
373
327
398
379
343
341
354
382
410
406
389
375
384
387
389
346
340
347
366
348
370
376
327
327
355
417
382
328
336
287
269
246
276
499
394
395
404
402
347
339
391
377
343
283
369
417
399
356
341
367
384
355
315
342
381
377
364
375
369
356
315
332
400
385
322
329
340
367
411
332
311
339
318
294
362
398
364
337
369
372
382
381
391
344
294
286
306
335
450
416
356
311
319
