310
416
417
410
412
393
384
424
402
393
391
376
412
407
391
389
383
381
415
399
391
381
384
413
423
399
401
412
406
431
416
393
401
393
407
422
389
389
383
418
405
405
383
382
397
395
400
391
363
365
401
388
392
375
371
370
405
392
394
373
372
394
400
387
390
372
358
404
388
381
383
363
370
399
390
380
376
358
196
584
382
392
371
360
394
401
372
383
378
366
403
400
383
387
369
400
403
394
389
390
377
408
403
395
378
387
409
405
401
390
395
399
408
409
400
381
195
595
414
395
394
382
402
401
396
394
381
373
411
395
388
396
374
400
403
405
392
391
371
413
406
383
394
378
378
412
388
379
387
359
407
402
382
384
384
382
411
401
388
390
379
404
415
392
385
401
385
415
409
381
394
375
407
414
384
387
384
220
558
399
380
376
355
406
385
396
376
380
377
409
400
404
390
374
426
406
402
400
380
390
412
397
400
374
372
188
603
381
384
365
365
393
388
367
375
363
372
400
388
378
384
366
349
467
392
398
380
183
396
562
390
399
222
544
411
397
388
301
469
412
418
388
221
549
407
410
394
384
393
374
410
401
392
380
376
405
381
421
389
386
390
411
404
402
340
393
461
403
396
193
561
408
410
390
220
544
370
414
389
185
552
377
357
398
381
367
367
358
357
393
372
375
375
366
380
404
371
380
369
363
389
398
380
379
388
373
412
405
378
380
370
387
387
155
570
372
350
379
390
359
367
360
361
382
391
374
366
371
377
385
394
376
359
372
385
394
330
442
373
359
400
374
395
375
231
515
404
384
385
377
354
394
401
377
399
375
375
404
404
383
390
322
442
410
392
381
382
365
400
408
384
388
390
378
231
581
392
397
367
227
583
394
382
381
274
508
413
376
378
369
387
393
386
370
381
372
392
400
338
416
377
371
398
388
382
373
378
400
407
384
396
382
206
593
414
408
390
395
424
421
406
401
239
578
425
401
403
390
393
429
397
396
402
357
445
409
391
390
378
289
519
387
392
377
377
400
412
383
381
394
395
413
406
397
221
561
427
423
388
221
545
417
407
374
395
374
388
395
405
378
293
441
401
397
389
232
518
184
569
396
377
367
364
365
397
390
388
378
363
406
405
389
394
378
367
415
236
547
387
364
390
406
362
417
386
370
417
411
388
400
379
396
413
379
401
391
371
409
399
386
377
208
548
414
396
385
170
560
402
387
377
358
362
360
365
377
362
359
351
347
368
352
365
348
343
347
370
371
353
351
335
350
359
359
353
355
337
334
344
362
345
331
336
323
342
348
338
330
337
326
314
360
346
334
341
329
319
347
357
341
326
332
331
313
362
339
324
330
294
334
327
350
339
317
323
328
313
337
352
327
330
325
329
338
345
354
333
328
332
336
347
359
340
344
331
332
370
367
369
351
354
334
389
366
364
360
341
338
372
364
348
354
337
328
376
362
358
355
349
341
369
386
365
374
356
347
389
388
359
383
359
350
382
383
358
370
352
344
375
376
259
179
182
171
284
153
342
460
378
361
363
341
369
380
369
364
364
344
391
381
368
359
364
349
377
383
371
360
369
361
386
389
379
367
270
490
391
386
374
348
373
390
382
368
378
361
367
313
475
384
381
369
384
399
229
536
374
357
391
384
378
367
361
331
378
371
359
351
340
324
365
367
335
339
340
330
332
364
354
346
336
339
325
370
360
337
348
348
332
368
379
357
355
354
338
364
380
348
357
346
338
363
376
351
344
340
335
354
364
355
350
340
345
357
359
378
349
343
352
356
367
368
359
346
344
281
459
380
369
354
359
355
393
368
367
352
352
372
390
294
452
357
352
379
389
361
379
353
348
238
523
361
369
352
340
380
379
354
367
347
330
362
372
346
361
353
325
372
378
349
358
350
339
366
381
366
359
353
335
378
370
362
356
355
341
358
369
357
342
344
331
354
370
357
341
339
341
337
362
358
348
338
330
350
354
360
337
344
339
331
370
352
339
354
331
329
380
367
354
353
349
335
381
373
353
343
342
331
347
371
352
343
348
342
336
376
354
345
343
339
332
381
359
344
347
347
332
369
368
329
344
334
319
347
360
348
329
335
344
339
373
362
337
342
342
343
356
369
340
344
342
324
363
375
350
347
341
341
371
358
356
341
341
322
357
360
352
346
326
186
484
287
398
337
193
459
313
359
339
326
338
316
318
331
359
344
327
335
325
319
352
351
332
345
334
321
349
371
357
338
349
334
340
360
355
336
343
338
322
361
371
336
345
345
321
361
357
343
333
337
321
327
348
348
323
328
329
309
349
337
333
327
327
328
335
353
355
339
336
338
327
350
346
353
332
323
330
346
349
346
337
328
333
347
348
348
342
329
331
336
352
350
326
350
330
315
369
352
349
340
338
325
344
373
346
335
341
332
324
371
345
327
330
340
315
353
367
337
338
338
337
348
378
354
332
338
336
324
351
355
324
333
325
316
346
356
342
321
324
331
323
336
350
325
329
326
326
345
356
352
332
332
329
333
345
349
326
322
324
323
350
341
340
332
326
320
343
343
339
329
319
321
316
352
347
341
342
330
319
360
363
338
346
327
323
325
365
339
329
339
326
313
353
357
330
334
332
318
335
345
349
321
340
322
311
347
349
337
331
336
326
336
360
361
334
340
335
326
352
348
338
329
337
318
342
353
345
330
328
327
330
350
342
339
325
334
325
339
350
341
326
316
324
321
338
340
327
319
318
315
342
347
334
339
323
334
341
347
354
337
343
336
338
362
363
338
344
331
312
350
340
341
322
324
319
312
351
332
320
319
313
296
318
335
316
305
300
304
283
298
342
315
299
308
303
301
312
341
334
304
311
313
295
329
339
330
310
308
314
310
326
342
330
306
309
314
311
336
337
318
317
308
311
318
323
346
315
314
314
305
330
319
330
310
300
298
304
322
315
337
304
300
306
291
332
316
328
309
295
307
295
328
331
324
312
309
310
311
340
330
330
334
306
316
333
342
339
329
319
316
303
337
341
325
320
319
307
306
341
333
313
322
319
299
309
329
331
316
314
314
299
326
329
325
306
309
312
292
323
331
332
304
304
310
297
331
328
330
311
303
314
299
329
317
331
307
303
314
301
331
327
312
319
298
308
303
327
317
323
310
293
322
311
332
325
321
310
296
308
321
316
319
305
303
301
298
321
315
312
307
311
296
295
330
319
325
305
308
305
301
328
333
324
307
317
299
295
337
319
319
308
318
300
295
355
336
324
328
320
315
311
358
338
320
328
331
303
337
355
314
314
304
311
292
317
340
308
301
301
301
296
318
333
318
302
299
313
304
322
337
319
306
303
313
301
324
334
308
311
307
307
311
325
331
313
309
310
302
332
335
343
318
308
311
299
329
313
330
309
297
305
296
327
326
322
316
296
309
294
331
333
316
320
312
305
310
346
323
325
333
303
311
324
339
329
322
328
317
305
343
344
331
329
318
316
312
333
342
316
323
321
305
324
341
339
304
323
311
287
329
328
317
298
297
306
283
317
326
322
299
303
309
297
316
329
329
311
307
321
306
328
331
328
309
301
317
295
318
325
315
306
303
306
298
320
316
312
310
288
310
296
306
316
302
309
286
299
292
303
314
301
292
291
285
285
305
296
304
296
293
290
290
301
313
313
298
307
288
289
302
322
312
309
322
302
301
314
328
313
296
301
301
285
293
334
314
299
313
304
296
299
340
258
362
330
308
303
290
334
273
338
311
291
294
282
307
319
293
211
332
293
267
299
307
297
280
289
281
289
287
303
315
294
290
291
288
290
309
309
316
288
293
294
291
302
318
316
296
303
304
302
332
328
342
320
306
318
315
330
328
324
313
307
298
313
322
312
316
306
300
309
307
331
328
319
316
293
298
311
312
310
305
293
289
289
280
322
304
307
297
300
298
285
336
332
311
325
313
301
304
354
330
304
322
309
302
310
334
337
310
323
314
290
326
333
320
304
315
298
296
322
318
328
298
305
306
290
320
325
323
294
308
305
286
311
321
330
301
307
311
280
316
323
312
300
289
301
283
294
307
317
293
290
291
294
293
322
309
308
300
292
300
288
307
309
304
299
294
294
291
310
303
311
299
286
297
282
300
316
301
295
290
281
283
298
302
305
280
301
286
278
304
305
307
307
293
298
291
278
317
311
304
295
302
297
282
253
395
332
311
320
307
293
336
319
306
287
298
286
267
299
305
296
274
279
279
276
258
302
294
285
272
271
274
273
266
296
297
278
273
272
269
253
275
288
284
268
262
260
