161
357
332
361
418
348
350
372
366
341
331
377
374
335
356
340
326
316
336
360
323
316
340
349
333
312
334
334
343
317
334
336
330
315
317
323
316
306
352
336
311
354
382
339
381
410
364
354
377
376
355
361
376
355
346
352
352
314
321
336
336
300
313
344
337
350
359
341
322
331
364
329
352
368
374
353
362
359
336
314
326
327
319
310
321
367
320
330
350
341
336
351
385
343
342
346
348
326
340
350
349
318
369
345
324
367
375
316
327
382
377
324
368
395
338
338
363
366
320
334
358
329
303
318
344
325
319
348
355
322
344
368
335
336
384
363
317
311
330
312
315
330
338
330
348
354
331
322
370
357
328
345
369
328
311
331
328
301
310
334
328
311
330
399
354
334
370
347
308
343
399
345
341
363
353
309
338
348
347
315
334
370
333
303
354
381
332
342
378
359
313
310
315
315
298
317
346
326
335
431
371
372
381
382
358
375
370
354
374
370
369
351
358
364
345
353
357
363
334
337
364
361
332
340
368
354
323
322
330
312
316
314
324
315
342
357
353
321
336
319
305
316
317
297
299
316
300
290
301
312
307
343
359
346
377
362
335
352
326
305
299
321
357
345
346
394
401
366
369
381
355
324
364
374
340
317
362
359
320
333
347
323
305
341
369
329
360
374
316
310
335
328
308
319
335
324
350
394
355
331
358
380
345
339
358
335
317
340
384
383
350
343
338
313
317
308
336
328
332
363
370
337
363
387
370
333
355
387
350
324
340
355
327
320
341
335
320
334
340
326
328
363
372
326
339
384
327
329
342
353
321
331
347
358
316
349
357
319
307
335
353
319
322
384
375
328
341
342
331
301
335
397
342
317
347
366
314
317
348
341
307
319
345
320
302
324
344
324
307
331
374
360
327
386
369
329
340
369
329
300
328
356
317
313
360
382
330
347
400
344
313
355
384
334
304
354
368
357
338
371
398
353
322
359
346
318
309
336
345
315
323
354
378
339
373
384
332
314
323
328
306
317
333
343
308
312
333
338
304
338
373
359
331
338
333
309
301
328
355
320
305
327
310
295
301
352
350
323
392
392
331
339
358
333
316
318
337
328
301
305
334
311
312
330
373
355
315
322
333
316
304
295
290
300
308
303
309
302
443
417
365
366
374
379
359
377
374
365
356
364
356
322
337
385
352
328
369
369
325
323
350
354
346
315
352
371
379
324
323
335
337
304
315
349
356
319
336
373
355
308
342
377
336
317
335
333
306
314
328
321
311
326
349
349
322
352
403
359
351
351
344
316
336
354
333
328
330
359
342
351
356
343
326
338
333
327
316
318
335
326
314
336
347
358
325
342
367
333
322
330
315
316
335
358
337
340
378
339
318
338
346
335
323
349
351
310
329
335
319
309
330
373
328
308
372
377
328
319
352
345
313
322
335
321
301
309
335
328
298
319
349
319
300
312
327
312
298
304
368
323
301
326
333
318
298
319
363
336
304
320
346
312
301
340
364
316
301
320
383
338
348
383
349
305
346
355
328
310
325
357
319
306
320
312
307
309
334
316
315
302
293
292
326
330
301
304
337
317
302
323
350
327
304
330
368
330
306
355
369
329
309
355
346
309
322
351
338
308
324
356
320
304
328
348
325
302
313
361
325
306
333
329
310
296
316
345
314
292
319
311
311
287
312
324
307
297
321
344
319
307
342
363
323
336
340
341
317
314
355
361
315
369
381
335
319
324
355
315
333
406
386
336
341
367
319
306
314
318
313
325
331
328
326
348
393
350
336
325
314
312
316
309
314
297
312
329
319
309
315
306
295
293
321
350
314
350
427
360
351
369
354
317
334
364
332
306
345
389
351
319
349
369
334
321
341
371
327
320
348
348
310
338
361
341
315
332
348
304
293
301
317
299
290
313
335
305
289
317
335
315
298
330
378
317
327
335
322
303
312
318
317
302
301
343
322
311
319
331
324
304
364
394
357
349
351
357
316
325
354
357
330
351
382
353
319
349
353
340
309
317
352
320
301
323
353
352
314
339
351
314
308
323
333
318
316
330
345
314
325
398
379
336
332
337
333
303
342
358
349
310
322
345
355
309
324
334
341
309
310
344
327
298
323
333
324
302
301
310
316
291
300
326
353
317
360
449
369
378
382
378
348
358
373
339
330
349
349
315
321
363
350
316
357
376
350
310
341
391
337
327
365
356
318
298
340
336
302
300
305
309
297
293
320
390
330
376
405
369
322
344
384
316
314
334
333
307
331
347
338
308
321
327
322
314
332
389
338
316
330
335
320
308
349
363
321
308
344
355
328
311
364
392
326
312
320
310
312
315
358
356
311
350
417
360
336
375
379
321
323
330
343
315
330
346
355
315
325
382
384
324
328
335
313
291
322
327
317
293
319
334
329
301
328
355
353
309
332
351
309
293
306
308
306
291
297
301
303
291
299
318
323
306
317
336
334
313
338
409
354
338
348
331
302
323
356
316
314
322
341
320
306
319
337
317
306
313
328
344
313
316
325
320
307
318
324
328
310
355
343
333
320
324
327
346
309
324
348
388
344
358
380
334
305
319
344
338
314
306
315
309
295
309
315
311
299
313
337
330
300
307
323
312
300
307
302
300
299
288
311
295
324
330
354
350
370
436
361
328
313
301
308
312
313
322
309
352
446
380
412
395
374
372
365
328
318
320
305
302
325
337
327
367
395
339
341
395
342
330
331
332
320
329
333
321
310
354
344
328
324
354
380
332
342
339
315
316
356
385
376
330
346
358
326
318
318
334
313
317
351
348
313
329
324
328
299
310
309
323
314
316
333
330
317
327
328
311
305
334
343
304
300
300
332
301
292
312
296
281
294
284
303
287
286
308
309
301
304
344
331
314
315
321
316
309
315
343
320
330
336
357
312
310
326
306
319
373
333
346
401
365
329
353
377
330
310
317
318
298
295
315
337
312
309
334
338
301
307
311
309
295
309
364
348
317
348
366
326
303
323
340
306
296
326
352
327
309
369
416
349
324
325
325
312
295
327
348
347
317
358
398
336
333
337
339
297
295
291
286
285
275
299
319
304
333
398
379
341
391
400
349
358
366
325
301
301
332
297
297
307
327
304
293
293
331
303
292
299
312
322
303
313
337
322
294
288
293
291
298
293
291
305
301
313
306
302
309
308
315
306
296
290
280
276
280
280
271
265
273
273
264
260
263
265
270
276
263
265
274
268
269
265
276
280
282
274
297
352
390
397
377
380
340
341
361
341
325
303
312
324
334
304
326
346
321
304
303
323
314
283
290
300
295
283
301
310
294
303
315
322
309
374
397
342
352
373
371
329
314
314
338
320
305
311
332
330
315
345
374
335
316
303
313
299
310
339
319
312
330
364
347
308
322
343
309
309
317
326
319
341
418
379
373
356
340
328
314
297
297
300
311
300
292
329
340
307
307
317
336
306
292
301
307
287
285
294
305
299
287
304
332
305
297
316
308
300
308
314
312
300
324
313
313
343
445
374
399
374
378
389
376
367
345
378
378
340
375
370
333
312
322
297
285
299
319
299
287
295
288
289
280
273
275
279
298
289
283
299
332
296
313
362
389
326
342
358
342
303
314
339
385
368
316
337
408
383
343
337
342
344
318
303
314
349
340
322
344
435
373
363
359
349
327
308
306
323
299
323
331
376
357
406
403
371
398
382
356
376
349
349
319
311
300
299
330
357
321
358
329
300
301
321
365
305
301
362
355
344
416
399
349
336
353
310
297
312
298
302
324
328
327
302
313
328
322
304
343
306
293
294
288
283
295
288
332
342
314
322
427
402
358
385
382
351
383
373
360
394
413
363
401
387
364
396
377
359
373
378
345
330
332
309
303
300
318
322
296
299
306
309
298
291
282
288
294
287
293
317
301
307
318
342
347
312
331
353
433
352
308
333
317
316
310
294
327
337
323
312
308
323
348
314
311
324
320
323
300
289
295
297
291
291
299
308
315
304
314
457
425
405
372
393
378
366
378
362
348
375
381
359
380
364
345
334
343
320
327
435
365
428
373
391
388
396
398
358
323
294
271
273
269
262
253
256
258
257
266
252
269
287
293
273
276
296
308
304
285
291
320
324
313
305
322
471
371
403
448
407
381
412
374
361
407
381
353
398
429
380
434
395
384
405
369
383
387
357
356
380
360
351
391
430
415
382
387
408
358
323
348
416
395
412
381
390
361
375
364
336
294
319
339
297
298
314
309
292
303
302
298
285
279
297
305
305
278
286
292
299
298
284
305
309
297
306
287
298
291
299
303
300
298
309
310
301
300
298
302
315
293
287
304
306
308
298
296
315
324
305
292
318
335
339
331
454
404
376
411
376
390
394
367
362
366
352
389
381
356
398
355
346
373
385
351
406
363
380
378
344
364
363
341
311
303
299
291
285
303
293
290
291
281
284
296
281
285
278
266
260
273
280
303
302
290
308
