189
409
408
402
426
415
428
428
424
429
424
418
439
434
425
452
433
448
440
449
448
441
441
429
440
410
417
414
419
443
443
436
453
434
453
442
431
438
428
442
430
439
456
427
452
448
433
436
440
437
435
444
436
436
447
429
441
415
432
421
416
441
423
440
420
441
441
424
445
403
436
424
435
442
443
454
433
453
435
451
433
439
432
425
444
439
434
442
430
428
418
440
424
432
441
433
439
423
441
423
427
425
414
429
419
433
430
430
445
430
426
437
427
446
437
435
433
423
440
419
429
427
407
431
425
428
428
429
434
428
416
423
418
416
442
434
464
445
452
444
444
454
439
455
433
445
425
432
432
415
422
428
410
425
419
430
419
425
434
409
429
428
423
441
416
435
418
433
433
422
439
428
434
437
424
426
416
417
433
406
423
422
406
420
408
416
412
413
431
416
431
422
433
423
425
430
421
416
425
412
425
420
431
436
429
452
427
435
433
424
446
426
443
426
448
443
441
433
443
433
428
436
413
432
424
424
428
416
426
419
417
434
430
434
447
433
445
420
427
431
417
429
421
427
438
427
436
423
431
429
423
427
430
421
437
419
431
418
425
426
413
427
418
420
424
422
438
418
424
420
412
418
428
414
426
415
426
423
420
428
415
430
408
414
417
410
428
415
430
423
414
422
422
416
429
422
422
421
410
427
409
416
415
408
424
417
432
430
421
431
407
421
408
416
426
420
435
429
436
440
417
429
444
428
443
426
438
448
416
448
427
432
417
419
427
417
428
426
438
439
446
445
428
435
435
418
431
414
433
441
428
452
427
441
432
431
442
430
430
446
423
430
425
420
432
413
432
419
428
437
416
434
422
431
427
428
428
409
427
419
424
424
419
420
416
408
434
417
430
431
431
428
427
437
408
423
417
411
429
420
433
415
437
421
410
424
422
435
428
438
435
416
421
410
418
411
416
421
423
432
430
428
426
442
430
442
443
445
451
436
442
426
435
430
435
427
432
430
412
423
427
405
421
406
412
413
409
427
410
425
426
410
429
420
429
417
435
425
408
427
423
434
427
437
424
434
434
427
432
433
433
432
422
432
424
422
426
419
414
419
419
411
413
420
415
424
416
439
422
433
441
432
437
421
433
431
434
446
423
442
432
448
435
434
431
419
429
428
421
435
425
432
425
430
435
416
433
419
422
426
425
439
411
440
420
418
432
429
436
423
434
444
418
427
431
421
432
429
432
439
415
421
391
403
391
393
403
397
415
397
427
422
422
428
421
433
416
436
424
425
425
426
425
411
429
409
424
416
440
427
433
441
418
433
434
426
430
423
438
419
431
429
425
428
425
432
422
423
435
423
440
423
440
417
425
420
414
431
412
418
413
402
404
386
379
369
357
355
342
340
337
328
335
308
211
355
340
339
345
348
345
357
363
365
376
387
400
411
415
434
427
436
428
434
417
429
432
415
412
394
404
369
375
380
363
383
381
393
413
411
440
425
443
432
451
427
453
431
449
432
447
435
435
442
438
443
437
445
432
441
436
433
431
427
432
409
420
410
408
411
408
424
407
430
417
436
420
429
425
430
440
426
440
419
440
424
441
434
440
431
425
429
418
422
431
418
426
422
429
425
423
424
414
415
420
413
421
413
418
413
422
422
417
425
414
419
403
416
414
431
432
428
440
418
434
424
431
438
423
437
418
436
426
426
431
416
432
430
432
433
419
427
408
416
409
416
411
422
427
416
425
437
423
434
414
418
425
418
436
412
424
418
423
430
424
425
426
441
412
428
417
422
424
411
427
412
421
417
420
426
417
429
419
417
424
409
420
418
425
423
424
438
428
436
433
430
440
430
443
423
432
427
425
429
414
423
412
420
434
412
435
417
430
422
417
423
411
431
415
428
426
421
430
411
426
419
422
425
422
427
416
427
425
413
431
416
425
432
427
434
417
442
413
420
414
420
429
419
428
393
376
373
373
368
367
374
379
389
406
433
445
448
463
436
438
439
463
437
446
439
444
439
443
448
423
440
415
421
419
409
418
400
434
428
425
447
419
438
433
443
446
432
447
452
437
459
426
438
430
452
438
452
445
441
442
439
432
434
430
435
423
434
428
429
420
424
431
412
419
423
428
425
434
429
417
428
412
414
429
417
419
410
424
435
428
450
426
438
428
441
435
444
448
429
440
427
430
420
431
427
417
423
422
421
422
426
431
417
438
434
429
434
418
429
422
413
425
406
435
419
435
424
439
444
420
443
424
427
430
423
434
414
439
422
438
434
430
426
427
423
416
418
435
418
424
423
424
422
407
424
422
411
434
412
427
413
429
432
419
438
424
433
432
437
436
429
440
414
433
424
430
426
417
421
417
418
431
415
427
412
422
421
412
433
414
430
427
432
422
428
437
429
454
425
441
426
434
435
424
433
419
428
432
432
441
429
436
429
427
444
420
429
433
438
425
436
431
423
438
413
427
422
425
431
415
430
419
412
421
405
426
422
423
441
422
430
426
421
426
425
430
417
426
431
422
435
415
425
406
424
422
415
425
413
413
410
416
427
407
431
413
427
424
436
434
418
422
414
423
426
410
423
421
418
423
414
428
426
427
439
422
426
416
433
422
436
438
427
437
415
436
410
429
423
420
431
416
428
414
426
422
408
422
411
428
421
434
432
420
428
425
420
433
418
428
424
428
430
419
434
414
414
423
412
430
404
435
420
422
431
422
427
414
434
427
419
434
419
428
423
424
424
417
423
426
414
431
413
414
411
412
427
401
430
410
420
420
423
433
417
426
418
413
420
420
421
407
430
414
424
430
423
423
426
420
422
411
429
414
417
428
409
413
406
420
422
415
429
411
420
405
416
421
404
427
408
418
409
425
424
411
428
420
423
431
414
429
417
431
423
417
424
417
416
428
418
422
409
431
415
421
423
416
421
406
431
423
413
424
418
409
429
420
438
415
434
418
431
427
431
427
421
426
411
418
424
412
411
414
421
417
417
427
418
421
416
417
409
411
425
412
422
419
416
420
410
432
408
426
416
421
414
429
427
416
433
416
423
413
421
430
420
440
413
423
413
425
431
416
430
413
423
423
419
421
408
418
400
418
418
428
409
412
400
397
394
394
401
397
412
420
431
425
439
432
433
429
429
426
412
429
422
421
440
420
431
416
426
420
425
435
414
429
417
430
428
416
429
408
426
423
423
423
419
425
410
418
427
415
426
421
421
429
417
436
412
431
421
414
423
413
426
409
428
415
415
421
407
422
402
422
417
406
421
419
421
427
414
424
416
415
436
414
430
422
413
424
410
426
417
419
424
406
425
421
420
430
423
422
413
412
426
419
434
430
432
431
421
433
411
419
432
413
432
410
429
410
420
424
401
421
419
426
431
423
429
412
425
425
428
428
429
433
418
426
427
419
424
416
421
417
422
432
408
434
411
419
418
414
427
411
419
414
405
414
408
421
410
421
422
405
413
418
413
422
407
416
410
410
418
406
424
417
428
428
