68
301
305
306
304
303
292
296
300
291
288
310
310
304
304
298
303
288
293
298
295
294
293
285
286
291
287
289
296
286
302
300
299
310
303
302
309
257
337
304
304
303
301
303
301
298
293
281
288
279
278
293
288
292
301
303
308
305
307
309
311
310
305
306
303
302
302
294
305
295
302
310
299
302
308
298
303
299
297
294
301
304
294
297
306
304
302
303
297
299
302
302
297
298
304
292
298
293
290
298
299
293
297
293
291
291
292
282
286
288
290
291
288
227
327
307
288
286
287
234
315
293
284
286
280
288
288
287
225
329
228
362
296
282
285
281
290
236
307
299
287
294
291
288
296
294
299
298
293
295
289
292
293
296
291
288
301
294
289
297
293
284
293
286
282
285
296
285
294
292
296
298
301
304
300
303
306
304
297
305
306
302
307
307
303
308
308
300
303
311
302
302
309
295
301
299
293
299
287
296
295
294
295
294
285
290
228
320
294
296
285
290
293
284
293
291
291
293
296
514
322
299
295
290
286
300
291
290
298
296
292
304
304
554
322
311
311
295
299
295
297
247
351
239
375
321
311
315
306
298
308
301
292
290
300
298
299
301
300
299
303
304
299
299
308
306
302
303
300
302
311
265
332
302
305
294
294
295
294
294
292
295
288
284
289
288
290
292
289
288
292
298
282
286
299
285
298
292
296
307
300
304
298
300
312
312
300
306
308
309
316
317
313
325
320
318
299
312
305
312
296
292
291
287
294
294
288
292
296
295
304
297
215
329
307
291
290
293
223
319
307
287
288
294
235
334
321
526
328
300
295
303
293
278
315
295
300
292
292
309
296
293
297
295
291
273
286
276
238
307
289
284
284
287
231
327
301
301
292
291
305
290
293
299
294
297
297
298
299
297
301
302
301
296
302
300
288
295
294
293
305
296
298
298
308
302
293
309
298
303
301
295
301
283
290
302
284
295
294
290
300
280
222
347
307
300
292
213
315
235
346
233
337
232
349
300
294
204
319
296
290
288
282
272
280
279
271
268
277
272
271
278
280
270
276
277
266
269
260
266
263
267
264
265
265
263
270
270
266
256
272
264
262
267
270
262
263
273
264
265
235
288
258
263
258
258
254
255
253
256
254
253
247
252
254
248
255
253
248
244
255
254
247
242
247
246
243
245
246
243
243
245
246
246
246
245
239
246
243
243
240
246
240
237
237
249
241
239
238
248
237
241
246
250
241
247
245
249
244
245
241
242
245
245
242
246
248
190
284
258
254
254
250
255
252
249
254
257
249
248
248
189
275
253
248
248
248
252
256
253
258
259
254
265
260
258
257
265
173
258
315
276
263
266
267
269
265
266
264
258
262
260
263
257
257
252
266
257
263
251
265
259
259
266
264
255
251
265
253
258
251
259
248
260
257
263
251
260
258
249
279
260
256
260
171
309
306
266
261
257
268
227
291
197
332
261
259
266
259
256
259
245
274
264
255
258
257
259
213
292
260
258
257
280
245
253
251
189
284
254
259
257
246
251
251
252
248
251
248
247
247
252
248
247
249
181
278
258
249
248
248
252
246
246
252
224
274
254
264
259
260
262
267
262
266
264
267
266
270
270
272
269
270
269
272
270
274
278
276
191
304
285
195
316
274
277
273
280
278
280
282
280
286
284
280
282
174
387
281
286
277
273
285
281
279
279
286
276
278
281
274
279
273
279
277
278
274
279
277
274
283
272
266
268
275
269
265
272
270
269
274
280
271
276
279
279
284
276
280
280
279
280
199
306
277
278
277
275
267
277
273
272
279
276
270
275
283
266
278
274
274
269
272
275
273
275
272
274
276
274
278
271
275
274
286
271
191
304
286
271
269
273
259
271
273
277
272
277
275
275
285
272
275
277
273
272
284
272
269
279
277
281
264
280
283
276
289
197
307
278
284
278
279
274
282
284
286
287
286
286
285
298
285
195
316
285
287
217
349
295
300
304
298
309
302
310
317
305
316
308
303
318
310
300
312
306
298
304
300
294
300
302
298
294
303
313
311
313
322
319
315
321
317
313
318
307
310
310
296
201
345
305
309
315
310
322
324
316
316
317
317
318
307
314
313
312
317
310
309
316
305
304
307
301
222
360
299
304
304
206
327
295
198
319
228
329
289
283
276
287
277
278
272
283
273
275
285
274
172
366
275
265
270
227
294
268
271
267
269
270
266
274
271
266
260
220
299
264
270
270
261
190
304
267
268
261
272
207
307
273
272
268
266
259
269
222
292
264
258
262
256
233
288
266
268
280
268
276
275
271
278
286
286
279
285
291
288
290
284
289
287
283
289
295
283
284
297
215
309
300
296
292
292
295
288
296
297
297
303
292
297
298
295
298
289
284
224
297
282
273
284
275
277
287
285
282
286
295
285
291
288
286
297
288
294
293
290
302
295
293
298
295
292
565
323
310
311
292
287
290
284
291
290
285
287
281
284
284
280
272
281
277
222
440
306
278
285
215
294
281
277
273
271
279
273
270
217
285
279
283
275
494
304
279
282
276
267
285
273
271
278
281
213
301
301
282
289
284
285
284
284
285
278
287
283
284
287
285
293
289
292
217
369
322
309
313
298
293
301
288
287
292
284
290
298
292
293
291
295
292
290
281
293
289
293
296
288
290
290
297
290
286
292
279
291
289
286
228
439
344
307
283
293
289
281
296
283
283
288
290
288
280
291
282
285
291
286
285
285
289
285
285
279
282
288
284
286
285
274
215
300
288
269
283
275
273
283
281
272
282
285
222
434
302
279
280
273
278
273
230
302
286
206
340
286
278
279
279
277
279
281
293
277
277
285
279
283
291
288
273
228
307
289
287
277
279
275
278
285
283
275
275
242
316
292
288
275
282
286
278
277
281
280
277
285
274
282
280
277
280
181
386
285
288
281
277
282
286
284
221
315
312
301
304
296
300
295
303
295
298
301
295
293
299
559
300
309
292
294
298
288
287
290
291
287
289
289
289
289
290
293
287
282
290
285
275
278
284
277
284
292
282
284
293
291
291
290
289
285
294
215
321
301
293
297
295
283
297
532
309
303
291
293
301
285
284
291
279
286
291
290
290
297
289
305
299
297
291
297
291
296
295
287
304
294
286
300
289
289
296
294
287
283
286
285
285
290
274
282
281
286
283
285
296
290
295
288
299
295
294
307
297
292
306
300
297
293
283
292
299
296
293
288
295
293
295
210
303
308
285
304
302
294
303
311
298
295
301
293
297
302
287
289
311
302
291
301
297
297
298
295
221
317
300
309
300
293
306
296
301
309
541
314
309
309
297
303
307
303
302
302
300
302
308
301
300
306
306
302
310
298
298
311
299
294
300
294
295
299
304
295
291
300
295
286
284
297
290
285
292
286
282
287
241
308
284
290
278
280
235
301
283
273
277
273
275
273
278
283
282
294
285
284
294
287
289
284
288
283
289
288
278
229
333
295
290
285
293
293
295
298
297
295
291
306
299
293
300
297
296
303
295
292
301
304
301
304
300
302
308
302
304
301
299
305
306
289
303
300
291
308
298
288
297
299
292
287
292
285
292
295
283
288
272
295
293
284
288
284
283
206
312
288
284
301
293
290
293
296
290
300
301
296
300
305
300
309
295
306
311
305
313
309
302
316
308
307
310
310
311
317
308
311
314
313
306
300
309
304
303
310
300
295
312
300
296
306
305
300
311
306
293
301
304
289
289
301
287
294
305
291
301
304
299
299
293
302
296
290
303
293
290
299
300
295
292
307
294
300
309
299
297
307
297
302
294
297
306
302
305
307
305
312
311
307
308
312
305
315
309
305
313
316
308
309
315
309
562
318
307
299
291
293
276
289
242
313
306
300
293
304
308
295
293
306
295
295
306
296
297
296
304
301
292
306
238
358
205
386
306
314
310
305
306
311
229
366
336
321
320
320
321
311
310
310
314
314
313
313
317
320
316
226
371
332
190
451
315
314
235
363
330
325
322
322
329
321
317
322
312
308
321
226
369
340
317
320
326
313
317
313
304
315
309
226
356
306
314
310
221
342
307
303
311
223
343
306
312
306
300
305
300
222
357
307
309
228
349
315
307
230
352
317
316
309
306
316
305
300
311
306
305
318
312
308
316
314
312
310
310
311
316
320
311
313
324
314
304
311
312
308
308
308
310
308
308
304
307
310
306
314
313
302
305
309
302
302
295
307
302
297
310
305
295
312
184
408
307
300
297
298
303
300
298
308
308
302
302
311
307
307
314
305
303
310
305
298
311
309
310
317
309
316
319
311
314
308
310
314
307
314
317
304
315
311
305
315
309
304
313
305
300
314
305
305
309
303
303
304
305
305
300
306
309
218
319
312
299
311
306
298
303
309
305
298
303
299
302
301
296
297
299
293
304
293
299
304
200
292
377
312
313
309
304
306
305
297
303
310
295
301
310
304
305
299
299
296
301
298
292
282
215
317
294
293
299
297
306
313
302
303
318
311
299
308
298
301
309
300
305
313
311
318
311
314
199
413
255
366
301
312
308
302
306
305
312
310
311
308
314
315
310
308
307
309
310
311
314
305
313
308
306
304
309
299
300
305
288
296
299
284
231
313
298
286
287
287
234
308
282
283
276
258
269
261
259
260
265
254
254
257
261
247
250
245
249
243
244
245
242
253
229
240
246
243
242
237
247
246
245
245
248
246
240
245
249
241
240
241
243
240
241
247
245
242
243
246
246
244
244
242
242
242
244
242
246
246
244
242
189
279
251
242
253
246
244
248
253
244
247
249
258
241
249
247
248
248
253
253
254
249
254
253
258
252
252
247
255
248
246
255
256
251
250
260
256
254
251
260
249
254
253
257
250
256
251
258
254
255
248
198
419
265
264
259
255
251
258
254
250
250
191
275
252
256
256
194
286
256
258
256
257
253
254
253
256
252
260
252
250
247
259
249
251
248
256
249
250
257
254
243
247
247
250
245
249
246
186
284
257
253
258
254
254
255
260
259
248
258
253
188
178
256
261
248
251
259
255
253
246
255
246
251
254
258
248
254
250
257
254
256
248
257
255
255
253
258
256
249
262
260
260
254
261
260
256
261
267
255
258
192
424
269
257
256
255
258
195
281
257
254
252
195
282
257
245
258
253
248
256
259
249
253
257
264
254
257
254
255
254
262
260
258
258
224
286
262
266
252
201
285
266
262
270
192
434
203
313
