309
194
474
338
336
320
323
194
468
340
317
310
334
191
458
333
313
330
328
311
343
336
312
197
469
199
483
192
479
205
458
227
446
198
480
318
323
316
302
195
463
195
463
205
463
193
470
317
312
325
315
188
483
331
191
475
338
195
482
213
488
333
191
474
194
467
207
441
333
318
319
341
332
352
341
323
193
493
316
330
327
318
319
329
188
488
347
337
321
328
206
476
189
491
196
465
336
312
322
328
319
323
334
328
328
338
343
328
349
339
330
344
328
325
346
326
322
340
325
318
326
316
327
325
326
330
328
190
469
332
322
313
319
325
311
317
195
463
340
328
321
333
318
193
470
196
472
236
449
342
317
196
465
327
190
475
328
327
319
313
194
466
345
327
316
331
321
319
332
321
318
335
314
187
479
319
185
468
319
193
455
199
467
313
183
455
309
328
328
319
196
506
325
197
497
355
193
488
337
190
476
334
196
480
196
477
330
190
460
204
464
204
463
228
453
191
476
201
468
338
323
322
344
329
187
485
204
482
332
319
199
481
195
480
197
472
336
314
335
334
315
334
339
338
339
346
348
189
475
343
319
193
477
195
480
329
305
198
466
195
474
315
196
470
319
197
469
335
194
473
262
446
317
193
478
348
322
312
342
190
469
344
329
327
321
190
478
337
321
315
324
195
478
336
337
321
191
470
191
477
330
315
191
474
321
319
192
469
198
461
213
466
318
191
453
314
195
447
315
212
438
188
479
194
469
212
452
335
192
462
324
191
466
320
189
468
326
188
466
325
192
466
190
472
309
302
315
304
319
329
311
188
482
196
462
325
310
195
466
317
201
461
315
193
455
320
193
443
327
188
442
317
189
457
327
319
314
192
455
196
451
320
308
310
317
308
316
320
308
318
335
313
318
333
313
185
464
193
469
326
307
203
461
193
463
314
189
459
315
185
461
315
187
458
319
196
462
317
198
466
308
187
453
320
315
321
334
323
328
325
323
335
197
469
346
320
306
328
312
319
328
312
323
333
317
316
329
322
327
322
317
325
321
310
320
328
321
313
325
328
302
313
191
457
337
326
308
325
198
465
336
312
322
332
312
331
340
321
184
480
327
197
477
323
200
479
317
192
457
322
189
451
201
460
318
304
190
477
319
326
341
319
320
335
319
190
483
193
478
339
310
197
469
198
473
197
471
334
306
317
322
191
474
338
336
317
321
197
468
350
328
315
338
317
317
337
315
322
339
326
323
334
323
316
324
325
324
320
318
321
324
316
312
325
324
315
325
323
324
328
322
318
335
321
324
333
318
323
324
315
319
334
327
313
341
335
311
329
323
319
327
318
324
329
317
318
324
324
325
325
325
316
312
311
309
315
321
308
326
200
465
340
327
315
336
186
475
349
332
323
327
189
486
343
329
324
327
186
476
343
327
309
327
317
192
479
322
191
494
328
189
487
334
188
472
335
194
472
334
192
473
199
477
320
197
459
332
197
462
318
186
460
195
467
309
200
449
310
193
480
339
188
480
333
330
321
321
324
330
317
198
476
324
192
468
193
477
320
306
321
319
313
328
188
471
349
315
311
336
189
473
351
328
326
332
187
491
345
321
311
328
330
312
331
331
313
326
325
319
336
319
317
341
313
184
476
323
191
473
325
325
323
308
317
329
327
313
334
327
326
329
325
325
341
320
192
489
330
193
469
326
192
478
318
331
319
306
195
476
326
195
473
322
322
318
318
188
467
329
193
466
339
328
308
316
324
317
316
324
324
323
315
322
314
330
327
308
332
190
467
341
317
325
332
187
477
343
315
315
313
192
469
331
321
319
329
184
480
347
332
325
338
323
190
480
326
189
486
326
189
481
198
491
325
333
338
316
188
481
196
472
332
314
193
471
195
479
339
311
325
331
321
189
474
331
192
472
323
190
475
330
186
475
201
475
195
463
334
309
190
475
331
185
479
325
194
479
324
196
467
325
190
462
196
463
198
468
239
444
344
324
324
326
185
484
345
323
321
334
330
314
327
329
327
324
319
317
333
310
313
334
315
312
330
311
323
330
185
470
343
319
325
324
318
194
486
193
482
340
317
186
487
199
473
336
323
190
478
340
189
486
193
480
327
316
318
314
312
334
325
321
347
334
321
338
326
330
328
316
195
486
323
330
331
324
317
319
325
311
312
315
313
330
315
188
476
327
191
473
320
332
328
310
327
330
308
328
329
328
322
330
190
482
338
337
318
332
193
470
349
325
318
337
320
323
338
315
187
494
195
475
331
318
196
470
329
325
200
462
332
328
320
197
475
326
330
327
330
318
334
328
312
205
472
318
315
317
320
308
321
190
475
340
336
315
338
334
318
337
327
319
340
332
329
345
326
336
332
313
193
476
332
200
465
335
190
461
331
190
470
335
191
474
326
191
457
316
190
470
313
188
466
201
466
192
460
333
311
308
319
195
459
332
320
317
192
473
205
469
336
314
189
471
194
463
330
312
324
324
315
336
317
189
492
206
471
337
315
326
322
318
323
332
313
317
326
318
319
321
322
324
325
320
315
328
327
315
333
192
470
336
318
309
191
463
199
470
340
317
317
335
331
323
325
330
321
322
322
316
339
325
317
349
337
318
342
331
188
486
189
484
349
309
315
318
318
313
320
325
316
322
319
319
332
325
325
342
326
191
490
198
500
202
496
359
339
338
337
335
345
341
343
200
495
353
187
496
202
487
193
492
342
329
188
493
344
330
343
338
331
193
486
195
496
195
483
360
330
320
324
341
325
319
194
485
187
474
199
479
335
193
472
314
290
291
193
354
196
327
193
309
264
245
189
442
300
305
312
304
184
478
311
309
323
188
480
188
469
209
465
189
468
190
461
308
288
309
304
195
451
190
457
201
438
310
296
293
191
415
188
422
216
384
193
417
210
375
271
271
281
291
187
446
326
310
319
312
190
457
321
187
450
314
183
441
309
189
428
303
194
430
198
426
202
429
194
421
188
423
297
289
287
191
431
196
419
302
295
301
188
431
296
300
295
186
420
188
409
289
187
384
286
270
189
379
277
276
194
348
268
198
356
222
256
280
267
186
404
296
186
461
323
186
510
354
179
522
348
345
333
334
197
498
194
487
194
487
193
469
323
325
319
312
196
472
334
185
476
193
470
316
186
474
320
317
197
469
183
469
192
487
327
335
197
483
333
330
192
489
193
479
335
192
479
192
485
340
185
487
341
191
467
334
191
468
337
189
469
199
441
188
456
312
311
325
341
189
522
198
530
220
492
196
519
183
480
195
474
197
472
327
331
187
479
191
510
332
334
331
333
188
492
343
195
492
341
346
190
474
192
487
199
483
344
337
193
481
193
492
199
476
194
490
195
475
191
473
201
456
194
446
299
298
279
288
302
295
294
322
322
314
336
342
334
345
352
351
345
191
512
198
491
190
467
211
456
315
189
437
316
190
430
196
448
296
309
315
321
331
193
473
194
479
195
474
193
481
195
469
327
189
441
199
431
304
296
186
433
195
421
311
188
456
322
190
472
194
472
195
511
196
504
355
197
491
355
189
495
203
491
343
191
486
342
330
189
485
197
489
338
327
199
480
199
496
331
195
489
343
333
324
192
499
339
353
333
328
202
481
204
486
332
198
469
323
317
193
463
192
436
318
192
432
200
447
321
321
190
497
197
479
205
466
335
190
451
326
187
446
322
188
469
326
191
466
320
194
446
191
461
199
447
313
314
322
331
190
491
203
496
191
485
209
464
219
448
197
456
201
458
312
313
308
319
324
327
344
343
337
352
348
351
357
338
355
348
333
341
346
351
188
508
202
489
206
480
207
472
204
456
328
191
455
320
317
197
441
198
424
191
383
276
187
346
270
260
256
260
263
196
341
279
189
370
199
372
273
270
200
382
214
377
289
307
196
426
316
323
196
480
353
341
336
190
524
343
335
190
498
335
339
326
335
337
306
307
190
406
195
448
309
303
212
433
193
460
312
317
193
451
195
416
287
287
190
412
286
287
282
190
394
204
395
297
290
196
400
296
298
312
304
188
492
189
501
326
190
479
335
185
508
367
194
516
201
507
362
195
516
190
529
344
332
340
332
329
191
508
195
473
349
322
310
194
453
193
458
320
301
298
322
195
474
342
328
320
322
326
320
344
341
330
344
361
347
328
204
494
333
188
487
325
318
329
331
346
199
506
350
357
342
353
190
527
202
527
341
182
514
341
342
324
323
207
482
327
188
479
330
325
318
312
316
326
320
318
349
329
315
197
480
188
478
341
329
313
186
473
199
458
208
463
335
328
203
497
349
195
510
344
194
503
349
339
345
336
335
364
345
344
361
352
339
342
352
344
329
351
346
324
331
338
341
340
341
343
326
343
342
325
341
341
332
337
341
327
331
339
343
329
332
332
327
334
334
326
191
483
197
486
347
319
314
320
315
309
308
321
317
308
327
320
316
195
475
332
327
335
334
327
197
498
342
336
351
339
340
344
353
339
331
354
349
329
192
477
331
323
317
323
316
317
326
313
337
339
320
