163
350
361
343
352
355
359
359
370
368
360
372
351
357
368
356
357
364
360
360
358
355
350
350
350
353
350
347
362
351
347
364
355
356
362
360
367
374
369
376
374
374
378
370
370
378
361
367
367
359
350
350
347
359
354
353
368
362
367
371
359
372
368
357
364
363
357
353
346
345
358
354
352
366
357
354
366
363
365
369
362
371
374
373
369
373
369
380
369
367
373
372
361
360
368
370
367
365
372
369
364
368
367
372
377
369
375
371
359
361
354
356
358
348
348
365
356
349
356
348
355
356
356
361
365
362
348
356
353
355
347
346
345
341
334
340
342
343
353
346
350
353
337
342
342
335
327
337
338
344
360
358
359
367
358
355
363
350
350
352
348
344
344
348
349
354
344
349
350
342
341
342
343
347
344
339
338
332
339
326
330
329
333
341
340
345
346
347
344
341
342
347
336
337
352
350
339
347
349
359
368
344
356
371
365
362
375
372
376
368
359
373
368
356
366
361
359
362
349
350
355
349
345
349
346
348
351
347
350
342
347
342
347
349
352
350
344
355
346
353
350
345
337
343
339
340
346
337
342
347
347
356
358
354
362
367
359
348
355
351
344
348
347
350
359
350
350
352
359
365
362
355
367
370
365
373
363
367
372
360
365
366
364
362
365
366
373
369
372
382
375
371
373
371
369
359
363
370
358
356
361
358
357
361
356
353
358
359
353
362
362
370
365
360
373
366
365
367
368
372
368
362
371
364
353
364
350
348
360
344
346
353
344
352
360
369
375
366
369
376
373
368
367
365
362
364
358
364
373
362
349
358
351
359
360
358
374
370
369
374
360
372
381
376
366
377
373
363
360
364
370
355
355
369
360
359
366
359
362
365
361
363
360
358
353
354
348
365
357
352
363
349
345
349
348
346
348
331
328
339
328
316
323
310
307
313
307
312
318
323
327
322
326
320
321
322
315
311
320
313
309
314
318
322
326
329
337
345
340
331
339
334
344
348
346
344
348
347
342
342
338
334
342
337
337
351
344
346
350
355
359
368
355
345
355
348
339
350
349
355
353
344
338
350
343
331
344
336
341
349
345
353
361
359
347
357
354
350
352
347
358
359
355
347
354
357
358
342
344
349
337
330
334
327
338
353
345
348
361
351
341
352
342
336
339
338
348
362
358
364
365
368
358
369
362
365
360
352
351
345
347
351
345
340
350
347
344
350
352
352
363
359
354
371
362
340
350
354
358
357
350
358
357
355
351
357
361
368
354
355
366
355
348
355
353
364
362
365
370
371
363
365
365
364
367
361
363
369
367
359
365
352
355
356
360
367
368
362
372
368
364
363
361
367
369
368
357
361
361
370
363
366
378
375
375
384
376
388
383
377
388
377
372
375
381
384
375
370
374
361
360
365
359
360
375
370
373
383
376
371
378
380
384
370
375
383
379
374
377
383
383
367
365
377
362
361
369
360
370
372
365
378
376
366
376
365
368
377
367
371
374
368
370
366
358
369
355
365
372
366
361
360
358
367
364
361
364
362
359
365
365
373
374
372
379
375
376
369
373
376
364
374
376
368
377
368
365
375
372
363
354
371
361
347
362
362
358
363
351
364
364
354
360
366
363
372
354
362
367
361
353
359
357
361
360
358
361
356
358
365
360
357
361
361
368
381
373
354
368
367
370
371
353
368
367
360
372
368
375
384
375
362
376
373
362
362
368
379
372
368
386
371
368
374
375
381
374
370
367
362
352
357
359
369
367
362
373
364
370
366
360
359
369
356
355
356
340
338
354
348
355
360
355
360
357
356
350
347
352
356
351
338
346
351
357
365
364
365
367
354
362
364
364
350
357
353
362
351
349
361
353
354
359
347
365
372
366
368
369
372
357
368
362
367
361
359
370
366
353
364
358
366
366
362
364
369
368
357
372
363
370
363
361
373
361
354
359
352
351
350
349
348
355
352
350
351
352
359
353
360
360
352
353
368
367
364
370
365
364
375
371
364
366
361
367
368
370
378
370
363
365
357
366
370
363
370
366
361
366
358
369
381
373
374
379
373
366
370
365
368
353
349
371
358
350
363
359
354
357
356
357
362
361
364
357
362
367
356
350
361
350
352
355
348
355
354
358
358
365
359
355
351
361
370
361
356
368
367
351
361
358
353
362
354
354
351
353
346
352
347
344
339
350
358
351
356
354
346
353
360
361
361
374
363
344
352
344
341
346
334
331
332
350
339
343
343
354
361
368
371
381
372
379
378
384
391
384
392
386
385
373
372
376
385
365
366
383
379
374
375
369
377
377
366
384
382
366
375
376
388
375
375
377
378
371
374
252
456
206
525
380
368
356
375
369
375
377
367
375
360
364
367
356
365
365
358
360
372
360
355
359
356
361
355
353
367
361
357
360
352
357
363
356
361
364
361
358
364
357
361
356
354
361
356
356
361
359
359
371
366
364
367
360
345
342
345
354
359
348
365
373
376
373
362
371
378
361
354
370
357
354
357
356
358
357
356
360
362
358
360
363
365
370
365
369
372
373
365
360
367
366
354
360
373
362
363
371
364
365
362
361
372
369
359
355
356
361
369
367
367
370
367
359
358
359
365
365
358
377
369
366
377
369
366
374
372
372
370
373
376
370
372
378
372
377
377
369
373
372
376
385
374
381
382
380
376
364
372
374
366
364
371
372
362
369
372
373
375
374
380
373
370
372
374
380
373
375
378
375
373
373
377
376
378
374
381
373
374
376
369
379
377
370
373
379
375
370
366
372
384
378
381
386
383
380
373
377
386
379
379
386
384
379
381
370
380
369
367
376
368
359
368
366
363
362
357
369
365
356
359
349
360
367
358
363
368
360
354
361
361
360
351
351
362
351
354
368
366
367
373
373
380
373
368
372
375
376
381
374
377
374
367
368
377
372
378
374
379
379
379
374
367
372
377
370
363
371
358
361
359
362
366
373
362
369
372
366
373
363
365
373
365
362
368
365
357
359
365
368
358
355
365
350
339
359
351
367
369
365
378
385
378
381
382
386
391
380
392
396
383
381
381
381
385
366
383
382
383
371
371
379
377
371
376
387
381
373
381
382
388
366
376
378
376
371
366
355
372
363
358
374
371
371
381
378
373
372
370
380
367
372
380
371
373
378
371
372
368
356
363
359
369
372
372
377
375
364
380
383
379
386
375
380
387
383
383
384
387
383
375
381
379
381
384
377
381
376
372
378
385
383
388
381
378
375
372
377
381
378
374
380
385
379
372
370
373
359
363
365
367
369
369
352
369
368
369
377
376
378
374
369
347
352
370
367
366
370
380
377
381
379
382
379
379
378
376
367
369
375
364
354
361
368
369
366
364
370
363
330
336
330
325
331
324
319
334
329
333
338
332
328
337
334
332
344
332
336
338
335
348
355
344
340
354
344
338
349
349
352
351
352
349
362
359
355
359
356
368
358
351
356
348
352
350
349
353
353
345
346
357
349
335
341
336
329
339
327
325
331
326
318
323
321
317
322
315
308
313
319
305
302
311
305
302
304
297
292
290
295
283
277
281
277
274
275
278
271
275
276
279
274
276
270
279
275
278
283
277
280
276
284
277
278
272
275
271
267
271
268
264
262
273
264
270
264
274
271
275
278
282
275
275
282
283
284
278
291
286
285
293
289
283
285
292
278
282
277
274
277
276
278
272
275
272
282
280
276
280
279
280
281
286
278
279
283
282
282
277
279
279
277
276
282
271
273
273
275
269
262
265
264
262
262
263
261
263
256
271
257
266
258
272
267
269
272
278
275
269
282
278
278
274
289
284
288
291
290
287
285
295
279
285
277
286
287
285
297
284
293
294
301
298
287
290
298
289
300
299
300
300
310
303
299
297
301
301
309
311
298
304
318
309
305
306
306
304
313
308
308
304
322
314
306
308
312
315
320
309
312
312
316
312
307
314
301
309
309
308
312
313
316
303
298
308
299
299
306
302
301
306
304
301
293
299
295
298
300
298
293
297
308
302
297
310
301
304
309
306
306
301
312
309
303
314
305
310
314
315
310
320
317
314
305
310
305
305
304
300
303
309
308
311
306
317
312
318
314
310
301
317
311
309
312
308
311
319
311
310
306
313
308
300
302
302
305
304
309
300
300
313
301
286
281
296
289
289
291
286
288
293
293
294
285
296
291
293
300
295
298
300
303
301
296
304
302
305
310
307
306
306
312
304
294
306
298
290
299
297
287
291
301
286
298
294
292
299
295
293
300
291
291
300
291
