93
233
235
237
219
236
235
242
237
241
240
244
243
249
251
251
249
247
245
255
251
250
242
253
251
249
239
263
246
238
242
253
245
245
228
241
242
237
235
239
246
241
240
236
252
247
245
250
250
252
250
258
255
252
250
258
252
250
246
253
250
248
253
255
250
250
250
254
255
254
246
253
254
253
255
262
261
255
246
272
254
261
255
262
243
259
256
256
237
244
249
252
244
242
236
254
245
250
247
249
250
250
251
256
247
249
246
251
246
242
247
252
246
248
254
254
254
254
256
254
257
256
258
256
243
247
253
251
251
236
246
254
248
251
255
242
251
249
256
239
241
240
249
240
241
234
239
250
243
247
252
249
244
249
253
250
252
253
266
259
258
256
263
254
260
255
263
254
259
257
258
256
256
264
259
259
254
267
267
274
267
267
266
261
266
262
257
252
262
257
252
251
262
251
251
248
254
245
254
245
252
246
243
253
252
249
243
240
255
245
245
239
247
236
246
248
251
247
244
251
257
248
252
242
247
246
248
251
254
251
252
256
268
263
263
256
270
266
270
274
265
256
258
266
259
259
249
273
266
269
270
264
260
262
266
269
272
270
282
292
300
312
317
309
325
329
312
303
301
288
280
277
275
276
267
270
266
268
264
267
255
258
261
260
255
249
254
252
254
245
257
244
246
251
254
247
248
244
255
245
253
239
247
246
247
248
255
244
249
245
261
251
256
251
261
259
259
263
258
254
254
263
253
259
249
257
250
251
254
257
247
249
248
257
250
254
244
256
254
253
259
257
253
248
260
259
257
251
259
256
257
259
264
260
263
265
269
261
267
261
265
260
259
261
264
259
256
267
265
265
262
273
263
270
272
275
265
266
270
262
265
255
259
256
264
259
262
253
256
254
268
255
254
252
258
252
249
255
251
253
260
275
280
295
290
295
282
288
284
280
270
267
279
273
272
263
280
277
277
281
277
271
273
273
260
267
260
267
266
272
276
277
273
268
283
275
268
261
268
266
264
268
255
257
255
268
252
252
248
258
247
254
246
252
245
247
246
243
240
246
236
245
234
237
246
248
238
242
235
257
248
250
244
256
252
255
259
261
258
257
265
259
264
255
264
267
268
268
267
261
265
268
267
265
260
271
262
258
267
271
262
259
266
270
259
258
258
259
254
258
260
257
255
250
260
254
255
245
251
251
248
246
253
238
244
239
250
231
235
229
245
228
237
227
233
242
234
229
230
235
229
231
220
230
229
221
222
228
235
229
218
223
234
233
230
217
231
228
234
232
235
235
225
229
239
241
234
239
222
242
236
235
238
244
241
231
242
244
245
242
230
235
245
236
242
245
246
229
247
245
251
241
241
246
249
245
255
250
254
247
247
250
253
245
245
244
251
246
246
256
258
255
252
263
259
266
258
269
255
266
271
271
267
267
277
272
274
261
274
271
272
271
267
263
261
274
268
262
254
267
260
260
264
258
253
256
257
258
252
244
246
247
251
252
254
254
249
262
276
281
280
272
285
277
278
280
279
272
273
283
275
276
274
272
276
276
274
263
269
267
274
264
258
265
264
265
264
269
257
263
265
271
262
260
259
263
260
263
262
255
260
258
266
258
257
245
260
253
254
251
249
250
247
250
258
250
243
253
259
253
250
256
258
253
258
255
258
260
262
257
261
259
262
268
268
269
265
285
272
278
275
287
279
289
296
281
276
283
283
287
275
279
276
282
289
291
282
276
290
279
278
274
278
267
271
280
269
266
264
273
270
272
277
276
279
284
283
280
280
279
277
284
273
275
270
269
280
280
267
265
281
272
274
271
271
269
278
284
273
272
281
282
276
275
277
276
272
272
281
274
271
278
278
286
288
298
287
291
295
283
288
285
282
272
273
277
269
268
274
280
269
268
278
277
278
264
284
274
269
273
276
267
259
280
273
272
258
269
263
265
266
265
263
255
259
259
257
248
248
246
250
248
252
249
239
247
251
251
245
235
246
245
240
243
236
246
239
245
248
253
249
255
249
258
256
259
263
259
252
253
261
257
256
247
260
253
258
259
265
259
262
265
266
263
268
268
265
265
264
268
271
278
268
280
276
265
270
270
268
271
275
261
268
272
267
258
260
262
259
257
264
263
262
263
257
269
258
260
251
259
259
256
263
264
260
256
270
262
260
253
263
256
257
254
253
246
248
244
239
242
240
227
234
231
234
233
243
229
232
233
248
237
241
227
248
241
240
242
248
237
246
242
251
244
244
243
250
247
251
250
256
249
256
249
258
250
254
243
260
254
253
257
263
258
257
263
267
260
258
262
259
261
260
262
261
262
258
262
254
262
251
262
258
256
257
267
259
256
263
265
264
265
272
266
264
272
275
266
268
275
277
274
272
273
273
278
277
289
277
276
283
283
279
271
282
271
276
283
277
276
285
306
294
287
289
289
291
283
282
281
277
285
270
271
264
271
267
263
270
278
274
275
284
276
282
271
277
282
285
282
273
274
275
279
271
266
271
273
273
269
269
265
265
270
273
261
262
275
266
268
272
274
266
275
276
267
274
262
273
264
266
268
284
276
273
281
267
275
265
276
266
263
266
268
263
267
280
266
278
282
288
282
282
291
285
291
287
279
281
271
283
269
261
269
270
265
257
268
266
263
260
268
257
263
265
267
263
259
260
262
259
257
257
262
268
270
278
280
277
279
294
283
288
293
283
287
291
286
275
280
289
281
290
285
294
285
281
293
291
276
281
285
272
270
283
268
262
270
271
260
262
267
263
265
262
268
260
261
264
270
261
256
259
268
265
260
260
265
263
266
272
263
265
268
275
259
264
260
260
262
266
270
261
264
262
268
261
258
252
257
254
250
254
256
248
247
250
249
247
245
248
243
239
247
248
246
244
247
253
252
256
253
260
253
259
264
272
263
263
260
270
267
265
267
265
268
272
282
263
268
273
274
266
259
269
261
269
264
270
260
263
260
263
265
261
265
262
267
269
277
268
259
261
270
262
261
260
258
260
264
267
260
268
267
280
272
273
269
275
273
281
279
276
276
278
289
279
274
275
274
265
273
278
274
282
282
279
266
268
265
265
264
261
269
260
263
257
267
256
255
253
259
250
252
256
257
249
252
258
255
256
252
262
258
265
267
273
274
278
287
288
301
278
292
289
286
288
277
281
289
293
281
276
285
281
281
281
273
282
281
295
292
285
283
285
282
275
284
274
274
273
273
270
267
278
271
259
272
270
261
262
259
261
257
255
261
251
248
257
253
251
251
245
253
248
252
245
257
251
249
254
262
255
256
260
260
256
259
266
262
258
267
274
265
266
261
271
267
270
265
260
264
263
273
261
261
261
274
265
261
260
264
265
266
269
264
268
266
274
261
269
264
270
269
266
273
272
269
263
268
267
262
258
263
255
256
260
266
254
255
261
263
261
258
254
254
253
254
256
251
247
251
260
257
258
245
266
256
262
270
274
267
270
283
275
275
272
284
275
280
285
277
279
269
284
278
279
273
273
277
276
286
277
269
282
285
291
290
300
298
302
308
286
281
287
280
270
264
273
265
270
270
266
265
262
270
273
268
261
274
274
274
284
285
277
274
281
274
272
269
269
266
272
273
269
268
266
273
266
270
268
270
273
282
288
286
279
287
293
285
273
288
284
286
287
287
288
285
286
286
283
280
280
284
281
289
293
290
311
297
286
284
292
292
294
299
282
278
305
306
306
289
291
287
281
283
282
284
282
286
286
272
284
280
286
281
284
280
278
278
271
270
262
262
262
264
264
261
255
256
260
257
255
252
257
258
256
251
264
256
260
257
273
259
269
261
272
268
272
271
264
271
264
273
268
270
266
264
268
266
278
267
269
268
277
270
267
281
276
274
282
292
283
281
300
287
294
292
297
291
291
303
295
298
300
284
279
274
277
271
273
282
275
264
270
271
268
265
262
258
261
265
265
256
263
263
271
265
267
269
275
273
279
282
279
269
267
275
272
264
268
269
264
274
277
263
275
281
283
287
282
281
266
273
272
270
263
263
267
263
260
258
267
258
257
260
269
259
261
261
269
263
260
261
256
261
263
267
257
264
263
270
259
265
255
263
258
258
265
262
256
254
266
261
263
255
263
258
263
267
272
259
263
267
267
265
261
263
263
264
262
267
260
259
257
273
261
258
255
258
256
255
260
253
247
252
258
251
249
241
251
245
249
244
244
244
242
238
242
237
245
231
241
232
242
238
244
239
228
237
245
239
232
227
236
236
231
234
231
245
233
241
238
247
237
246
235
247
245
247
248
256
251
258
257
262
262
259
268
262
264
267
274
263
265
267
267
269
267
270
265
277
277
279
272
276
285
276
273
265
275
267
258
264
268
260
257
262
262
259
255
266
253
257
264
262
256
253
251
257
251
256
252
263
259
264
270
275
266
263
274
266
266
258
269
260
264
268
269
265
272
281
273
278
268
275
268
271
274
270
271
266
278
265
268
261
277
271
268
273
274
268
266
278
270
276
278
275
279
285
285
280
272
264
273
265
262
256
260
248
255
257
252
242
246
252
246
242
247
250
248
247
250
257
251
253
249
259
250
261
250
267
260
263
264
270
264
263
269
270
266
260
275
259
264
269
269
264
266
271
266
271
264
274
262
264
267
273
269
262
275
275
282
270
281
275
272
279
269
268
267
271
265
270
267
258
266
266
267
254
259
257
264
260
257
254
259
262
259
264
265
263
258
271
260
260
254
262
254
255
258
265
253
259
260
258
260
255
256
252
250
256
255
255
255
254
264
268
265
260
267
268
272
289
281
276
283
290
275
285
278
283
283
285
286
274
277
276
284
278
271
285
284
288
281
278
285
292
316
306
301
310
288
291
296
288
281
281
289
290
296
295
295
296
293
289
281
274
284
273
279
273
272
261
266
271
262
260
258
271
262
266
254
259
262
264
265
262
265
268
272
262
262
254
265
257
254
262
263
256
253
260
257
253
249
254
246
245
249
249
243
243
241
250
244
248
238
245
245
245
245
250
251
253
255
267
258
257
259
264
254
254
261
260
254
256
257
254
255
250
254
243
250
247
252
246
244
245
254
247
248
235
256
247
249
249
254
248
248
249
257
246
252
246
254
244
246
251
253
250
252
251
261
257
256
249
253
252
249
254
253
245
245
253
252
248
242
248
249
243
248
252
247
244
250
251
252
251
246
253
252
256
260
264
264
258
260
270
259
258
251
259
250
250
254
257
247
254
259
260
261
257
261
257
257
256
259
255
260
255
268
262
265
265
278
267
272
284
271
269
269
274
264
263
264
258
262
279
300
300
298
305
297
291
282
291
293
278
287
284
281
285
281
283
271
276
267
269
274
271
262
261
273
262
266
251
264
260
259
265
256
258
253
263
261
263
246
263
253
255
255
257
249
249
256
258
248
253
252
257
258
267
268
267
267
270
281
268
270
267
271
268
268
273
271
266
266
270
261
262
255
265
254
252
259
258
248
254
254
258
254
252
256
251
253
256
257
252
249
243
257
249
249
239
251
249
251
252
261
249
250
252
263
251
256
244
251
249
249
249
247
243
245
246
253
247
246
246
255
253
253
257
262
258
257
267
259
255
254
263
256
255
254
263
253
258
258
262
253
258
249
261
256
257
260
262
