70
480
471
477
427
415
481
438
408
487
476
441
523
479
437
481
483
446
489
483
434
467
480
440
485
483
464
490
479
416
462
446
410
428
445
390
401
436
404
387
455
426
406
466
423
403
436
411
389
447
455
417
449
437
415
443
444
404
449
436
396
374
356
364
360
341
368
380
370
407
478
457
470
462
432
434
458
417
427
445
407
420
504
427
408
505
426
388
363
349
360
377
363
383
399
392
495
498
482
493
435
444
467
420
391
418
448
421
445
458
368
366
367
380
526
468
481
478
446
471
479
425
490
468
414
439
469
430
418
470
381
381
396
419
542
505
458
480
455
437
470
429
396
424
415
395
398
497
474
402
477
456
384
365
369
356
371
511
476
502
473
472
499
444
435
481
453
422
443
413
394
464
409
370
381
369
505
476
467
496
457
454
447
408
460
430
409
420
453
395
398
368
355
377
364
387
491
469
491
485
435
430
465
426
433
449
425
416
474
432
408
445
458
414
493
435
410
452
449
408
452
445
408
453
400
377
369
355
364
355
361
360
364
505
458
469
496
454
478
498
443
451
457
422
447
479
440
454
480
445
456
489
429
470
462
422
449
425
364
359
368
357
416
526
482
481
457
458
479
443
441
456
417
459
470
424
461
457
421
473
462
420
432
390
356
370
368
388
541
491
483
493
441
485
470
428
450
458
423
404
448
429
400
427
390
424
453
427
454
453
415
439
405
426
452
418
418
423
363
355
366
360
382
480
477
439
503
453
466
458
414
446
443
407
452
445
383
429
440
401
386
399
351
357
365
363
398
465
451
459
483
433
188
266
401
417
410
431
396
401
430
411
408
428
363
365
365
354
376
444
452
420
438
419
430
370
364
366
344
333
351
391
379
369
401
427
487
455
481
463
442
472
439
421
447
409
371
363
345
350
369
415
416
449
450
417
431
414
376
372
355
348
349
344
346
375
473
478
501
473
441
473
505
431
475
487
420
450
458
412
407
375
373
370
373
411
494
482
485
455
448
471
458
433
464
418
422
442
406
425
440
408
394
361
357
362
346
364
402
421
526
478
437
392
376
366
351
343
332
350
343
339
354
373
381
397
376
389
420
458
466
502
454
465
495
442
420
436
381
368
376
374
461
545
518
517
473
475
498
444
457
428
419
451
414
367
374
390
441
520
470
498
453
443
476
451
403
389
365
366
386
501
460
482
483
449
447
416
454
461
428
457
451
426
435
429
419
452
416
413
475
408
428
466
415
427
448
433
415
462
439
406
445
448
405
455
449
407
432
445
411
421
385
376
356
354
347
361
380
494
489
489
437
441
478
434
438
470
423
467
489
409
462
468
419
457
490
424
461
440
421
445
434
406
445
441
409
463
451
410
432
465
418
464
441
408
453
417
400
430
402
388
424
413
408
438
435
406
465
451
424
474
460
411
450
430
405
439
432
402
441
485
416
441
454
430
400
457
425
353
367
343
339
351
358
478
385
386
397
448
457
428
453
438
425
441
462
418
489
495
454
489
473
462
475
463
461
439
472
438
471
467
432
432
461
408
401
390
349
356
351
343
377
532
502
512
478
445
465
449
438
456
429
427
485
432
480
478
452
447
469
425
472
452
412
441
448
400
437
439
414
467
462
437
454
470
421
437
432
410
399
450
462
418
375
354
359
377
443
410
469
474
394
417
418
390
412
424
401
451
439
402
465
456
417
450
451
411
465
440
429
453
444
424
495
450
470
470
439
428
495
450
412
477
463
420
453
436
390
432
427
408
456
443
422
467
422
403
443
427
405
458
453
413
471
472
433
462
466
422
471
453
404
436
472
418
410
442
421
406
458
449
402
457
436
399
409
421
385
383
421
423
392
447
458
415
459
467
419
462
471
409
455
457
396
421
447
406
444
472
413
430
442
442
418
459
450
417
458
458
403
422
428
401
410
434
419
391
409
418
394
446
477
445
450
450
407
440
440
413
406
425
427
403
448
433
414
461
438
403
428
433
419
460
467
423
428
413
349
364
347
324
339
337
389
399
516
493
464
494
486
469
489
445
445
444
397
419
428
400
423
422
399
469
428
413
459
478
424
496
474
438
458
453
407
483
466
418
466
428
403
450
434
388
458
445
374
360
357
351
352
399
414
537
493
488
493
465
475
455
417
443
432
405
465
425
382
403
454
409
459
511
449
433
467
423
427
428
381
412
490
460
435
466
434
406
432
454
406
474
423
433
466
427
435
445
417
387
423
453
418
442
452
411
414
424
410
389
420
419
382
433
437
400
429
455
397
421
385
349
353
354
344
426
521
486
496
477
442
479
423
415
436
465
405
462
451
406
438
447
392
412
431
408
409
478
497
437
477
465
427
457
474
401
457
450
403
444
444
403
390
454
466
412
461
461
402
460
454
400
458
444
404
417
474
435
428
448
432
392
433
425
385
416
419
386
397
445
422
411
435
454
405
484
467
414
454
479
434
457
475
435
416
462
455
410
449
448
401
433
434
394
445
453
428
393
440
425
398
439
450
406
425
442
406
409
436
379
363
354
342
348
348
352
346
349
378
526
465
458
503
459
457
505
473
406
382
372
337
347
341
344
362
381
409
529
501
471
509
474
457
475
461
485
477
428
480
464
425
475
431
391
432
438
410
462
461
416
454
431
406
470
470
414
471
450
402
431
399
386
433
481
404
459
462
416
402
378
347
341
340
342
364
507
518
464
508
499
465
470
484
447
455
445
432
411
449
442
405
463
447
418
407
391
376
408
386
429
436
403
394
394
366
367
369
391
368
360
392
379
367
362
378
371
341
364
354
334
354
348
360
360
367
392
377
375
440
467
453
490
467
398
436
435
415
476
455
462
433
403
439
472
492
477
488
384
385
385
372
394
478
495
523
508
471
494
462
418
458
442
407
412
192
244
362
381
386
357
355
371
368
380
449
470
477
470
441
431
488
468
419
458
424
399
440
439
414
458
482
389
361
362
357
375
398
493
500
505
480
502
472
439
446
460
408
435
449
422
385
371
371
354
377
420
426
532
472
461
487
452
429
458
418
406
459
488
429
481
438
460
465
428
501
488
422
457
442
374
362
368
359
386
518
469
497
465
444
482
429
411
463
451
434
470
458
416
459
428
414
442
420
405
451
421
411
467
445
426
461
458
407
453
412
392
429
426
402
466
480
412
457
478
426
424
470
425
384
407
196
218
307
351
363
396
548
494
507
505
467
496
479
438
441
446
428
415
443
453
418
469
457
413
431
420
393
428
413
408
453
441
421
455
429
391
436
406
398
425
405
369
363
363
351
378
488
474
501
489
429
470
463
425
434
469
426
402
446
434
401
437
410
400
435
430
416
466
495
442
430
435
416
426
487
457
441
456
441
408
447
447
410
431
435
399
432
461
417
388
422
412
404
413
403
365
337
346
333
341
355
362
403
409
380
394
385
363
355
448
403
381
381
388
371
371
379
371
345
347
