243
450
426
433
437
455
441
422
437
412
438
422
441
421
449
429
444
433
439
428
436
420
438
426
441
426
430
435
434
426
424
435
429
428
453
438
446
451
452
432
450
439
449
445
433
453
449
454
450
429
442
439
456
435
475
464
453
437
436
420
432
413
443
456
426
448
413
436
447
428
438
431
436
441
446
443
432
440
440
446
423
423
438
459
447
447
454
436
456
450
441
456
464
451
428
444
420
443
425
432
430
447
418
448
439
436
448
424
438
449
435
436
419
440
424
434
429
433
444
431
445
419
420
439
428
446
415
437
444
435
434
427
446
419
437
422
427
439
426
433
411
440
429
432
421
422
433
414
445
419
426
434
434
433
432
446
430
442
436
424
447
443
432
438
447
435
451
427
433
429
428
446
426
444
452
462
439
443
445
433
450
437
458
460
450
443
439
447
436
438
436
432
447
441
446
431
434
437
437
431
434
447
442
446
436
426
437
438
419
431
442
422
451
432
421
432
429
427
403
422
409
436
409
432
425
413
416
405
401
408
390
395
377
380
366
371
371
361
358
353
360
348
354
337
337
335
338
332
344
333
345
345
315
383
361
346
213
392
362
347
363
358
368
389
374
375
360
367
366
374
368
382
375
371
390
377
387
382
386
400
390
423
397
390
386
373
390
377
387
390
386
383
374
379
391
397
389
396
371
385
380
387
387
373
390
382
380
389
382
378
379
378
383
379
383
402
383
405
377
400
387
410
392
417
400
400
408
401
404
385
395
397
397
395
383
373
400
400
404
398
395
402
386
412
394
418
404
430
408
414
398
427
405
423
397
411
389
406
388
404
396
405
429
404
402
396
398
381
383
388
394
383
397
387
406
396
411
409
397
394
412
406
409
398
399
408
346
468
420
418
417
412
409
406
399
413
394
421
402
424
429
426
422
430
402
426
407
439
403
427
407
420
402
425
404
412
400
409
395
397
394
394
399
382
396
380
389
386
402
404
417
422
409
415
417
426
432
424
414
437
417
442
428
438
427
442
432
441
428
429
416
416
417
438
418
450
429
410
428
402
404
375
390
426
393
412
396
398
387
354
391
373
366
382
364
378
371
362
383
379
363
385
380
349
363
352
368
389
396
392
408
397
401
406
403
411
407
409
413
407
412
401
399
399
405
406
399
403
392
415
398
413
390
400
399
395
393
381
397
408
397
402
399
377
407
383
413
384
394
398
390
396
388
385
260
502
391
390
275
469
397
409
385
387
381
397
388
404
386
394
394
402
407
399
397
393
413
412
400
403
406
389
402
379
396
393
400
397
384
391
385
401
394
400
379
407
385
412
391
400
401
404
404
401
401
415
410
412
404
418
418
420
416
410
433
430
429
409
412
420
394
403
372
395
388
386
414
379
402
400
398
408
376
398
383
391
396
381
392
401
412
392
400
381
395
388
402
400
408
400
423
416
415
404
425
396
413
392
404
409
401
410
390
399
399
403
404
405
400
419
389
416
386
402
400
398
410
406
405
407
409
408
412
393
422
403
423
398
405
409
418
425
405
410
411
410
407
405
406
410
405
413
395
405
397
406
392
393
391
418
410
412
403
406
419
409
416
399
419
406
419
400
441
432
413
410
409
399
409
401
423
411
397
429
411
431
405
400
402
420
408
422
411
252
569
414
416
428
395
417
394
409
412
406
434
428
427
418
421
408
410
388
402
392
396
398
392
420
397
427
399
409
414
414
418
399
407
417
425
421
406
410
405
424
404
419
412
423
422
421
405
422
420
426
423
404
436
415
430
406
430
406
429
408
419
415
416
435
406
411
433
420
422
413
411
436
419
422
419
428
410
427
399
407
414
399
413
395
396
386
407
403
398
383
387
401
430
405
423
408
416
413
414
407
365
451
440
422
444
431
425
420
417
412
415
422
401
417
415
419
417
421
422
429
398
433
406
407
417
430
408
418
409
420
421
422
410
433
413
442
437
430
427
419
424
413
406
418
415
422
425
418
419
425
403
256
538
410
441
412
421
421
412
417
418
413
412
395
411
399
409
418
421
417
427
418
429
417
422
414
432
422
437
414
423
427
402
433
416
403
433
435
419
408
424
271
554
399
285
547
399
318
530
415
245
568
429
406
407
371
353
362
346
361
356
559
340
494
395
416
401
449
420
416
412
424
419
417
401
430
415
436
417
470
443
442
413
421
408
419
426
426
415
430
414
418
403
414
406
425
408
407
424
402
426
399
433
431
414
434
422
428
433
438
432
427
424
423
443
415
419
423
422
432
426
436
439
438
425
448
446
424
443
428
411
428
409
441
412
424
415
431
411
427
412
415
406
411
396
414
399
414
404
398
409
407
431
422
424
423
428
428
434
418
428
434
427
415
434
409
443
411
416
412
416
407
418
394
416
406
417
386
398
408
424
408
419
412
423
423
421
411
433
402
428
405
256
474
434
441
419
420
419
425
415
413
405
426
416
436
406
424
414
430
398
422
420
423
425
417
400
431
400
426
403
404
410
404
416
398
413
413
420
411
411
407
421
416
420
416
432
412
434
410
417
411
424
431
434
423
431
424
428
415
428
400
431
416
424
427
434
428
420
409
426
432
410
417
420
414
409
414
409
415
409
415
406
404
402
395
394
366
360
348
363
373
362
364
371
374
381
383
376
400
387
384
388
392
389
402
399
416
422
404
433
404
416
389
395
386
390
390
395
379
399
381
393
401
379
410
384
416
384
401
400
388
398
392
387
387
385
395
401
393
410
394
398
412
396
417
382
404
380
393
394
389
395
386
390
385
384
383
381
373
374
375
376
384
379
381
398
282
496
373
232
516
375
297
491
369
345
424
392
370
381
375
385
382
385
382
394
383
397
381
376
368
387
377
393
369
381
384
383
383
380
366
384
359
386
364
384
382
386
392
381
383
374
382
385
384
378
382
388
393
390
383
375
386
367
381
367
377
391
383
391
381
383
389
384
388
376
372
374
389
386
395
382
373
385
384
389
380
360
381
358
387
364
376
367
372
378
370
351
352
374
371
365
352
357
371
352
311
365
351
356
373
362
359
343
351
360
357
364
379
381
384
404
402
401
388
399
404
420
407
405
401
412
403
398
385
395
392
400
406
382
394
385
397
391
377
388
373
379
386
383
379
388
370
386
392
384
395
376
395
381
385
396
381
276
506
396
406
382
397
374
389
383
386
389
384
381
369
364
353
365
353
364
397
398
410
387
378
397
371
392
359
374
375
356
371
354
366
383
382
385
368
358
378
374
365
389
369
386
377
387
389
382
367
371
358
367
372
356
353
377
363
377
363
355
362
358
373
366
384
377
390
380
381
398
378
396
373
396
371
370
376
366
372
348
373
361
356
358
342
349
329
358
345
357
219
425
372
372
346
351
319
342
349
331
352
339
344
351
362
349
352
353
353
358
362
353
368
361
349
364
350
354
355
331
343
363
346
350
342
352
336
350
335
344
339
357
340
350
344
350
349
341
354
337
210
454
362
352
343
345
355
345
335
332
350
344
357
370
359
366
372
362
371
357
372
355
352
391
365
351
379
363
370
353
366
384
381
401
413
414
431
397
419
396
398
398
389
410
376
389
405
369
392
390
381
388
363
375
368
366
370
372
356
395
368
356
365
378
377
357
364
362
364
386
366
356
372
380
362
377
382
369
369
376
397
371
382
384
367
371
371
360
364
366
