159
256
271
219
284
233
199
344
271
259
226
234
242
273
328
311
244
238
256
142
231
257
211
231
183
289
245
200
233
254
291
205
252
232
211
153
255
194
233
293
366
259
254
250
272
257
174
326
207
245
202
236
238
294
328
250
221
328
266
251
148
227
229
222
203
256
256
162
244
229
229
154
128
222
183
303
167
253
243
151
225
291
234
225
221
313
323
260
239
155
183
219
333
301
157
160
239
349
156
214
319
205
245
230
247
242
263
234
281
224
248
193
239
215
186
155
280
250
249
240
298
238
290
269
227
232
143
263
203
242
283
415
310
227
172
199
233
316
185
286
246
308
149
273
247
148
202
154
247
299
334
234
195
349
166
141
244
240
250
244
265
282
297
288
333
297
225
302
204
229
220
262
173
230
243
247
149
136
322
220
231
143
318
399
316
271
281
207
186
176
216
212
262
292
250
282
216
249
204
244
219
249
253
219
239
183
146
376
251
308
289
321
251
184
228
228
264
261
245
326
214
169
226
239
324
249
227
226
150
258
161
365
201
201
243
262
211
158
411
302
227
186
131
231
274
249
261
255
231
259
249
309
249
250
233
230
215
241
151
237
220
244
180
270
213
255
224
213
168
238
193
215
299
315
248
437
174
231
213
271
249
236
290
273
375
231
300
177
234
283
221
144
134
398
211
200
337
235
152
281
244
239
286
273
196
327
430
223
273
227
225
284
230
135
142
219
302
230
358
189
217
215
151
240
154
223
236
234
243
232
218
368
307
287
275
274
288
250
238
251
319
299
273
308
231
307
298
270
205
191
207
253
262
163
216
170
225
251
245
248
185
223
226
213
156
226
140
281
264
225
275
278
287
273
231
205
237
236
235
267
372
198
234
224
190
137
229
354
191
242
253
229
238
136
352
235
330
303
276
160
216
231
216
238
408
305
206
289
328
271
285
247
271
320
332
257
196
234
293
260
217
141
242
282
248
223
219
234
223
261
360
314
215
340
222
135
250
203
311
352
345
330
198
272
242
252
246
277
151
220
307
184
236
222
319
280
253
260
229
322
235
430
259
154
252
302
314
297
213
222
274
182
268
213
235
237
172
187
259
157
171
424
241
160
242
185
244
301
252
348
552
246
246
224
292
260
233
276
224
207
211
397
308
245
243
220
246
233
146
263
271
360
235
196
263
294
201
276
217
213
288
222
225
144
242
267
193
270
234
335
314
171
253
159
229
312
263
212
233
320
257
345
267
363
269
304
243
236
248
264
254
261
222
1338
738
534
592
398
564
489
169
528
521
473
454
239
246
449
501
423
372
456
443
429
416
411
417
442
464
429
443
454
490
483
452
437
444
475
443
425
352
327
157
546
234
447
650
464
417
283
427
207
481
718
669
658
682
425
189
467
438
484
495
447
466
456
350
371
436
660
451
456
441
190
476
441
361
354
435
457
463
383
181
171
228
170
136
238
180
179
176
156
182
257
184
239
181
233
194
188
189
221
301
190
267
271
261
157
213
185
256
274
161
200
300
221
151
261
180
254
195
216
172
165
143
202
215
262
143
150
200
230
431
340
310
145
298
202
142
250
151
169
155
575
708
339
724
222
661
199
394
487
327
207
406
665
701
696
650
686
690
649
680
716
664
408
335
272
539
679
424
304
568
427
304
522
425
363
481
411
345
479
453
345
485
405
360
506
447
343
464
422
202
523
423
329
351
439
344
297
541
433
456
334
287
528
426
432
330
301
529
420
428
340
301
558
454
426
326
585
437
304
523
415
371
478
418
320
527
461
454
436
449
450
467
450
409
418
449
434
327
510
202
448
446
446
336
500
442
320
551
426
333
482
449
364
479
415
342
251
546
445
409
338
523
456
334
501
399
364
477
447
325
485
426
371
485
430
321
509
445
365
457
410
339
489
442
341
440
412
341
479
439
310
516
431
343
527
410
317
515
418
373
468
427
318
572
431
317
502
432
341
482
420
308
466
446
330
478
423
306
518
446
317
506
409
332
526
424
314
460
198
455
438
340
442
185
473
437
432
330
497
428
320
515
198
433
405
424
347
483
184
457
417
459
323
553
429
675
450
442
296
514
444
199
492
430
422
266
426
465
301
188
365
435
205
495
440
430
304
544
459
441
290
546
422
433
370
479
413
432
367
265
515
422
423
340
524
421
323
487
434
334
492
425
299
506
449
326
502
419
321
550
444
320
491
424
354
481
405
336
450
439
351
462
404
338
516
425
350
475
414
332
520
418
324
454
437
337
488
413
320
465
446
341
489
421
313
495
431
337
443
418
314
513
425
308
508
429
327
547
401
299
506
435
326
491
409
314
509
443
316
490
423
326
502
439
282
481
425
348
462
425
260
537
450
436
289
523
435
440
316
537
405
398
334
526
411
387
332
500
443
418
310
508
455
456
283
189
359
429
441
309
560
402
406
331
520
419
420
314
506
444
438
298
510
436
428
335
495
417
414
357
525
430
399
350
501
441
341
439
190
475
445
340
496
423
303
527
412
364
401
433
347
485
207
433
393
359
464
438
310
467
431
377
176
498
390
345
419
407
403
371
377
392
418
368
456
391
365
463
428
387
435
406
392
456
429
370
419
412
398
431
434
338
220
486
449
428
342
450
435
327
495
432
321
452
464
337
485
410
342
448
434
378
398
414
347
495
421
358
433
431
352
507
409
341
229
501
450
422
352
456
447
358
466
386
364
416
196
131
372
415
338
465
449
356
503
416
332
438
401
183
462
349
170
455
201
417
447
359
364
343
186
162
350
396
389
466
721
505
451
444
467
494
188
550
205
529
704
328
344
391
408
469
448
422
408
417
450
430
369
200
155
331
433
380
231
510
407
418
390
491
407
374
208
157
344
433
385
456
188
474
437
373
459
409
355
473
446
349
457
404
384
238
152
378
415
407
418
391
504
190
133
342
413
364
487
438
183
455
429
373
486
422
331
493
436
443
191
453
410
360
497
428
408
345
477
210
143
374
406
426
333
258
165
382
413
437
406
384
481
185
463
418
355
490
430
376
209
476
442
442
366
231
502
414
442
367
490
403
359
501
439
195
135
351
396
193
513
445
316
514
431
429
205
508
411
306
529
445
418
344
462
196
474
447
409
338
447
451
323
514
652
410
447
365
462
170
490
432
435
360
451
409
325
508
420
335
462
398
374
454
425
304
503
432
378
480
415
340
490
432
375
436
429
358
489
422
360
426
432
375
438
428
327
479
425
393
470
414
353
520
427
368
427
422
354
516
397
351
451
429
376
471
400
344
493
454
345
460
417
347
481
418
371
426
453
482
429
421
427
422
461
435
408
405
445
432
443
416
410
416
457
441
425
423
434
443
438
417
404
436
450
427
413
407
414
440
449
411
404
417
414
439
422
410
393
460
442
410
405
410
418
434
411
394
391
432
439
414
411
415
426
447
436
398
407
414
447
390
429
382
417
434
459
198
140
363
427
200
489
422
176
133
355
404
436
439
179
516
207
496
744
189
519
202
495
740
184
534
198
494
215
535
699
175
513
201
537
196
138
376
189
496
759
179
527
185
121
392
190
555
718
173
518
211
542
184
236
365
166
525
223
549
708
174
557
192
565
209
503
694
190
154
393
198
124
387
312
425
212
573
709
168
559
744
175
527
413
438
363
254
526
703
187
548
701
179
145
339
328
374
187
139
353
177
129
361
186
534
724
176
126
395
181
149
463
455
195
508
181
543
760
167
512
740
181
543
688
698
195
540
664
183
139
201
568
339
425
195
507
751
189
497
315
186
149
212
176
174
158
189
290
205
153
214
171
199
293
297
214
171
201
243
267
180
256
235
324
198
211
177
166
233
216
201
157
141
154
152
135
149
280
183
411
239
193
181
179
309
234
261
251
241
303
180
175
426
281
262
237
285
157
134
176
209
259
239
264
210
275
195
336
186
253
269
251
222
265
165
198
296
225
223
287
267
317
161
284
264
215
259
164
262
245
259
214
288
181
314
215
288
217
258
255
241
196
222
216
302
265
259
161
222
160
291
255
192
309
255
296
286
214
259
188
220
176
149
225
263
266
242
185
264
170
234
231
239
244
237
259
222
232
206
234
152
178
219
143
234
276
242
240
313
224
250
222
269
307
267
161
246
222
283
281
235
303
266
317
262
206
204
188
215
317
164
243
217
210
177
136
261
280
181
245
245
256
240
170
308
219
289
195
159
270
241
199
206
223
236
178
193
175
238
275
234
269
159
225
252
265
265
224
217
193
251
167
219
233
234
204
230
249
299
345
245
210
253
243
163
242
194
174
263
248
172
432
218
171
204
225
194
300
172
235
260
168
274
221
267
170
165
258
262
285
256
159
232
277
218
233
279
371
283
253
286
285
173
172
263
249
302
255
374
242
171
183
226
192
237
178
219
209
227
264
216
151
263
263
269
227
187
337
279
216
269
189
239
235
267
1358
583
625
249
468
171
559
716
454
175
510
696
