348
394
413
421
404
385
392
410
422
417
394
399
401
413
402
391
392
393
416
434
420
396
403
417
432
237
554
390
391
407
408
390
393
396
420
429
425
404
403
420
433
414
386
383
402
418
394
394
389
402
419
425
425
399
397
425
428
420
400
401
426
425
410
393
390
404
422
417
413
394
399
422
431
415
398
397
440
427
396
384
384
390
402
397
397
386
389
413
421
412
385
383
409
415
407
401
392
413
426
417
406
391
389
409
414
413
392
392
411
428
413
395
394
409
431
420
410
401
404
415
424
408
395
391
407
431
413
390
392
411
437
427
407
413
419
428
423
399
393
391
410
424
404
388
398
422
434
418
391
400
408
421
417
402
400
407
420
426
405
384
384
407
429
407
388
397
425
430
417
399
398
412
420
419
409
387
398
418
430
414
394
401
438
435
422
403
409
428
420
420
389
384
399
425
421
401
383
397
420
415
404
225
545
411
415
409
397
390
406
425
425
406
393
393
431
422
234
540
381
407
397
397
396
387
401
424
424
413
393
385
414
429
410
396
389
232
574
402
379
378
388
407
408
407
399
391
408
430
422
393
399
412
436
423
400
402
408
420
422
403
398
394
420
434
418
394
393
412
421
406
379
385
413
421
406
405
402
411
428
436
421
400
403
424
433
413
396
402
431
428
424
409
409
425
433
253
590
400
413
431
429
407
394
415
432
419
409
392
402
417
418
419
397
392
414
428
424
394
383
405
423
410
400
388
408
433
426
423
402
400
421
429
417
392
380
409
411
401
383
384
404
435
432
424
415
407
421
426
417
396
391
409
430
414
396
271
420
449
444
424
430
429
433
430
421
387
368
380
398
406
395
397
411
438
424
400
398
409
424
425
408
221
563
412
408
404
381
382
401
424
418
397
395
413
425
417
407
395
398
415
423
412
391
389
411
431
427
401
398
423
433
414
395
388
396
409
405
252
524
371
384
388
388
376
368
381
409
403
401
381
386
397
410
413
405
389
395
416
430
414
395
395
422
421
401
389
390
409
411
411
406
392
394
423
424
418
393
396
428
427
409
395
389
407
407
405
399
384
390
413
422
410
394
386
406
420
405
383
385
398
422
414
400
398
398
409
417
404
393
386
387
408
391
360
358
362
381
386
369
351
363
376
406
415
404
393
392
402
423
419
390
387
393
400
383
371
360
369
374
374
365
346
336
332
345
348
349
338
323
319
332
346
356
345
330
329
334
346
336
332
327
323
238
397
337
339
338
321
309
316
333
340
342
328
228
408
341
339
343
339
239
412
337
339
348
349
251
422
325
330
342
351
265
412
316
325
348
344
335
328
313
314
325
332
243
430
333
314
310
326
335
340
346
321
322
327
350
348
338
331
321
324
235
444
340
331
324
311
312
324
332
323
320
305
308
322
334
342
327
312
219
399
333
340
331
318
318
318
323
332
349
337
339
334
323
345
359
384
339
339
342
372
376
377
366
363
362
385
383
389
368
375
364
387
402
393
372
370
381
404
405
385
378
376
400
395
396
381
381
383
392
412
385
368
367
383
402
178
143
206
467
364
379
379
375
382
169
434
374
177
465
376
171
428
361
373
253
510
363
364
387
183
473
396
171
453
385
175
291
574
386
377
169
459
416
408
174
448
393
405
407
399
176
460
387
406
183
477
397
171
447
396
399
401
372
366
376
409
404
390
377
385
401
406
179
476
391
384
180
489
401
394
369
375
404
401
391
375
368
392
409
395
389
378
378
391
394
401
385
363
381
403
407
378
371
376
391
415
392
386
174
448
399
396
396
380
369
378
405
411
395
376
371
393
406
391
368
379
374
406
406
397
386
380
388
413
411
389
383
394
409
415
396
385
387
400
407
400
393
371
387
397
413
393
375
384
394
415
396
382
385
389
401
409
404
382
390
396
421
408
392
378
396
411
420
395
382
400
410
412
408
382
393
395
408
408
384
377
375
394
409
389
381
376
405
407
401
385
373
389
399
402
399
386
376
393
411
409
392
377
387
430
416
391
384
391
411
412
406
399
384
394
406
412
398
382
386
416
406
394
376
370
382
392
384
380
365
370
378
399
396
389
374
372
411
399
387
373
364
373
392
375
364
369
356
376
405
388
394
378
383
425
415
390
395
390
420
419
414
400
397
408
415
420
411
383
395
417
428
407
385
394
418
417
416
403
395
407
419
421
406
395
406
422
428
418
389
403
424
440
419
401
419
427
432
417
409
406
416
436
427
407
400
410
439
436
406
408
428
441
435
414
414
419
438
439
419
394
407
425
431
412
390
408
433
434
423
404
414
419
428
436
407
404
424
422
437
410
398
436
445
421
409
399
426
435
428
421
401
412
429
436
419
401
179
524
200
148
377
185
485
188
499
200
508
197
143
353
181
490
199
146
383
190
149
361
177
495
200
152
162
175
209
232
196
183
173
164
217
215
184
158
263
246
200
185
171
207
166
156
225
203
229
199
193
238
462
423
185
161
428
188
154
386
174
146
387
187
170
395
181
517
182
508
177
151
390
181
161
369
176
150
265
196
192
167
332
242
187
223
313
207
238
180
184
210
174
169
177
170
169
199
194
319
194
225
209
178
178
170
176
172
186
171
172
173
171
188
182
185
172
183
237
176
172
237
223
199
251
196
181
174
170
159
163
166
163
160
221
221
173
175
171
177
187
167
163
158
166
149
165
182
165
174
174
178
171
181
169
230
180
225
220
171
179
169
172
174
178
168
208
154
166
157
173
168
255
166
185
212
178
230
207
206
207
188
253
210
234
208
222
230
155
241
154
158
154
162
169
168
163
179
161
232
162
160
232
181
216
254
175
176
294
169
157
152
154
155
154
156
159
157
164
165
164
179
169
153
158
152
162
171
209
177
211
173
170
167
160
159
159
156
152
223
328
219
173
164
160
166
162
163
152
154
164
172
144
152
173
170
172
311
174
303
154
157
144
147
146
166
301
168
167
162
181
165
220
221
147
160
298
172
164
166
156
159
157
158
155
151
150
155
148
178
158
166
152
160
153
164
162
156
159
153
142
206
380
575
498
162
587
169
184
452
173
562
168
161
319
230
285
218
174
189
254
463
253
192
213
295
176
158
307
314
176
288
273
199
164
331
263
165
162
141
273
228
182
208
215
188
212
158
169
267
198
135
163
209
241
267
162
213
158
239
154
336
214
260
260
294
204
234
176
227
184
116
143
228
326
202
397
205
137
208
223
249
273
270
289
257
161
257
223
265
201
246
290
283
284
181
284
337
199
198
324
213
241
205
266
232
202
258
176
163
303
230
196
236
165
202
282
259
231
207
241
271
213
204
166
229
266
422
270
302
273
261
230
291
276
210
324
203
234
166
249
185
214
213
265
221
330
436
313
220
265
296
174
290
201
219
253
188
249
155
161
226
235
174
226
379
198
274
182
183
153
204
163
215
286
298
230
229
237
291
184
241
211
270
241
182
227
314
226
247
156
246
245
172
211
203
221
221
162
212
211
159
266
167
248
261
307
292
244
276
221
226
321
279
211
224
286
233
247
226
235
235
294
322
234
160
252
198
231
273
297
227
228
187
233
247
300
266
228
245
260
231
175
260
335
195
352
203
232
223
153
230
198
226
173
212
239
228
162
190
163
318
253
201
166
158
231
191
141
238
233
202
270
148
174
253
310
268
290
217
312
171
218
266
393
319
214
276
208
303
227
145
159
238
186
279
176
249
323
331
187
156
176
313
248
220
199
271
260
162
207
185
252
243
299
306
255
210
144
309
284
347
234
305
279
290
185
367
241
247
185
205
224
212
228
267
243
153
300
258
227
260
241
244
243
298
278
179
270
293
174
291
202
248
168
230
275
261
212
174
178
202
160
166
162
161
162
169
171
175
163
169
160
162
163
162
165
163
165
173
168
176
176
176
186
243
215
168
156
160
163
155
163
170
172
175
173
165
166
158
155
157
156
160
156
164
169
169
173
166
164
164
158
156
156
157
160
159
165
169
164
167
164
167
164
158
162
155
157
157
155
161
161
151
164
164
167
167
157
157
150
149
154
154
157
152
161
166
169
168
165
157
160
154
153
151
156
155
158
157
162
232
228
257
223
210
280
231
188
294
247
194
386
224
347
256
190
333
275
279
253
206
152
221
210
372
214
242
254
202
238
226
258
254
197
172
235
280
256
149
317
240
172
274
249
252
343
248
299
190
188
278
313
331
258
247
142
269
186
215
298
227
276
175
153
139
169
223
209
219
207
359
265
300
261
201
229
159
153
195
224
218
265
180
170
261
163
294
208
246
346
327
324
272
229
210
218
343
259
218
260
169
317
218
231
248
388
270
253
278
245
193
238
169
207
241
340
224
200
331
209
259
225
209
137
295
268
251
293
272
203
251
169
343
195
237
170
271
288
256
217
263
374
260
232
256
158
293
229
260
307
199
344
208
195
261
223
125
244
172
257
268
267
341
211
270
222
198
193
197
330
174
196
276
239
197
260
223
155
252
241
294
392
212
179
249
257
178
223
308
301
190
219
177
224
235
174
299
318
287
290
282
248
321
256
246
226
185
283
288
302
177
303
165
319
339
196
300
245
227
307
211
199
318
272
292
233
302
244
171
223
253
258
258
181
341
173
207
141
143
163
244
188
283
257
377
203
203
197
216
275
220
231
209
204
274
241
325
215
284
347
233
261
185
260
181
159
221
195
170
258
162
138
203
296
241
256
329
213
267
235
276
273
227
321
375
189
291
221
134
276
231
187
154
266
285
278
282
158
216
346
228
266
325
272
217
259
146
266
228
219
206
304
314
212
281
247
202
182
292
214
197
303
268
312
291
412
153
131
265
180
272
326
226
264
221
212
166
369
250
273
262
