50
262
523
243
510
233
521
251
518
246
500
235
545
252
520
239
512
248
531
252
509
237
500
257
521
248
486
247
493
250
511
249
498
239
500
264
148
369
250
158
138
259
372
124
120
120
129
132
123
117
147
109
123
124
121
113
115
99
112
114
119
163
128
163
109
112
127
119
156
124
569
245
509
257
128
113
106
114
105
119
119
108
103
111
130
91
132
117
176
509
266
130
152
218
291
328
244
431
358
331
319
311
262
406
235
411
245
403
327
254
143
535
248
150
340
392
241
479
264
430
353
330
340
353
348
354
265
392
351
361
368
344
340
345
334
353
355
353
348
334
327
358
367
341
349
340
335
352
350
353
346
331
329
325
349
351
335
334
334
321
337
341
338
264
391
223
404
289
152
271
228
422
216
446
228
466
238
461
224
435
220
486
231
465
227
459
221
468
241
467
235
455
217
491
242
466
232
460
227
477
237
482
231
465
219
487
240
486
224
470
225
465
234
489
228
480
217
480
238
490
224
476
218
484
238
494
228
481
221
474
212
526
200
501
231
466
209
525
206
510
210
488
215
525
214
493
217
486
210
533
208
506
196
502
210
536
203
514
202
498
211
532
207
515
198
499
212
522
201
511
202
505
238
506
208
500
198
503
210
231
383
234
130
118
123
109
128
118
122
138
133
125
121
493
241
105
150
139
124
112
129
106
123
106
128
130
129
113
111
108
130
110
113
129
109
103
116
106
109
111
103
100
104
109
101
115
96
123
125
133
109
129
134
139
496
243
526
360
354
243
137
605
225
150
104
111
113
121
96
114
115
114
109
99
108
67
100
99
106
90
110
106
115
97
117
106
94
118
100
92
106
107
98
112
121
126
133
152
467
292
432
235
400
306
298
310
310
300
292
288
289
272
287
307
298
289
291
279
272
277
286
281
267
275
262
269
267
260
273
283
277
270
267
257
264
258
282
279
272
263
268
268
266
255
277
279
281
272
268
259
256
264
275
276
275
264
254
256
238
236
248
244
266
247
247
248
231
248
250
251
276
260
250
264
246
268
257
278
291
287
282
275
272
272
274
284
281
284
274
273
275
265
266
281
291
282
277
268
266
263
274
289
286
273
274
280
272
257
278
287
287
283
277
267
269
272
280
289
284
278
279
276
273
272
284
295
293
284
272
275
270
279
297
296
284
289
289
279
272
290
294
303
294
284
278
282
287
302
295
292
293
289
286
283
280
307
308
293
290
287
274
296
308
302
294
298
286
286
278
297
297
297
289
283
275
278
292
298
286
288
280
280
277
271
283
301
293
280
274
276
264
284
295
289
282
286
279
275
265
278
291
292
285
280
272
274
278
289
284
284
278
274
278
270
263
287
297
280
273
273
272
267
285
285
285
281
285
272
270
260
279
290
289
279
279
268
273
272
281
284
282
272
275
275
265
260
285
297
282
272
268
268
267
272
279
283
279
281
274
272
261
278
287
288
284
280
269
275
271
281
286
287
275
281
280
271
265
290
297
285
275
274
272
275
276
286
292
282
287
276
272
262
288
290
289
284
279
272
280
270
283
290
291
279
285
279
274
270
295
294
288
277
277
277
273
284
294
289
287
292
281
272
273
289
301
297
284
275
285
278
284
295
296
288
292
285
278
274
298
302
297
283
283
282
279
294
302
298
300
294
283
280
282
296
308
296
290
288
292
277
294
300
298
297
292
281
280
282
305
303
291
290
287
286
281
295
294
298
297
287
278
279
281
303
306
293
286
291
287
283
295
301
297
296
289
286
273
299
307
302
292
295
286
290
287
301
302
310
294
286
288
283
307
317
302
298
297
297
287
298
308
307
302
298
295
281
307
314
310
300
301
294
298
294
309
315
311
301
294
293
294
319
314
308
299
300
297
290
307
316
307
305
299
291
292
320
316
303
303
295
303
296
311
318
322
303
298
294
289
316
317
308
300
302
301
289
303
318
312
310
302
294
291
314
316
310
306
300
307
294
309
321
324
311
302
300
296
313
323
319
303
310
306
291
310
322
322
319
304
296
302
317
322
317
311
309
311
298
317
331
326
318
303
307
301
324
328
315
314
323
308
300
329
325
324
315
305
309
314
324
323
317
315
315
305
315
326
334
318
305
308
298
319
332
325
315
323
310
300
321
328
330
322
310
309
319
326
330
320
317
317
310
310
325
336
321
309
311
304
322
338
327
322
325
313
303
324
332
335
320
318
317
325
339
332
330
327
322
313
321
342
342
325
320
318
317
344
340
331
343
322
318
326
348
350
330
330
340
326
350
352
342
345
333
330
339
368
345
337
342
330
340
354
346
348
337
331
327
352
360
345
337
333
334
351
347
347
341
344
329
337
372
352
342
339
335
341
350
354
351
341
334
330
356
359
349
341
334
339
345
353
347
345
344
330
342
367
351
338
336
340
337
353
351
353
343
333
330
352
358
348
338
339
334
343
356
349
351
342
332
337
364
356
340
338
338
337
354
352
360
344
329
333
349
361
348
340
343
330
344
358
347
355
337
331
338
359
352
338
337
339
334
353
353
356
341
327
329
347
362
347
337
351
333
338
361
353
352
336
333
342
357
353
346
342
341
334
351
353
355
335
336
325
348
365
344
347
347
333
342
355
355
348
332
335
338
359
351
343
344
340
332
347
361
353
340
335
330
354
368
348
351
346
336
338
360
360
350
344
337
350
363
356
353
345
343
338
355
368
350
342
341
333
293
365
355
361
345
334
348
361
367
347
341
341
350
361
351
346
345
341
334
363
368
348
344
338
340
364
359
352
350
343
330
358
367
360
350
339
347
359
356
356
349
347
333
350
375
354
350
341
337
354
357
352
355
342
336
339
360
367
348
338
343
337
353
357
344
351
341
327
362
366
349
343
338
335
352
361
354
356
343
334
348
363
362
351
339
349
339
358
360
349
352
339
340
369
357
344
342
358
338
354
364
354
356
336
336
352
363
356
341
346
337
348
365
353
354
344
336
343
369
359
340
343
342
344
362
359
363
346
337
341
360
369
351
344
355
338
360
362
357
351
343
334
361
365
351
344
341
338
350
361
360
348
335
335
344
366
355
343
349
341
338
356
358
355
338
336
336
361
359
349
345
343
336
353
360
360
346
335
334
356
371
352
350
351
336
345
360
360
351
341
338
347
365
356
348
343
345
335
354
368
347
342
343
330
368
360
346
352
339
334
347
360
357
349
338
334
358
359
349
349
339
344
339
356
368
349
342
340
340
368
357
349
352
345
334
361
368
359
350
341
347
364
359
357
349
348
334
355
373
357
348
340
335
357
359
356
351
342
340
341
365
363
349
344
340
347
357
358
351
349
343
336
368
364
353
345
339
345
361
364
355
354
347
335
361
368
357
348
341
347
354
360
356
352
349
335
352
373
357
345
341
344
345
362
357
356
347
333
341
362
361
351
338
344
341
357
358
354
353
336
334
362
361
350
340
343
339
353
364
354
355
340
332
353
367
361
349
347
348
348
365
360
357
351
342
344
373
368
345
351
350
346
362
365
361
346
341
339
360
369
347
347
352
332
361
358
354
351
340
332
364
363
351
351
344
338
358
360
367
354
338
338
356
374
360
350
357
341
348
366
363
358
345
343
355
371
360
355
352
346
346
362
372
356
343
343
345
374
358
350
354
337
337
360
359
359
343
341
342
361
362
355
345
348
336
350
372
359
349
345
335
365
368
353
357
350
336
348
367
363
353
348
343
354
366
361
356
353
348
346
377
372
356
353
342
356
373
362
359
358
344
341
369
367
354
348
342
350
362
359
353
351
344
340
368
368
353
347
341
346
359
367
357
353
345
337
361
370
359
349
344
345
355
367
358
358
348
336
365
370
355
356
343
345
358
367
364
361
346
338
360
370
361
352
341
348
344
360
365
355
347
341
346
368
364
349
346
350
343
366
369
358
351
341
339
368
368
355
348
355
338
363
368
359
357
342
341
367
369
352
352
355
341
364
369
364
354
345
343
360
380
358
354
364
342
360
379
360
357
345
347
332
390
356
382
255
466
221
510
261
487
236
468
249
143
133
124
113
121
113
135
96
144
99
116
84
114
121
115
106
121
113
88
133
129
113
119
108
122
114
120
114
108
104
102
111
100
98
104
118
115
99
110
127
91
95
111
119
96
101
118
116
90
110
114
105
108
95
83
128
103
75
135
119
113
115
100
118
108
96
108
99
108
98
102
110
91
97
94
98
109
101
112
107
99
112
99
114
98
90
98
111
89
112
105
94
105
89
107
89
91
91
100
106
104
100
106
101
108
101
97
102
105
99
98
96
94
99
95
100
96
95
95
102
99
93
98
98
107
98
101
102
89
100
102
99
105
95
91
102
90
90
96
100
84
88
103
101
105
89
55
52
74
59
95
72
106
96
88
96
86
103
93
97
94
95
88
99
134
93
111
141
154
58
102
89
93
97
94
104
109
97
92
94
83
86
114
133
64
97
97
103
100
79
109
104
73
104
102
98
100
96
105
100
88
95
52
101
109
122
148
112
114
105
96
94
148
133
133
114
103
81
108
96
107
61
135
86
107
87
97
84
92
106
64
134
85
186
105
99
105
100
92
90
107
90
96
99
82
109
113
97
111
84
108
105
79
103
53
117
74
107
89
99
109
85
103
100
98
107
116
91
93
84
97
96
95
103
86
94
88
106
103
83
101
102
90
100
103
73
111
112
104
85
106
93
99
67
86
114
99
113
98
83
88
132
84
97
95
122
167
106
99
110
87
99
108
102
89
118
133
149
171
80
110
111
92
91
111
106
96
114
100
106
107
142
148
142
119
110
134
127
123
925
820
903
533
442
418
436
418
408
397
410
430
405
406
395
394
412
428
411
400
384
409
419
400
390
382
369
388
385
375
356
339
354
359
350
346
334
336
323
340
348
328
320
310
305
317
330
324
311
314
311
296
305
322
320
316
305
298
547
410
324
543
421
316
338
360
341
340
332
328
359
341
349
349
357
351
364
373
381
374
354
366
371
388
373
366
368
338
360
387
358
353
337
331
353
346
336
338
328
317
304
329
335
331
314
269
316
225
314
233
205
282
228
188
182
169
169
161
172
176
182
177
175
176
172
171
170
170
172
172
184
183
186
185
181
183
188
182
175
170
169
166
182
187
189
181
186
177
182
180
173
176
173
162
175
183
195
186
177
172
184
174
189
166
172
166
173
180
198
182
182
178
180
169
177
174
179
175
174
173
188
182
183
182
182
178
178
168
175
170
180
172
187
185
193
182
184
167
181
182
186
164
177
183
191
182
177
190
190
183
170
182
181
169
171
197
