58
288
314
315
315
317
298
230
344
278
316
162
459
278
259
263
273
275
279
317
322
269
260
262
281
294
295
289
300
276
257
269
281
297
310
297
276
278
267
271
282
293
303
297
202
338
269
283
283
291
297
287
279
270
265
294
308
304
297
277
270
263
269
275
305
305
293
282
272
285
290
292
297
307
275
260
261
269
295
306
298
282
275
258
252
268
279
306
364
283
263
273
267
270
283
292
304
282
257
156
382
285
221
357
278
152
368
244
167
358
288
195
358
250
238
235
246
255
260
210
419
261
261
262
280
283
290
283
294
280
264
259
263
286
289
282
266
267
249
249
256
269
286
310
152
416
269
279
282
283
307
154
477
274
270
300
297
306
311
155
436
270
275
138
474
310
305
146
403
271
277
282
292
316
281
254
245
263
271
294
300
296
295
142
397
262
264
289
288
198
355
259
260
252
269
282
292
301
287
130
436
287
206
414
299
296
159
148
454
292
294
285
287
270
265
266
173
406
308
317
237
354
269
203
372
283
311
314
285
275
272
293
307
314
326
316
285
275
282
148
478
305
289
282
264
132
398
279
287
288
268
250
250
164
345
258
270
271
265
174
312
234
253
249
260
254
263
250
248
236
239
258
183
419
291
293
276
269
271
226
334
310
300
176
364
254
278
280
148
432
300
274
256
258
147
412
303
294
277
278
268
269
277
296
315
324
294
139
172
509
295
296
292
294
279
265
263
289
291
291
285
277
259
258
251
141
380
286
150
389
249
131
366
264
148
418
308
298
262
268
270
295
311
309
156
468
282
285
171
455
323
313
290
143
432
283
296
299
322
296
278
284
296
299
304
307
311
283
257
267
292
294
303
306
284
287
281
286
178
190
556
303
181
372
285
271
277
292
297
273
249
261
270
294
310
303
316
297
276
142
475
535
490
285
286
307
321
145
475
302
287
138
407
282
304
294
285
284
276
271
279
174
420
310
302
267
271
278
288
297
297
315
302
273
137
174
122
542
305
296
282
268
165
360
277
204
383
287
176
351
257
264
258
277
275
190
387
251
129
416
286
294
290
291
283
282
279
285
332
334
316
300
282
142
480
313
348
323
280
270
265
276
281
287
287
296
263
249
261
272
302
312
307
300
293
141
440
308
328
206
437
297
290
296
304
313
328
320
283
137
467
314
316
311
300
289
273
283
199
443
314
297
156
402
286
282
290
323
313
289
284
290
308
316
304
321
297
146
409
287
294
307
296
274
264
254
250
168
337
260
276
280
259
248
267
282
293
306
312
310
149
433
296
320
182
446
301
280
266
263
269
203
430
318
304
285
286
303
157
456
327
294
260
264
163
409
312
295
298
275
266
165
383
290
299
289
267
258
251
258
257
192
363
292
286
260
134
411
277
291
300
301
291
273
266
294
319
319
309
316
293
295
302
312
167
500
200
375
270
277
281
284
298
293
275
140
382
274
286
281
273
280
262
248
239
174
342
278
275
268
254
256
246
262
277
291
311
313
279
266
281
275
281
286
284
279
267
245
160
351
283
282
275
272
164
350
256
266
270
303
182
409
269
268
277
290
176
405
318
186
359
261
175
374
282
193
360
273
250
241
251
176
354
281
269
249
241
171
331
245
265
268
280
195
344
245
139
406
283
289
292
293
268
257
256
280
297
302
282
270
254
250
248
251
267
288
276
254
241
230
241
264
258
263
286
291
266
247
261
268
171
429
281
305
278
261
270
281
301
312
296
278
279
274
273
283
293
300
301
275
259
283
201
377
296
292
293
269
264
275
301
311
298
308
292
284
286
291
316
165
489
297
276
291
298
149
480
326
295
136
429
282
316
305
312
308
283
280
283
302
315
323
305
282
290
138
443
306
293
183
411
258
191
365
286
186
402
280
170
368
253
166
398
296
286
281
258
259
267
265
289
201
437
275
277
272
297
300
309
327
317
288
137
467
328
338
328
328
296
288
299
145
514
316
290
276
275
285
291
161
469
304
280
269
292
168
418
291
297
282
263
259
274
306
304
292
303
279
284
140
437
315
316
163
419
268
269
280
273
145
430
287
259
253
261
270
293
292
290
157
434
268
276
285
302
310
304
283
285
277
284
297
302
313
294
266
264
147
431
286
290
291
282
264
267
276
305
317
303
306
281
284
292
293
325
330
315
298
283
310
319
322
329
334
293
291
304
198
476
318
316
295
142
426
297
301
306
288
265
275
275
266
292
294
161
432
262
260
284
283
285
297
295
293
137
412
288
185
438
293
290
280
275
285
139
489
314
307
284
279
166
433
297
330
315
288
282
285
177
465
312
318
299
280
276
291
156
474
304
279
281
266
142
397
279
287
284
266
254
263
276
278
286
296
297
296
138
435
302
312
299
308
168
426
284
286
306
167
476
285
281
282
290
296
301
160
213
141
491
268
278
290
285
190
381
268
264
249
265
269
293
290
288
279
145
175
463
295
302
315
292
273
193
410
297
318
314
160
466
281
300
318
320
315
314
298
289
294
143
494
308
287
269
270
279
281
177
429
307
180
368
262
272
272
284
285
299
275
256
136
397
288
296
296
296
290
282
291
305
318
339
324
302
167
473
311
332
195
483
292
286
319
312
309
318
146
454
273
275
153
461
292
294
283
273
279
275
272
291
291
274
258
258
260
281
292
154
451
296
276
272
289
202
417
313
302
302
288
290
310
327
343
183
462
310
318
309
182
496
319
287
284
302
303
303
308
301
291
272
276
185
442
305
298
270
265
270
273
282
314
302
283
271
260
148
437
294
305
319
285
265
279
291
318
155
499
312
292
277
300
318
329
328
300
147
453
283
306
148
190
526
275
266
270
272
274
280
280
285
260
255
264
290
292
287
295
282
277
273
282
301
173
488
295
285
277
301
299
302
331
314
282
284
285
303
188
450
301
180
394
265
282
284
308
162
446
276
278
279
276
182
413
295
272
253
268
280
281
285
297
290
279
268
279
144
487
310
317
294
299
187
442
328
346
322
300
294
321
322
326
355
252
391
301
299
314
318
150
488
281
264
279
288
307
312
301
281
275
263
271
285
287
297
278
246
248
265
264
254
266
264
264
252
238
231
258
271
283
275
285
268
263
247
255
269
292
291
281
273
263
203
351
278
298
310
300
275
139
435
302
304
302
323
154
425
271
291
318
310
180
442
283
167
403
289
199
418
283
262
268
275
150
423
288
299
290
263
256
285
301
188
422
299
288
277
290
289
190
472
302
301
285
299
307
311
337
333
305
302
312
329
335
330
342
209
149
485
306
321
298
294
288
272
266
267
280
291
292
271
251
263
169
368
282
290
293
294
166
356
286
289
294
295
284
272
261
253
255
279
282
272
266
260
244
241
244
213
278
277
264
247
239
233
233
178
319
255
266
283
265
247
173
332
269
282
279
280
288
171
394
272
294
162
482
311
294
290
300
196
423
326
319
294
278
306
166
456
318
309
305
280
285
319
326
328
181
471
306
306
305
340
343
175
459
290
314
315
309
346
315
291
297
296
324
205
440
185
420
269
278
280
301
167
437
267
265
264
264
275
285
297
291
258
248
267
181
381
288
299
298
179
367
277
179
430
293
178
386
264
252
262
266
190
391
271
259
243
250
176
149
451
294
163
407
248
141
379
273
148
401
287
268
247
244
260
271
294
296
297
298
281
283
287
299
329
326
306
294
301
310
310
324
335
323
290
290
313
150
476
300
287
275
262
143
415
297
292
283
278
263
273
275
279
294
200
397
257
141
357
256
273
268
265
288
263
250
261
277
301
325
320
307
309
291
307
326
217
480
311
310
318
319
324
342
352
313
303
325
342
336
351
332
320
306
317
365
362
331
317
305
309
316
332
339
323
284
269
287
296
156
438
312
278
261
272
279
310
317
312
324
304
288
318
335
351
336
317
322
310
317
338
337
340
306
289
148
453
290
292
291
279
256
259
271
288
297
280
285
164
362
256
145
385
296
279
260
251
241
245
266
266
284
313
198
220
440
267
280
302
295
296
311
284
285
305
312
330
335
311
302
302
288
295
300
314
310
277
270
293
144
427
288
179
361
246
241
238
256
270
281
278
284
266
266
163
377
286
292
289
263
164
382
284
278
274
302
195
398
258
183
423
319
312
324
315
189
393
292
320
323
170
434
274
275
272
292
299
313
288
269
273
299
287
298
312
311
310
277
290
323
321
302
157
460
278
277
277
304
160
460
287
280
274
277
147
428
306
301
273
265
266
290
289
289
298
300
265
256
268
280
303
305
299
305
287
141
436
306
306
317
291
138
397
263
261
269
276
276
282
252
242
253
279
288
292
312
304
286
143
442
313
324
159
472
280
281
154
436
296
210
417
266
272
284
306
314
152
502
293
281
293
303
336
333
317
320
303
305
326
338
348
299
276
280
277
275
299
153
447
280
254
244
286
281
279
296
288
274
259
255
264
284
179
373
268
257
246
238
173
316
265
277
265
246
162
314
244
262
268
279
189
409
263
170
352
277
183
404
272
290
258
242
246
255
266
187
365
260
143
395
262
269
283
287
212
397
264
281
291
302
309
323
323
311
295
308
341
338
331
229
431
309
197
461
341
328
305
280
281
294
191
425
317
300
136
418
285
303
300
302
319
297
284
199
418
321
328
309
298
285
294
148
474
324
315
281
283
294
307
311
314
167
467
270
296
310
305
300
307
287
286
279
279
328
326
313
303
286
292
289
301
317
316
295
273
274
291
297
301
319
322
284
269
280
296
312
298
291
291
267
266
291
172
180
509
298
271
271
262
260
271
277
287
283
255
241
260
260
263
261
261
259
256
242
167
317
273
281
269
274
275
253
259
257
263
282
294
283
256
250
242
250
259
180
338
270
263
243
228
240
161
355
275
278
271
149
377
240
246
262
275
181
419
275
283
279
288
172
442
314
296
273
258
171
401
289
308
298
283
267
159
394
296
309
284
188
383
271
280
138
447
294
294
275
261
262
277
273
279
298
295
266
265
262
282
301
300
301
313
275
262
268
280
297
281
281
282
267
265
270
283
294
307
288
270
267
254
265
175
374
282
298
264
243
161
373
275
271
281
280
277
139
385
264
303
296
291
175
394
270
272
270
290
304
180
381
258
255
267
278
182
379
298
179
341
245
171
341
278
267
248
264
