205
295
312
319
308
297
298
291
304
298
309
309
312
297
282
285
302
315
327
304
292
289
303
299
311
312
305
302
292
283
299
300
327
309
299
287
291
292
312
325
304
301
295
284
302
212
321
311
308
300
286
283
298
321
318
295
301
288
287
310
305
308
311
301
292
283
294
306
320
311
300
291
280
307
313
318
308
305
292
290
301
296
311
314
307
296
283
292
299
312
316
306
290
293
297
296
209
321
240
318
299
286
295
286
220
335
247
306
235
307
226
322
319
294
312
299
290
291
293
302
309
311
299
287
284
292
324
315
299
301
290
291
304
307
316
306
247
302
299
289
309
316
309
308
293
281
302
323
331
307
306
288
292
310
313
313
315
309
296
278
288
301
314
320
306
290
291
301
304
311
310
302
303
294
288
301
310
320
307
294
285
290
296
319
319
301
302
298
287
297
301
315
306
203
308
270
293
313
322
317
301
298
286
292
309
309
306
310
304
287
291
292
308
324
309
299
283
279
287
198
344
306
308
292
287
262
255
191
325
313
304
294
281
292
295
312
315
306
290
290
297
301
308
308
302
298
299
276
295
288
218
334
296
289
190
306
299
327
308
300
300
296
285
300
305
314
310
301
288
292
291
317
321
306
298
296
286
300
317
319
303
307
296
297
294
300
205
327
257
308
297
288
311
324
311
306
302
288
295
298
310
311
313
301
292
285
302
309
323
307
302
279
290
192
323
235
325
286
286
283
291
267
181
337
316
309
290
283
290
305
330
313
299
301
296
296
294
315
312
313
304
289
284
298
329
323
300
296
290
291
304
316
314
307
302
209
304
240
318
235
330
309
212
316
281
304
318
314
295
302
290
288
292
300
305
315
301
294
282
175
316
256
333
297
297
286
301
300
307
315
307
298
296
289
298
300
317
314
307
287
282
292
308
330
311
288
307
296
295
303
311
312
307
299
286
293
296
327
327
306
293
290
277
211
341
300
319
304
296
287
296
303
320
312
306
290
284
290
321
328
309
304
294
286
301
312
317
309
314
293
288
288
305
260
336
260
168
306
284
309
313
325
310
306
293
290
295
308
321
195
325
303
285
289
298
322
362
307
290
292
306
308
320
321
301
305
292
290
293
315
336
307
294
287
286
297
206
333
251
318
259
309
241
164
334
303
318
310
289
285
289
307
330
317
298
297
285
291
309
315
303
298
164
165
300
289
297
311
243
312
309
256
273
281
315
328
305
305
223
306
301
302
314
315
311
297
231
297
300
327
323
242
310
291
301
308
245
155
323
281
291
280
300
220
317
321
315
305
229
291
308
305
264
332
307
290
296
280
312
297
301
312
309
288
292
290
316
339
305
294
285
294
303
328
322
301
308
293
292
295
209
338
277
322
292
287
290
319
340
318
306
297
287
305
314
334
310
320
283
289
244
320
324
330
296
307
284
300
307
338
311
308
294
289
297
299
307
325
306
301
285
290
295
313
332
305
295
293
294
300
300
320
306
304
300
286
289
307
329
314
300
282
292
198
322
268
318
300
279
309
294
294
306
315
312
305
286
288
285
328
335
299
223
316
285
301
313
330
305
311
296
288
294
299
312
319
310
293
284
289
317
319
305
306
298
288
298
296
309
315
313
299
296
283
285
320
320
307
302
285
296
296
175
328
298
310
241
306
292
298
304
337
307
298
282
295
301
316
325
303
295
300
295
301
313
330
305
304
288
289
297
320
358
310
294
289
282
307
322
325
301
309
294
288
296
304
311
316
305
290
283
301
319
332
303
302
292
286
302
304
305
315
308
292
282
288
298
320
322
302
295
288
299
305
307
314
301
296
296
294
296
305
331
303
298
286
290
294
312
327
308
297
296
297
301
305
322
304
304
296
283
291
307
326
312
298
291
288
296
308
316
309
300
303
287
294
297
312
308
312
299
288
216
308
328
331
277
182
172
293
302
284
194
330
240
324
240
306
292
213
313
326
309
298
289
288
311
313
314
310
303
293
249
326
298
314
321
241
315
283
274
319
331
343
307
241
308
309
309
313
318
236
319
296
290
290
315
263
319
294
298
287
168
302
324
319
299
238
314
241
311
241
337
247
327
289
286
293
312
323
318
301
295
234
305
303
326
300
318
301
286
288
298
303
259
333
296
290
289
307
315
232
329
307
294
289
299
303
315
323
306
238
303
297
280
333
248
317
267
284
265
300
252
266
290
258
263
185
275
276
257
263
272
302
252
245
298
289
304
310
263
275
243
292
302
270
243
267
248
304
272
273
300
271
298
203
335
305
295
285
294
309
314
309
306
301
255
180
317
275
251
273
252
304
266
248
186
331
234
342
228
315
285
311
263
324
271
269
198
303
215
305
287
322
326
306
295
265
180
318
263
305
269
318
295
297
288
307
309
333
304
294
212
297
250
330
295
322
244
313
294
302
298
315
319
307
303
291
288
307
343
285
275
313
278
294
293
271
291
300
317
277
180
280
292
203
329
314
312
288
282
309
253
345
322
279
305
292
306
223
341
299
223
292
297
278
263
238
302
284
260
303
247
212
320
256
313
310
296
267
177
313
298
295
317
313
201
282
291
262
254
303
334
288
279
252
181
312
275
245
261
270
273
232
244
238
307
270
207
293
264
237
293
174
288
194
350
294
250
266
254
305
298
312
280
280
268
287
254
301
266
346
319
270
194
304
287
313
314
323
204
165
333
254
239
262
271
278
281
300
246
235
285
320
309
298
258
324
273
263
254
195
316
251
261
261
260
249
236
262
248
281
356
294
294
241
234
241
259
259
292
262
225
229
297
246
184
294
215
358
303
270
258
222
249
271
348
197
288
239
290
244
236
233
307
294
204
325
266
231
237
242
213
310
289
269
303
276
260
191
176
319
247
321
302
285
257
244
150
324
246
259
239
183
258
292
256
312
205
323
249
173
296
262
273
316
185
325
308
243
296
275
261
275
338
312
299
271
232
245
251
248
317
310
298
288
306
289
245
275
252
317
252
259
242
270
274
308
201
316
317
273
208
322
276
294
323
265
241
301
299
296
319
329
303
292
287
286
311
331
217
330
227
305
237
256
292
331
315
303
257
265
177
301
204
359
313
272
192
299
305
309
318
324
307
305
291
288
299
314
266
325
296
298
285
312
328
353
305
309
290
299
304
324
327
309
304
290
285
300
308
327
315
299
287
295
301
310
320
308
299
296
287
295
298
321
321
307
286
285
287
302
332
317
297
299
293
298
296
312
315
311
300
284
287
293
332
330
298
297
280
302
303
323
306
307
287
297
294
299
305
320
311
293
305
283
302
328
342
302
301
287
293
311
305
325
309
308
295
286
289
308
320
311
302
293
283
310
305
321
305
312
293
293
298
304
308
306
293
308
260
259
265
318
344
305
293
287
304
285
325
320
306
306
295
290
302
295
349
317
289
290
301
302
320
329
306
304
309
291
300
321
330
314
304
288
292
299
323
336
309
299
294
283
305
331
319
307
311
290
289
300
299
285
200
320
301
283
290
307
323
299
316
273
294
308
297
303
317
316
300
289
287
300
312
325
313
302
286
295
306
311
318
311
300
300
242
283
195
327
319
318
296
286
292
302
311
341
299
298
300
292
300
308
319
302
305
293
289
291
307
333
315
296
292
285
298
323
320
305
307
299
286
289
301
316
313
303
298
289
288
309
322
312
303
304
283
298
307
316
315
310
300
285
296
303
312
327
307
303
283
298
315
341
328
307
296
293
303
305
311
337
309
300
286
294
305
324
336
306
296
292
270
280
193
170
332
249
228
244
228
240
211
228
251
260
241
232
230
232
251
255
214
328
265
255
267
255
232
228
310
299
325
310
296
278
299
307
317
319
306
305
277
294
312
318
312
309
304
287
290
302
302
331
310
286
300
297
309
325
328
296
307
286
305
301
301
321
321
300
281
286
279
201
331
251
314
220
301
295
300
302
316
312
301
297
288
295
298
325
308
305
291
286
289
304
323
315
294
301
298
293
291
314
309
307
303
286
284
303
323
326
301
295
290
295
306
314
319
305
309
289
287
298
314
327
315
255
305
253
326
327
360
304
305
213
305
308
309
313
319
241
315
280
295
299
258
352
300
295
293
298
222
330
316
310
304
211
307
300
293
329
320
240
316
285
286
309
246
340
304
300
293
295
227
314
334
310
304
294
283
295
322
327
309
252
310
287
304
310
322
252
325
298
293
290
306
250
345
313
298
283
224
329
312
324
307
300
249
309
295
305
310
316
247
313
281
294
295
317
258
322
294
292
301
296
237
329
306
305
292
286
237
312
319
321
306
291
222
301
301
326
316
225
319
295
292
300
301
323
309
302
292
290
288
316
331
310
301
293
282
305
314
326
310
304
294
290
294
305
316
317
307
296
279
294
322
328
311
305
291
289
307
300
315
320
309
299
280
290
303
321
326
302
293
286
304
299
316
319
302
304
293
291
299
311
339
307
295
285
294
302
324
338
299
302
300
291
300
308
327
309
307
287
288
296
322
347
305
298
294
289
301
312
322
303
311
289
286
298
305
320
307
310
294
277
199
326
320
319
294
299
295
299
295
305
320
313
298
286
284
296
311
318
306
301
289
295
302
307
315
313
296
296
291
295
302
322
320
307
289
286
294
308
336
318
290
296
302
299
300
317
318
307
301
284
292
303
329
225
323
230
309
285
296
318
325
301
309
297
289
294
303
316
317
308
290
285
295
318
329
307
305
294
289
303
305
307
318
311
294
287
289
300
324
326
303
295
290
304
310
312
318
307
300
295
293
298
319
340
304
297
290
286
307
335
327
304
299
294
305
298
315
325
308
305
290
285
296
330
325
302
300
288
295
303
306
321
306
309
294
281
292
310
315
310
305
291
284
305
308
323
309
302
296
290
295
300
312
323
313
292
283
296
299
322
325
304
291
293
296
307
312
313
304
303
290
295
295
312
341
306
293
290
293
300
330
326
304
303
295
297
300
303
321
309
300
291
291
288
321
324
307
300
294
284
304
313
318
305
305
294
289
294
299
309
315
309
