300
314
273
319
211
291
216
283
271
246
287
219
227
407
413
303
323
302
366
276
212
296
332
431
269
413
412
236
282
260
246
306
340
353
297
259
232
254
266
264
340
201
358
307
302
292
256
278
274
227
320
268
348
267
248
269
255
274
304
274
281
242
298
277
225
380
285
368
205
250
373
292
233
419
244
207
251
248
294
213
298
280
247
351
205
313
267
295
205
316
270
339
212
291
230
302
219
293
318
211
267
303
267
243
247
210
325
297
292
218
268
272
255
305
348
360
252
322
281
269
296
237
202
362
238
204
250
342
208
343
251
304
305
231
292
223
283
255
292
290
223
273
307
313
352
247
258
431
304
216
444
202
326
272
331
224
288
318
342
261
221
222
231
314
341
327
326
219
303
272
276
274
324
257
217
227
322
382
229
367
256
340
314
279
291
368
321
327
239
256
204
329
279
249
267
292
211
370
279
320
254
247
300
236
244
214
271
288
296
380
235
330
268
289
267
332
330
229
298
231
292
295
165
390
325
224
254
313
295
389
276
306
353
233
286
269
317
288
183
318
237
275
249
244
272
293
288
260
262
324
336
312
256
295
345
279
373
213
313
247
240
279
248
286
339
269
265
298
298
287
234
284
277
214
257
276
250
295
202
387
247
244
329
272
266
302
353
376
264
266
228
288
359
208
328
267
316
306
268
220
280
212
324
304
274
225
319
385
271
251
302
284
204
331
271
257
305
316
392
307
342
221
197
212
436
272
209
251
301
283
243
244
206
312
346
291
279
326
282
303
404
220
285
284
279
316
207
312
198
297
290
275
218
356
208
268
229
257
223
380
368
237
280
256
321
275
220
307
216
271
312
240
270
218
287
305
268
383
334
305
293
267
228
929
354
315
242
364
329
318
309
307
307
272
370
302
314
306
310
293
332
281
336
291
332
287
332
577
295
288
295
259
276
232
298
298
296
277
234
287
275
236
311
321
252
325
310
324
201
269
345
296
223
294
306
229
301
264
321
241
242
241
226
237
306
281
212
266
268
267
239
276
338
282
287
271
287
331
273
333
296
247
229
295
367
227
326
271
254
232
211
431
223
272
307
207
276
269
233
265
304
304
226
279
263
299
263
250
278
282
302
291
332
203
304
310
257
352
235
265
236
349
254
216
293
275
201
300
224
257
238
241
244
357
312
244
234
243
270
210
271
279
461
266
329
215
254
313
287
253
245
336
270
230
254
226
268
225
272
215
310
287
229
307
269
228
204
295
261
230
274
275
278
290
286
313
300
288
297
307
239
309
298
306
283
293
248
241
276
313
250
304
293
291
320
266
308
461
245
401
325
454
288
324
245
278
313
281
313
287
305
297
408
217
245
267
289
290
283
291
298
287
259
326
304
254
390
311
245
225
356
262
323
232
248
323
287
299
293
259
277
327
208
349
299
218
278
325
304
296
262
317
258
297
302
328
271
298
283
300
231
283
372
594
296
295
288
267
275
277
303
368
342
234
216
292
283
263
262
247
253
200
258
212
242
288
266
338
458
306
436
384
292
306
197
294
289
264
209
352
198
267
290
288
203
367
302
203
343
306
312
309
289
299
219
282
283
256
235
343
346
261
286
289
214
240
327
345
323
297
329
300
285
319
285
290
314
285
279
226
229
287
329
228
277
257
232
292
302
283
261
210
252
260
281
276
279
281
222
346
281
280
266
307
278
232
336
297
287
252
259
305
338
271
292
294
261
213
237
270
282
237
222
258
276
241
414
314
359
363
204
355
202
269
295
246
214
257
274
257
279
248
261
225
289
211
281
315
238
300
269
296
208
296
287
222
296
232
264
294
283
309
265
222
275
266
275
204
267
262
240
278
206
348
212
357
362
220
240
277
295
355
379
276
218
300
355
219
285
383
369
277
304
265
230
248
264
227
259
322
281
277
362
275
304
321
313
277
314
257
283
299
319
221
277
281
268
333
281
300
253
254
245
337
318
350
268
315
397
252
218
313
275
206
327
291
345
253
274
338
525
287
272
318
250
232
310
275
224
200
375
213
359
209
229
258
264
228
288
256
294
282
248
235
451
282
222
301
271
279
233
283
208
328
243
289
306
220
307
228
339
327
315
265
351
318
208
339
222
313
205
316
315
305
202
312
232
336
470
225
276
237
272
209
216
338
294
309
281
227
256
314
305
199
350
264
240
290
219
305
299
273
265
243
238
334
332
258
306
323
329
265
244
360
271
336
197
341
205
279
262
193
250
222
312
268
332
300
393
284
261
254
383
286
315
280
325
342
262
197
321
207
315
292
220
199
266
270
288
219
286
216
463
321
292
240
293
314
272
330
289
283
263
229
275
303
229
311
308
337
330
359
261
236
246
283
261
318
328
217
325
267
318
262
247
301
287
237
228
264
517
216
377
197
371
317
922
332
247
359
556
299
349
284
335
619
300
307
297
279
536
319
326
277
299
243
272
266
253
225
270
301
230
282
297
308
331
332
295
223
264
227
272
298
198
248
272
207
309
409
217
251
228
313
195
280
279
221
250
246
236
321
195
318
277
280
261
254
316
250
293
296
269
257
231
260
310
575
329
565
320
558
301
563
291
544
293
531
323
288
271
271
254
280
214
297
233
317
271
201
277
263
236
326
317
559
315
546
297
549
289
560
285
533
300
541
293
548
303
533
302
529
289
545
287
294
266
596
311
563
299
537
295
535
289
530
299
533
295
541
278
399
554
297
543
298
524
561
289
523
300
532
291
540
549
293
535
288
541
534
305
525
302
529
295
516
291
519
299
534
303
520
306
546
528
541
522
292
520
295
526
554
284
525
548
196
353
545
282
523
294
520
296
525
548
540
538
197
350
539
289
534
535
553
286
514
279
298
290
290
303
308
556
559
547
392
249
194
266
190
216
268
247
251
286
232
278
237
240
452
332
309
313
307
313
308
302
556
307
303
303
311
304
305
306
309
314
535
563
541
305
300
312
521
317
306
205
262
374
561
544
560
538
540
299
287
560
292
516
303
525
299
308
533
299
530
307
300
291
536
543
544
497
300
336
261
228
226
249
240
207
295
270
356
356
298
236
244
207
263
211
243
317
257
227
294
202
293
246
253
305
286
294
245
237
312
349
322
308
202
351
206
328
549
319
298
305
295
319
317
311
353
299
317
324
315
320
574
559
317
309
301
311
309
310
577
565
548
554
537
304
307
293
533
312
298
306
302
310
311
548
561
546
557
191
351
547
294
288
296
303
295
303
313
321
321
571
575
322
306
311
526
307
307
312
534
567
543
194
361
201
345
190
229
229
425
292
232
233
279
288
276
218
295
317
288
264
228
314
315
275
264
258
306
303
301
336
233
265
226
266
258
305
256
352
310
227
272
318
314
325
283
213
302
276
443
346
274
238
228
262
201
369
315
266
339
525
287
191
239
244
215
284
336
227
217
329
280
272
315
239
275
312
273
249
289
321
208
295
285
232
301
282
253
304
301
226
271
238
316
257
224
282
249
322
332
361
383
300
262
297
281
218
264
299
279
314
217
287
298
311
387
325
278
294
221
358
346
318
273
328
252
255
231
219
313
261
217
367
274
232
298
276
201
315
288
290
215
367
317
323
198
280
302
312
269
229
317
1108
326
280
293
540
287
533
293
547
293
489
411
574
299
539
292
551
289
546
297
535
293
549
289
531
300
535
293
542
559
303
514
301
539
290
533
303
516
552
210
353
196
360
568
552
562
548
199
360
185
364
193
302
229
235
295
208
311
285
237
289
317
339
295
286
413
278
246
234
225
280
295
343
264
256
306
317
270
236
303
275
229
239
255
283
452
295
309
210
287
291
252
252
275
292
330
331
238
283
336
325
258
197
356
277
196
327
342
312
358
326
321
261
240
304
352
339
298
284
242
200
346
320
261
201
322
285
283
291
206
240
314
245
258
268
325
218
212
324
330
321
385
281
242
266
317
300
244
253
339
325
261
210
283
211
295
262
233
204
259
249
335
212
277
218
286
339
285
286
260
203
296
181
370
270
252
292
298
363
281
238
301
322
234
327
293
276
244
310
307
302
222
324
302
317
363
304
297
256
339
343
255
273
210
395
358
361
316
258
191
204
278
299
206
321
329
315
297
354
341
258
261
274
224
427
236
214
324
317
354
272
368
203
412
295
281
216
225
336
195
269
287
325
433
330
275
244
254
199
342
197
311
267
254
253
261
341
308
254
336
322
241
317
314
229
254
283
403
302
334
336
325
297
219
203
219
257
264
313
398
332
281
244
276
275
347
327
353
239
239
299
260
304
333
247
275
240
282
316
316
314
330
249
275
233
296
247
390
356
256
304
300
259
217
275
431
326
235
298
376
275
321
266
260
252
292
335
270
315
257
359
218
367
213
277
273
312
197
325
313
229
255
265
223
259
224
310
316
330
372
221
245
231
390
212
319
276
240
322
277
222
288
293
304
264
277
216
329
360
337
297
303
296
358
296
261
293
305
351
309
252
297
346
316
256
364
271
258
217
258
281
221
275
255
284
212
278
417
338
301
290
269
330
265
274
288
208
337
315
279
338
269
424
280
296
307
219
278
261
475
386
307
327
218
316
435
310
263
283
331
288
334
258
303
329
279
381
217
259
276
302
290
290
298
370
313
250
211
274
284
300
307
283
268
253
442
250
239
301
296
299
270
347
308
216
308
218
272
213
253
263
223
284
251
277
323
271
297
290
310
292
281
318
211
306
292
290
304
222
327
332
207
379
196
274
280
277
229
216
302
315
296
288
297
297
304
289
292
304
291
291
295
288
230
286
278
421
302
218
263
270
321
280
437
304
301
255
388
239
221
367
227
365
297
322
293
215
371
308
335
294
239
356
225
226
332
355
309
283
297
219
313
306
205
290
273
310
295
442
248
269
293
146
338
274
289
