28
285
299
304
297
305
298
305
303
299
303
304
293
302
300
306
301
296
306
307
293
306
298
304
302
292
305
302
297
299
299
305
295
296
304
299
297
305
298
306
297
295
310
303
296
306
297
308
298
301
312
300
293
303
297
293
294
294
303
299
194
352
310
310
308
306
317
308
295
298
307
302
294
302
303
295
300
304
307
305
301
312
306
300
305
305
306
306
305
308
307
304
304
311
304
297
310
304
294
300
296
302
296
289
310
308
295
301
297
302
298
295
302
298
292
298
300
309
306
306
312
307
304
305
312
308
306
311
308
303
309
305
309
305
303
312
301
297
308
304
303
298
297
307
302
298
302
306
307
300
300
310
305
298
297
299
302
296
297
307
302
300
298
306
308
301
306
304
298
298
301
303
303
301
305
307
299
304
309
308
298
296
309
306
295
298
304
306
299
299
310
303
299
303
303
301
300
299
301
297
296
303
309
299
302
312
306
298
299
303
310
294
298
308
301
298
298
300
307
300
301
310
298
297
299
302
301
297
303
305
298
299
303
303
301
299
306
297
295
300
299
303
297
294
314
305
297
304
302
310
301
293
313
308
299
302
304
313
302
303
310
309
300
307
309
303
305
311
314
312
315
310
315
300
299
319
308
307
310
307
319
314
310
320
313
316
318
330
321
322
334
321
310
315
320
317
312
318
311
306
308
304
313
307
309
317
312
310
308
312
314
305
311
314
306
317
310
315
312
316
318
314
316
317
334
326
329
349
330
326
328
329
328
318
331
318
311
315
311
315
310
309
313
307
301
311
314
305
307
322
317
310
309
314
320
307
316
321
314
313
313
309
305
301
304
309
295
308
308
312
308
298
308
310
299
296
197
357
310
308
277
151
321
322
301
308
311
303
319
311
308
309
301
305
300
187
364
324
300
302
302
302
299
298
302
298
294
296
302
298
295
302
306
305
311
318
333
320
314
326
313
305
315
316
310
308
320
320
313
314
316
324
321
334
345
332
332
323
331
326
323
323
317
321
319
324
319
314
324
314
305
317
315
309
310
316
316
316
317
310
323
315
312
324
312
310
312
308
309
302
299
308
191
339
312
308
307
294
290
298
287
203
214
159
326
293
219
150
139
221
326
309
196
143
138
151
296
338
181
151
139
404
328
325
264
375
327
341
322
312
321
322
318
196
146
232
388
341
334
334
336
330
334
277
386
333
327
327
314
320
324
314
327
319
321
311
307
313
306
297
311
315
316
319
323
319
322
324
321
327
323
323
323
311
321
315
325
320
320
335
327
330
337
330
326
318
329
322
311
326
337
325
321
334
333
327
323
323
329
323
327
336
321
335
332
334
329
330
343
336
342
337
336
329
332
342
336
340
339
340
325
332
340
332
329
324
334
322
322
338
322
330
329
333
323
325
335
317
312
330
337
337
333
342
340
334
337
339
334
326
338
324
327
328
330
326
323
338
332
326
332
332
330
329
339
326
318
321
338
325
319
239
376
334
317
322
328
319
325
328
322
324
326
327
325
323
333
325
321
331
325
314
316
329
325
323
326
337
337
331
346
339
331
329
334
336
326
336
337
326
329
335
335
333
341
339
327
336
336
330
334
340
334
329
333
335
334
324
337
335
319
324
318
328
310
313
325
316
318
305
326
312
310
318
195
350
304
308
305
206
341
317
306
301
304
317
316
304
186
145
317
324
318
203
376
325
320
323
317
319
326
191
147
152
173
253
386
328
172
146
147
336
359
328
338
341
325
338
332
341
346
343
342
340
347
337
342
331
332
334
333
353
341
339
341
349
346
341
348
349
348
342
359
345
333
343
344
352
332
343
344
342
343
347
344
343
349
342
346
353
354
342
349
350
338
344
344
349
335
345
343
334
338
346
338
337
346
352
343
350
361
341
337
353
338
330
324
336
321
326
336
318
327
330
328
326
326
335
326
315
326
334
325
322
338
332
320
319
340
334
330
353
348
336
339
342
341
334
341
325
321
333
337
338
342
349
345
336
346
347
339
332
347
334
328
332
339
336
327
343
330
334
333
331
330
329
345
333
328
329
334
334
326
336
336
329
319
332
330
317
327
328
332
330
342
346
331
349
335
322
334
341
329
325
343
344
329
337
341
341
336
346
337
329
326
332
320
313
335
322
322
329
331
328
321
198
373
329
322
321
332
332
334
224
372
343
333
326
237
362
334
319
311
317
335
336
315
330
330
329
335
334
232
382
341
334
324
302
351
330
327
185
149
240
356
348
341
344
201
378
360
342
336
347
354
345
335
350
340
334
342
348
344
349
359
353
352
351
347
338
355
350
340
342
349
346
334
350
336
337
341
345
339
337
335
333
332
333
332
322
320
338
324
322
335
347
333
326
340
328
339
328
335
329
216
395
349
337
339
336
328
335
344
345
332
333
350
332
330
203
387
341
335
337
331
325
341
328
316
330
341
333
324
342
339
336
334
347
348
349
350
356
349
359
369
370
378
365
355
363
360
356
338
354
359
337
346
352
335
336
339
338
334
347
357
348
365
371
362
371
376
374
362
373
358
350
352
349
345
345
341
333
340
338
333
337
355
350
345
345
357
350
336
351
335
336
340
339
245
371
348
336
321
331
345
328
329
334
342
338
331
196
158
371
349
343
330
199
388
345
339
328
346
337
335
336
344
351
343
357
349
350
355
352
347
352
357
344
359
360
367
354
364
346
337
342
352
346
341
360
345
338
347
339
334
328
340
331
340
344
352
341
352
353
345
344
344
350
346
365
356
347
364
367
350
348
347
341
345
340
340
335
338
335
341
336
334
334
295
352
331
320
322
194
144
368
322
335
307
339
327
327
201
210
377
347
329
216
158
369
353
330
333
350
337
335
189
153
378
339
333
333
331
334
328
328
330
346
337
317
315
321
331
317
307
339
322
322
321
332
329
325
341
333
332
338
351
337
345
348
339
328
348
356
336
338
347
337
334
328
339
323
324
335
324
326
325
271
159
346
350
341
322
340
341
334
325
338
345
331
331
336
341
328
342
342
333
336
335
328
317
334
323
315
325
334
333
336
342
346
341
335
346
338
331
344
330
323
326
333
335
323
339
333
325
341
343
341
336
349
338
336
340
339
327
321
334
327
260
368
335
328
197
376
349
334
341
329
337
323
325
327
312
309
206
353
312
312
223
156
341
321
326
191
150
142
174
353
346
250
188
340
371
346
195
141
316
345
331
332
326
326
317
217
158
373
342
343
341
342
338
342
336
331
333
348
330
239
393
333
319
279
337
322
312
311
307
298
302
282
174
335
340
338
331
328
340
333
326
320
331
324
322
329
326
330
319
328
328
306
321
319
318
318
314
325
324
315
318
222
379
331
336
320
317
323
316
321
318
324
329
316
326
326
334
324
320
340
328
329
333
349
330
330
338
329
336
338
340
335
335
347
330
323
323
327
323
325
331
326
328
333
344
328
328
338
336
331
331
334
322
326
330
326
330
322
338
325
328
335
318
194
355
325
315
306
332
332
317
322
327
324
317
325
329
324
321
324
327
322
333
328
319
328
325
323
316
320
327
322
317
324
329
321
315
326
319
314
314
314
301
301
301
304
305
310
314
300
341
316
332
322
312
323
322
320
318
326
328
321
320
319
315
302
308
315
307
306
308
320
318
310
328
332
193
163
302
405
351
331
339
331
324
323
324
317
318
338
319
315
327
330
319
313
326
313
306
190
348
317
301
297
309
300
291
299
309
310
302
309
308
304
305
306
303
296
293
308
298
290
299
299
313
310
311
324
314
312
318
325
312
313
324
315
309
310
317
319
312
314
314
304
305
301
316
304
293
308
307
301
308
226
368
314
306
317
311
305
309
323
314
314
322
316
312
318
321
318
312
321
326
312
323
322
324
316
311
332
316
301
308
316
309
308
319
319
313
314
315
320
310
308
315
306
308
312
319
309
308
323
317
308
317
319
316
309
315
316
304
301
300
303
289
187
346
296
296
184
348
316
309
303
321
318
304
228
178
370
344
320
334
326
314
312
311
303
301
311
309
313
313
310
316
314
313
320
307
312
311
313
311
307
319
312
307
318
318
319
311
310
320
316
306
311
326
314
311
329
323
317
321
316
320
314
321
320
312
318
315
322
311
304
318
312
311
312
317
309
307
322
313
306
306
310
319
305
316
327
313
320
321
318
317
312
322
321
317
319
328
321
317
328
315
309
319
320
313
309
323
317
310
315
313
316
314
315
318
306
312
311
318
310
308
316
312
305
302
310
321
300
314
314
303
315
306
310
310
307
318
310
314
323
318
317
320
321
322
319
317
320
319
272
355
332
318
314
315
322
312
304
329
322
313
318
321
332
314
318
328
323
316
318
326
318
316
318
307
310
309
322
315
312
326
314
185
368
319
315
312
316
315
306
307
317
320
311
317
332
315
310
309
322
316
309
322
322
319
316
316
325
321
329
329
315
324
318
313
311
317
316
314
319
322
332
322
314
325
316
311
316
323
314
308
321
315
303
312
310
318
315
309
318
314
315
316
323
319
317
333
316
315
316
313
317
305
309
309
301
309
308
317
312
310
325
318
189
373
331
326
322
333
320
309
319
310
323
310
308
320
316
313
313
324
321
314
324
185
361
328
322
327
324
324
326
200
368
340
333
312
313
320
310
305
310
317
311
307
320
