220
222
161
321
317
189
374
260
292
164
305
239
461
273
330
361
349
254
263
182
311
251
252
161
367
336
297
177
382
230
245
270
430
268
271
318
271
267
175
309
258
296
173
295
243
352
284
179
291
241
261
246
298
260
165
367
232
268
251
453
388
271
231
254
228
295
259
294
313
195
372
230
279
147
358
259
331
247
267
223
257
163
331
262
335
438
339
256
241
278
318
184
319
248
233
161
278
248
277
166
380
266
228
228
154
491
265
307
318
173
306
233
218
245
424
246
367
275
178
378
269
171
317
263
266
242
158
291
259
443
259
271
191
377
232
242
161
446
250
323
269
250
303
315
159
298
247
243
177
335
324
224
214
171
382
320
174
300
236
226
217
236
294
173
331
272
183
322
246
289
163
319
271
241
250
164
306
266
172
264
279
308
180
290
222
220
161
338
490
321
168
297
291
169
296
272
242
346
271
252
272
366
247
237
174
344
247
275
213
292
245
457
260
231
178
323
229
238
160
292
234
280
262
419
235
247
158
315
312
173
455
286
164
324
238
229
249
171
288
238
230
157
317
226
252
170
397
455
302
163
305
248
276
176
292
479
331
243
445
322
235
334
298
167
338
316
280
285
180
351
235
251
169
327
520
283
170
295
241
225
224
255
258
198
358
279
280
173
259
213
239
174
322
249
369
267
175
317
220
229
314
174
346
330
163
321
235
221
255
171
331
222
299
298
155
335
246
253
179
304
246
229
162
293
255
350
180
359
229
259
162
411
173
326
255
417
247
231
250
222
211
224
240
284
262
167
297
218
221
177
392
252
244
167
328
229
252
267
236
231
175
350
232
272
287
162
330
233
215
239
187
296
204
289
248
220
174
300
286
174
360
244
232
215
178
301
275
185
301
259
278
164
315
281
167
364
327
170
422
237
210
223
174
302
244
237
164
288
306
164
292
632
233
248
162
300
211
357
261
292
173
374
276
157
257
235
267
184
292
241
248
280
365
223
237
259
224
228
181
272
223
310
498
304
174
350
237
229
303
231
231
166
356
250
297
319
154
303
256
245
246
277
397
437
230
248
464
241
316
419
306
284
173
349
226
220
239
173
328
423
279
173
371
221
226
262
236
265
231
240
188
366
267
179
328
325
216
224
248
170
305
437
228
213
162
272
453
280
275
173
331
211
227
154
298
246
249
168
331
280
164
298
223
326
224
231
220
322
235
206
176
303
341
312
182
368
229
230
222
164
293
271
241
222
174
282
268
170
319
284
182
372
227
238
229
206
278
169
338
232
231
242
225
238
169
316
260
191
331
286
295
158
336
242
318
174
361
259
182
261
253
222
224
173
323
231
288
255
217
251
304
159
374
265
251
219
183
259
208
231
333
226
256
243
245
230
227
209
219
226
178
402
260
229
185
253
217
217
185
299
236
266
296
159
346
242
173
323
283
228
241
170
358
234
249
184
333
254
231
348
238
227
165
310
219
232
171
318
266
237
274
404
335
300
177
390
250
234
234
325
300
177
377
292
172
290
229
291
252
326
247
263
233
290
401
280
196
358
255
239
305
223
247
156
315
265
267
183
339
233
258
309
164
341
298
178
362
429
241
213
258
252
246
257
169
415
261
257
177
296
303
173
383
229
202
212
175
292
240
242
170
287
241
253
158
261
286
184
363
248
272
163
293
247
333
253
269
186
248
248
304
257
227
224
174
304
234
243
174
339
266
167
280
299
186
314
237
198
203
243
191
233
180
375
250
215
169
304
273
165
366
281
247
277
172
273
216
205
182
263
338
283
227
218
168
285
269
164
315
294
248
188
279
221
221
171
398
222
275
170
295
259
171
251
254
231
269
285
309
164
318
243
244
181
249
229
256
175
387
265
165
352
228
336
246
243
231
168
267
405
272
174
362
267
253
175
271
226
234
251
219
283
173
345
357
247
258
180
359
256
246
222
173
291
219
223
177
271
345
274
239
226
158
292
299
279
232
285
233
297
449
375
266
251
241
281
204
218
254
204
301
267
226
298
226
163
344
215
175
295
263
357
236
239
166
289
225
241
176
380
235
259
384
254
260
169
326
280
182
304
347
259
274
158
332
228
267
169
314
226
235
224
206
240
179
347
281
178
283
221
211
207
187
310
271
198
299
242
224
227
217
269
174
278
239
239
176
307
205
259
288
290
179
311
272
162
317
277
175
286
252
335
283
166
270
239
221
210
181
365
221
270
196
199
210
167
324
290
174
302
270
164
280
400
255
265
177
322
277
175
279
213
229
224
242
249
243
178
261
219
251
227
236
178
315
222
247
164
283
250
168
323
292
179
331
233
250
177
400
237
248
185
292
262
223
229
161
303
231
256
228
225
258
245
195
236
225
338
278
233
176
297
248
227
164
285
207
247
165
360
416
409
238
236
171
275
202
260
179
366
482
361
374
252
242
249
170
282
232
240
236
233
175
295
316
263
230
237
359
478
492
269
157
315
250
235
357
273
182
215
134
352
255
224
238
164
393
241
411
218
375
244
234
281
303
173
424
306
228
241
260
168
498
252
166
293
243
403
261
249
248
166
294
171
310
406
253
296
292
170
502
240
214
239
168
294
248
229
342
257
169
336
400
336
325
462
357
220
316
208
284
238
225
167
291
270
163
392
244
254
179
280
218
231
161
164
174
306
375
354
255
226
245
308
168
324
364
239
220
212
161
288
226
269
445
296
160
351
247
221
295
230
266
412
249
277
163
262
227
273
173
337
232
204
180
267
212
233
188
294
258
293
222
326
251
234
169
299
253
303
161
334
210
193
283
237
246
182
315
239
236
236
265
252
285
265
250
167
358
225
259
240
221
229
181
356
279
161
349
253
316
226
227
288
172
285
309
155
421
281
234
222
169
502
487
339
326
260
242
227
219
159
295
268
171
497
260
230
181
368
211
269
253
241
251
171
406
213
228
259
232
293
278
237
237
252
361
291
164
339
242
246
232
160
311
212
240
232
246
270
238
275
165
351
239
384
238
257
171
335
229
292
256
168
271
221
221
185
297
246
240
221
240
220
216
249
391
201
262
175
466
296
171
311
269
165
319
273
163
322
252
210
298
243
307
213
210
199
212
248
274
282
170
326
225
225
163
349
229
261
226
227
190
261
235
220
166
334
400
336
241
213
235
159
268
282
169
371
242
243
162
333
242
397
277
165
323
320
220
256
168
294
245
228
262
168
314
240
167
321
305
164
348
236
295
155
299
236
180
285
171
456
256
279
156
298
234
236
182
360
294
171
367
221
222
244
178
336
325
167
373
257
301
273
260
178
353
340
235
308
156
297
239
234
232
175
300
385
224
241
197
272
239
248
185
287
227
227
168
358
243
247
166
275
417
231
227
233
177
306
398
266
236
236
247
160
342
265
292
169
342
240
167
328
401
329
260
228
242
178
331
223
254
166
382
257
240
185
323
235
244
178
552
477
329
265
279
169
359
456
259
159
269
397
257
244
236
310
414
265
167
397
483
251
273
164
334
241
261
167
307
236
461
307
219
226
304
170
328
257
225
224
167
305
283
159
292
244
266
179
369
237
245
166
408
292
446
433
252
162
299
222
242
177
360
324
164
340
232
234
173
386
242
251
174
327
288
165
535
246
234
307
211
282
237
239
249
168
371
166
313
258
225
228
285
271
262
295
321
233
266
405
236
252
268
167
297
219
285
305
166
352
264
261
166
317
227
221
238
162
325
260
179
341
249
237
167
364
328
244
231
254
156
318
307
251
403
339
317
248
238
291
307
163
332
252
248
182
269
221
329
232
221
200
456
437
231
227
427
243
262
307
247
287
184
314
163
284
238
224
193
301
242
419
340
306
177
324
406
220
225
168
263
262
185
305
250
277
160
304
238
320
256
243
279
162
292
265
175
300
426
264
266
414
234
283
161
560
438
278
163
312
313
160
309
333
243
244
172
293
322
161
331
253
490
478
224
365
418
245
263
175
414
242
249
164
404
474
265
288
159
403
242
225
345
322
261
167
288
311
161
315
357
251
259
171
293
216
246
172
308
292
261
173
288
227
271
155
332
244
251
307
264
256
252
330
493
566
249
167
349
221
215
470
423
234
257
163
364
400
220
236
240
174
313
232
220
253
236
225
233
291
266
333
215
223
289
257
409
451
260
179
262
242
318
251
430
261
379
430
233
231
326
264
314
334
156
470
267
321
273
153
388
245
320
227
242
479
470
229
299
240
228
271
250
253
312
448
256
165
426
274
249
174
300
190
369
225
317
249
274
454
259
166
300
230
257
270
267
279
241
342
324
255
281
336
266
299
164
310
250
238
314
442
312
161
418
449
263
289
350
288
430
235
432
551
246
260
159
371
402
326
328
205
378
244
291
506
267
179
328
346
242
349
342
283
424
280
260
173
345
320
162
294
256
312
174
296
258
161
322
274
302
283
305
290
235
297
167
381
480
258
287
316
261
272
541
344
259
264
258
247
239
251
168
346
260
240
527
327
270
258
183
323
224
240
223
232
395
349
243
300
262
228
258
393
263
171
426
528
320
230
171
427
280
239
183
263
225
230
251
223
229
241
174
345
259
284
276
317
314
305
296
242
230
239
324
319
169
361
258
169
527
248
330
257
440
401
321
241
272
302
256
344
269
246
245
273
239
200
363
252
262
244
239
400
334
280
294
303
262
183
358
316
242
273
311
347
258
232
296
363
247
355
332
253
272
236
263
305
250
402
280
172
516
239
162
370
286
306
257
415
261
405
296
176
326
319
233
270
235
310
256
293
323
247
245
295
231
249
330
305
263
400
289
158
358
262
261
320
290
171
294
432
249
238
311
501
248
225
184
265
289
267
319
244
317
232
223
221
164
311
462
414
376
247
222
260
291
245
241
276
324
251
242
420
365
284
261
266
225
154
313
250
257
284
271
396
244
293
267
260
323
513
311
222
240
223
238
238
337
248
232
228
248
275
254
378
463
246
232
224
304
258
313
268
240
228
222
213
159
332
328
449
251
179
254
213
213
226
231
172
384
233
238
253
323
246
391
265
171
372
262
291
251
394
291
176
390
227
222
255
261
392
262
170
331
232
224
248
231
234
240
450
296
233
267
240
312
287
246
333
318
269
271
241
219
229
262
294
259
270
235
265
154
328
259
324
242
253
224
228
233
241
422
265
260
242
261
254
232
233
279
249
324
259
234
219
257
253
239
390
244
238
249
312
280
247
167
352
291
255
278
335
401
342
260
287
318
233
230
219
247
428
264
294
266
153
398
398
266
364
478
444
242
235
368
250
178
363
339
220
232
224
206
305
260
235
439
246
240
431
254
161
327
316
288
294
233
246
280
262
294
479
309
311
231
420
271
348
239
260
236
264
260
267
259
340
288
244
290
320
228
249
303
270
310
240
248
269
303
238
376
347
245
165
406
407
248
269
237
291
490
266
323
243
255
266
351
409
303
220
233
274
289
296
276
250
296
281
396
310
293
303
282
244
222
233
242
262
261
290
231
241
255
305
432
253
263
383
323
246
227
219
254
294
280
