81
280
285
246
301
289
296
294
263
309
295
252
329
311
278
296
285
285
260
336
321
301
290
293
255
300
278
285
306
279
283
281
251
310
312
280
319
267
290
284
285
267
332
307
273
304
281
268
288
291
299
315
271
286
285
253
313
297
288
288
267
306
276
259
319
287
293
283
275
289
281
262
334
293
287
278
307
262
280
326
292
272
311
297
265
285
288
297
318
269
321
274
281
305
294
324
290
296
267
311
280
295
321
290
276
314
281
264
309
295
288
294
293
258
301
263
309
295
297
300
307
293
293
317
321
312
309
315
261
315
325
321
323
311
307
303
294
321
325
309
266
323
303
278
326
306
287
315
291
275
302
294
301
320
279
290
301
262
283
306
297
287
284
266
284
278
269
318
273
287
284
279
301
268
303
303
303
275
317
278
271
331
293
306
288
312
262
315
295
291
324
294
299
287
300
269
308
311
303
281
310
267
294
302
306
276
318
269
310
268
297
295
305
290
312
283
282
309
289
332
310
308
299
308
303
317
290
326
308
268
322
266
306
323
300
296
296
258
311
288
299
327
288
264
310
275
285
306
294
289
314
262
308
280
269
339
332
300
286
275
287
296
306
309
270
323
275
297
317
299
329
276
327
285
276
312
281
339
306
297
261
317
296
311
309
311
261
316
270
299
301
274
335
291
277
314
269
287
326
302
267
321
301
266
307
304
305
313
282
268
315
273
296
302
300
286
266
309
266
286
300
284
311
289
276
281
268
301
299
273
315
293
266
312
272
304
305
299
278
292
290
258
330
311
282
293
284
280
285
297
299
330
266
319
288
286
316
304
291
324
302
266
314
297
300
332
270
296
311
266
306
302
277
323
289
289
286
254
315
297
295
297
288
279
285
288
281
335
283
296
289
290
260
342
329
319
319
313
299
290
312
283
344
320
300
293
295
330
317
307
263
317
307
261
318
305
296
317
296
264
309
269
341
287
324
273
307
270
294
306
284
302
285
266
310
266
296
295
292
290
285
262
310
259
306
301
297
261
319
277
256
331
295
273
318
277
267
312
276
300
292
293
295
287
295
259
304
303
285
298
287
260
315
273
329
278
293
288
283
286
256
334
308
282
317
293
265
299
298
319
280
318
287
283
275
319
293
299
313
279
293
303
271
299
326
301
273
311
282
259
330
283
329
278
293
288
266
331
326
311
304
309
305
309
307
308
320
274
335
323
299
318
325
320
303
291
295
265
321
335
311
303
273
315
263
313
288
337
274
315
274
287
284
281
334
283
278
316
288
299
280
308
288
321
272
328
260
321
286
359
318
281
296
262
329
287
334
294
293
290
308
266
310
312
273
325
270
306
277
273
338
293
271
297
283
255
315
287
297
288
271
293
259
282
285
297
303
291
273
310
268
265
340
287
301
265
320
263
281
310
299
271
317
281
283
283
282
276
329
276
300
284
261
287
302
308
276
315
275
281
293
273
327
283
285
297
293
258
314
328
313
306
163
382
241
418
360
173
397
170
348
167
368
169
357
170
201
172
187
186
192
153
379
397
404
386
374
372
350
310
298
310
266
300
266
166
429
367
351
317
313
259
283
262
493
194
382
164
333
167
193
166
301
171
122
172
188
231
207
176
181
183
188
166
199
195
183
331
195
159
165
177
341
396
416
443
453
362
325
373
304
296
299
298
280
307
284
326
281
313
273
278
309
308
312
280
312
296
264
309
315
276
325
158
387
237
373
270
342
172
385
400
165
377
179
412
189
345
167
377
174
185
213
162
168
157
139
214
200
148
167
172
201
183
167
194
188
252
235
209
303
180
191
194
285
408
391
415
415
383
389
390
367
313
287
273
269
297
300
285
285
278
255
306
276
294
299
274
288
294
275
270
299
301
289
311
286
277
280
264
311
303
269
310
279
254
302
165
390
176
327
168
365
228
345
167
359
172
371
252
374
162
345
176
390
293
153
392
306
163
369
252
165
411
175
194
240
174
184
170
161
317
165
203
177
186
181
170
158
156
175
184
389
384
453
461
435
418
339
170
408
169
397
168
175
192
406
174
436
172
248
151
193
216
278
252
227
193
170
213
230
161
198
164
167
194
185
178
194
168
173
180
154
180
185
178
309
197
259
226
198
379
407
453
447
176
401
414
385
385
173
378
365
352
158
317
199
147
356
171
143
125
142
181
183
135
148
158
160
177
194
170
461
336
391
415
438
431
190
290
160
373
376
178
408
178
145
147
130
138
129
141
147
368
393
382
367
327
291
277
282
299
299
291
297
274
281
285
293
312
308
268
318
158
401
170
287
467
189
484
246
296
455
185
251
158
208
231
218
175
174
211
190
181
388
372
358
349
334
350
352
295
289
284
294
268
297
328
291
294
293
292
282
324
317
290
329
164
245
151
167
180
162
167
162
198
441
365
387
368
392
386
167
344
189
252
343
354
355
198
138
203
167
174
357
353
339
313
306
273
282
276
266
278
310
298
262
313
277
259
324
168
416
179
153
326
162
219
206
312
167
232
181
161
173
159
169
379
325
424
458
172
456
206
197
417
182
251
162
223
159
166
146
142
145
264
144
220
212
245
445
409
371
353
171
371
361
329
336
320
274
308
283
291
286
288
268
276
275
276
316
166
393
177
238
316
154
239
162
144
142
261
356
364
306
317
324
342
308
314
304
295
299
278
171
409
375
161
246
163
137
187
149
213
177
175
167
223
142
270
193
207
276
182
173
311
212
216
201
364
365
379
449
403
382
371
362
300
304
281
329
277
283
282
293
288
439
435
370
160
405
178
136
219
170
179
164
158
164
155
161
178
242
181
493
401
410
438
170
247
211
184
179
259
339
198
188
209
155
228
201
214
221
167
221
176
206
219
224
237
155
185
237
187
218
262
171
205
157
245
437
253
209
185
287
289
194
253
202
301
263
237
271
201
228
234
257
202
213
308
220
186
149
148
133
209
176
266
208
172
165
150
158
179
222
254
228
267
265
217
160
154
138
221
317
159
222
228
187
255
192
248
210
256
287
251
171
226
198
197
226
208
298
177
143
293
157
137
296
257
158
152
170
165
146
224
178
186
215
163
147
256
155
263
206
190
148
151
263
228
241
308
304
187
295
221
180
214
176
143
148
342
251
165
273
259
236
144
146
269
181
172
227
359
236
236
155
212
139
288
289
177
150
187
209
163
230
211
268
261
230
153
136
198
144
149
258
260
206
154
222
168
149
154
259
176
232
261
202
453
458
193
329
400
176
411
165
452
175
434
415
377
361
158
366
366
269
300
266
273
286
288
306
304
280
278
306
274
298
308
289
292
295
250
302
278
302
295
307
280
283
261
308
288
292
301
295
269
308
270
303
272
158
438
176
380
231
338
266
155
404
256
314
292
298
151
386
174
357
318
297
297
285
316
314
313
277
305
260
305
267
484
390
165
362
317
289
163
387
248
400
347
155
370
173
368
181
362
168
380
225
405
276
446
179
355
170
371
166
351
174
394
170
379
172
348
159
382
179
367
173
251
416
391
211
163
350
179
339
176
362
171
342
175
361
222
358
227
340
173
319
196
350
224
146
309
204
311
212
324
200
346
209
340
201
333
185
326
199
144
342
209
341
168
333
183
371
178
391
166
364
174
343
158
368
175
375
169
369
166
361
159
116
251
169
210
185
303
169
135
270
197
159
162
177
381
334
384
403
402
408
223
418
172
186
405
161
192
404
169
261
163
171
148
153
162
157
152
183
488
361
479
471
165
191
457
180
266
406
171
249
376
159
270
195
222
154
151
150
241
179
149
199
151
156
169
460
404
423
395
377
383
380
199
339
205
135
202
324
341
217
150
140
183
177
177
187
162
170
127
154
223
279
304
328
327
286
146
151
232
240
153
255
327
321
304
272
291
284
292
152
130
155
172
309
328
336
335
299
144
134
346
310
150
118
162
281
289
315
271
276
276
254
291
163
416
169
255
158
140
368
158
183
377
169
200
382
198
375
241
139
373
184
137
183
179
309
306
277
323
161
145
148
188
220
133
167
253
155
154
308
341
374
345
332
356
300
149
144
140
185
209
254
170
185
176
152
161
154
355
354
408
349
441
432
164
426
184
311
162
222
168
166
151
141
290
271
193
155
171
425
323
373
456
457
411
169
374
167
271
165
266
197
184
147
228
215
170
191
163
198
144
376
366
356
437
449
380
169
225
163
155
162
165
158
227
207
170
399
383
470
449
362
331
376
165
413
362
159
240
143
199
152
421
331
321
302
293
299
306
300
275
313
153
388
386
172
250
158
197
182
182
213
352
356
384
298
294
302
285
274
267
311
304
280
320
158
256
490
264
442
177
251
427
355
157
213
157
205
229
311
420
412
176
257
442
428
204
152
158
361
400
187
205
407
171
182
224
165
145
144
144
232
493
465
434
394
205
152
374
178
394
230
152
201
167
207
134
157
138
264
414
392
164
253
149
187
445
422
422
386
373
360
342
166
136
189
196
167
197
173
159
177
196
179
318
352
372
333
329
300
305
308
292
341
275
283
276
294
163
130
174
138
132
199
233
185
168
227
169
140
193
146
221
209
159
302
174
199
202
128
360
372
350
346
331
272
274
283
279
278
271
265
255
264
257
283
275
285
275
273
264
262
282
291
284
286
280
254
308
270
273
301
291
153
247
154
141
155
165
189
152
157
190
197
167
181
135
154
157
157
161
165
208
242
182
476
334
410
458
451
399
337
348
281
271
264
291
287
316
299
262
285
286
286
303
306
287
273
316
281
280
307
159
219
169
154
173
148
146
143
161
146
159
161
162
166
169
179
160
189
313
407
448
482
453
383
319
155
201
172
143
211
426
400
380
367
374
370
308
152
142
345
299
148
131
140
168
206
195
227
148
210
261
201
177
131
154
260
218
315
145
129
143
142
145
164
236
181
169
197
249
199
157
147
149
199
234
205
182
213
234
299
246
140
234
203
234
260
197
184
284
204
215
212
219
261
170
257
191
252
370
185
137
136
218
212
252
288
234
252
163
230
219
251
233
163
178
173
248
260
220
189
255
262
335
236
158
160
304
217
142
131
129
251
253
143
201
216
174
156
156
165
233
179
221
213
226
248
178
164
193
159
282
191
140
166
295
283
234
175
274
158
254
207
178
301
293
202
133
283
250
216
296
177
275
228
166
229
148
264
180
195
294
304
197
173
301
163
210
211
198
159
282
177
258
197
203
213
246
199
169
280
185
159
154
235
248
282
187
162
195
258
210
242
287
160
202
226
152
152
286
246
156
297
217
140
222
166
217
225
209
257
170
257
155
197
139
130
197
301
283
287
317
210
258
174
151
254
172
148
143
228
298
170
236
188
145
208
224
155
282
164
288
183
173
141
197
172
257
245
266
230
233
317
169
234
226
145
250
291
219
144
258
169
287
148
139
224
240
332
234
226
200
204
271
257
190
234
305
195
151
135
280
238
213
260
304
219
240
177
149
253
228
185
271
226
226
173
263
292
248
174
231
154
313
178
237
212
198
270
311
237
205
187
182
190
200
230
321
160
185
277
145
268
257
210
164
232
246
201
231
289
181
153
128
205
212
212
335
279
215
216
192
315
168
205
139
246
186
164
261
193
132
258
155
318
161
220
295
160
250
168
167
334
185
254
225
266
172
160
283
259
