160
273
293
335
305
285
284
288
276
294
301
308
292
292
289
267
278
286
336
341
302
214
336
188
374
218
410
201
368
188
349
199
374
206
388
208
350
188
355
193
384
216
412
309
299
275
287
322
341
331
329
293
275
290
348
375
345
290
281
286
316
366
328
435
283
286
209
254
592
373
316
271
289
309
320
233
424
318
290
184
396
206
432
311
313
287
282
282
302
337
332
334
279
282
285
299
318
305
213
375
287
295
299
305
303
205
388
183
379
291
299
200
437
217
387
187
383
209
437
247
414
207
378
233
465
263
446
211
369
201
467
271
459
239
411
346
434
411
353
322
305
314
373
392
339
306
303
318
321
344
243
426
208
372
231
377
312
331
321
299
271
285
299
297
324
319
301
271
198
396
209
425
205
405
285
286
225
416
324
304
312
305
206
358
282
289
290
223
360
268
267
203
402
332
328
291
276
191
369
221
450
339
301
278
287
308
374
330
323
308
290
298
349
294
400
334
319
295
316
341
360
314
318
297
285
210
407
349
339
309
276
277
302
296
266
399
303
279
272
301
320
354
262
382
283
280
294
336
343
327
304
299
197
378
201
411
309
303
193
345
289
284
319
347
337
281
264
195
390
221
447
343
289
270
311
230
435
312
323
278
271
294
307
342
333
361
356
304
307
334
354
343
280
425
306
310
334
357
335
328
294
295
292
309
319
300
289
285
297
219
414
307
291
286
292
291
299
322
299
301
301
292
207
366
242
396
316
310
279
277
279
307
309
317
290
277
274
286
317
320
302
289
203
393
307
298
326
312
195
404
290
302
290
319
321
217
374
186
380
299
317
341
313
295
261
284
326
308
309
299
293
263
273
314
323
315
297
302
294
278
278
307
306
290
194
405
267
263
279
325
307
307
277
264
269
273
301
340
317
295
282
279
204
379
221
393
214
370
191
360
199
386
216
419
214
365
189
383
214
530
252
415
199
374
258
584
293
428
191
365
205
452
249
490
224
415
207
415
235
495
242
407
198
388
218
412
258
474
206
371
200
399
213
453
217
373
194
400
214
419
220
416
198
372
215
416
212
400
238
398
198
377
222
401
212
428
202
364
199
407
233
383
218
388
196
370
220
396
210
412
236
398
207
395
223
417
252
415
203
366
217
442
233
413
307
304
297
341
355
177
442
309
317
303
321
213
418
186
401
311
304
312
305
218
417
308
295
300
301
214
426
299
285
292
309
318
206
429
295
281
296
307
206
415
311
319
288
294
294
207
399
318
322
286
286
299
329
323
318
305
302
297
320
333
336
323
324
219
455
213
450
221
443
212
414
239
478
272
507
227
386
209
488
243
463
220
391
198
469
269
460
229
394
190
403
238
482
215
429
216
393
201
430
248
424
219
393
193
382
349
379
334
301
287
285
303
348
349
309
304
192
387
200
398
334
313
300
280
289
180
432
386
340
188
394
216
380
347
385
324
292
291
305
322
230
434
325
300
291
223
372
313
359
351
214
357
293
309
309
343
342
292
272
198
407
204
416
316
288
273
202
385
322
307
328
309
280
285
300
314
303
204
441
195
374
302
329
318
314
296
285
277
296
320
310
295
318
298
284
289
308
315
308
326
306
287
188
413
349
338
214
391
193
389
209
444
239
437
308
325
334
326
320
208
439
292
301
319
309
320
349
328
280
289
192
431
316
317
303
285
300
329
329
306
306
303
299
304
321
323
304
319
317
310
207
413
204
429
335
297
298
301
336
328
318
303
302
304
300
318
331
317
324
313
215
409
335
315
328
330
298
209
406
351
330
213
410
225
406
230
462
224
415
301
317
332
317
324
317
308
307
310
320
308
346
333
214
389
195
409
214
432
209
390
191
408
214
417
216
416
190
382
205
424
242
403
219
413
197
379
203
408
318
328
294
277
285
322
331
323
309
300
277
206
418
342
331
313
325
298
176
432
341
315
314
309
283
296
310
406
214
458
292
290
297
318
389
344
304
293
324
334
338
352
334
162
434
314
311
326
360
343
307
293
168
456
207
511
213
396
191
436
220
475
234
422
191
407
215
426
217
456
210
382
196
406
206
445
248
400
191
397
235
477
258
439
198
385
213
460
226
429
223
394
299
304
331
321
359
230
394
297
312
332
322
334
188
394
288
312
337
322
320
302
295
303
325
312
307
306
312
293
287
301
312
330
317
310
279
293
298
314
326
313
180
411
309
311
312
310
314
304
292
294
315
309
324
332
319
285
301
322
333
347
332
324
296
333
367
357
323
314
173
435
333
360
337
334
363
315
302
197
495
330
314
320
309
307
341
359
345
299
313
307
329
352
334
305
291
331
319
324
316
214
409
302
328
311
306
326
342
324
285
316
319
327
338
326
294
279
321
324
330
323
315
291
298
339
326
331
350
353
313
305
357
344
362
379
193
439
328
387
367
372
343
306
318
434
354
366
342
314
324
360
384
332
324
316
321
324
355
340
345
331
294
305
312
358
350
322
305
159
448
325
388
318
310
288
299
316
325
338
328
326
306
287
300
318
252
404
303
291
288
314
326
355
303
303
290
297
326
329
357
315
334
313
316
317
336
345
320
320
314
312
335
436
368
294
299
312
320
327
377
326
290
205
431
337
323
348
303
312
330
327
322
325
371
308
172
446
343
323
348
346
292
157
464
361
345
333
332
297
324
347
331
315
338
320
314
314
206
448
212
468
183
403
296
399
337
328
326
297
338
231
512
344
318
313
335
391
396
347
323
347
335
363
392
290
399
332
310
323
356
335
352
308
319
298
349
369
346
305
300
299
217
447
217
434
309
311
310
311
325
200
444
311
299
315
310
347
359
343
293
293
301
322
353
331
305
300
326
329
333
332
346
318
305
330
337
338
354
368
317
297
336
324
341
363
324
270
343
424
388
341
329
303
302
188
558
361
333
319
310
325
357
345
325
329
306
296
311
344
363
336
298
286
306
326
206
493
320
290
306
314
358
356
225
412
196
412
312
329
334
347
325
286
169
444
362
367
334
307
292
335
367
267
476
334
299
254
408
344
391
342
328
323
325
364
410
407
342
319
333
359
422
417
325
312
322
348
380
405
332
308
342
358
349
344
336
311
322
335
335
333
358
322
306
313
330
327
332
334
306
300
329
235
452
306
319
282
306
326
319
313
193
443
316
318
303
321
306
205
471
313
305
203
490
378
336
313
311
307
322
234
446
312
322
378
374
334
323
209
379
328
350
332
320
205
392
315
357
350
320
292
306
289
310
326
327
204
391
335
288
269
300
223
407
218
378
282
260
284
349
325
329
295
284
262
293
341
274
376
284
283
284
287
296
325
320
290
290
283
186
392
323
367
363
320
196
362
238
487
283
444
295
271
296
400
322
604
311
296
352
419
388
298
404
192
404
329
546
401
296
292
298
335
304
493
330
271
187
438
342
328
312
308
274
213
407
218
423
213
422
293
307
294
297
298
309
329
290
223
373
324
336
325
290
283
287
299
307
309
316
182
394
316
323
305
309
329
292
307
333
344
315
318
378
327
333
318
331
302
330
361
308
247
437
415
384
344
307
324
365
358
346
331
301
289
344
382
352
329
291
282
301
336
348
338
296
182
427
309
326
340
322
309
180
419
301
204
434
352
318
291
179
361
213
486
237
403
186
380
206
443
244
422
203
384
202
412
221
482
219
427
206
405
199
466
260
452
224
397
211
413
268
579
252
392
220
456
256
536
256
401
209
452
253
494
246
401
197
438
239
455
231
427
208
413
235
415
211
415
221
395
196
432
209
429
331
307
268
284
225
396
346
325
300
272
315
342
253
378
309
290
286
308
230
391
334
324
193
379
186
441
329
204
452
307
265
338
388
344
323
306
300
213
431
392
340
293
368
313
333
339
348
309
232
391
204
393
322
362
338
301
268
318
302
331
338
310
290
295
306
305
315
319
310
283
289
313
297
287
334
325
306
188
387
296
177
454
333
291
281
294
268
188
485
318
300
283
301
309
328
313
333
197
422
267
350
342
337
204
440
188
396
321
359
373
320
302
297
320
340
369
361
296
207
387
347
340
325
251
388
301
301
335
220
426
339
298
278
288
330
325
321
320
286
282
309
339
326
307
309
273
308
305
342
309
320
334
305
275
288
318
203
439
329
293
283
303
278
224
496
204
412
196
416
329
353
321
331
200
387
197
438
218
443
228
396
188
436
236
482
323
300
283
295
214
439
233
396
302
308
302
181
425
324
308
302
289
284
291
271
391
314
286
180
385
196
422
321
307
282
293
298
190
413
318
310
283
305
286
297
300
199
465
198
377
289
293
312
226
438
186
403
305
327
330
232
390
222
405
302
309
321
208
447
225
405
186
426
332
320
358
308
277
292
327
329
280
360
304
290
302
337
211
414
205
433
193
414
201
432
201
431
222
376
296
323
344
319
302
182
396
312
324
328
313
304
185
419
304
305
307
311
308
318
275
293
186
452
321
318
305
284
186
438
353
325
314
318
304
206
450
323
320
295
328
299
330
344
347
330
310
296
295
304
327
339
310
292
300
315
194
464
231
396
255
326
305
211
406
311
333
291
295
279
310
312
317
318
277
293
192
429
332
319
292
211
363
180
411
300
320
314
303
194
375
190
415
215
409
306
285
293
304
340
203
441
300
290
298
308
332
189
414
333
206
412
313
331
224
429
