75
274
267
264
258
262
266
260
273
268
259
259
258
259
261
263
274
270
271
274
272
275
264
267
265
274
273
257
262
252
248
249
250
259
270
277
269
274
284
281
280
273
269
273
273
274
279
285
280
285
290
283
275
276
278
266
277
281
274
275
286
301
297
296
288
277
279
271
282
290
284
279
277
289
291
290
274
277
284
294
308
304
294
300
305
293
285
280
290
301
297
298
299
283
262
265
269
262
275
288
293
293
297
302
290
289
284
289
298
300
288
281
270
275
293
291
296
295
309
309
294
286
286
284
280
290
300
311
327
313
315
315
294
292
287
293
299
311
311
290
285
284
288
277
281
284
276
290
297
309
300
307
318
310
295
276
274
267
270
275
266
269
272
275
278
272
286
325
326
334
315
299
294
296
290
284
283
277
281
286
290
294
295
288
290
300
296
286
280
275
275
268
271
274
273
284
294
291
274
272
264
264
262
269
272
276
276
270
282
294
283
271
254
249
242
239
240
247
242
248
246
257
259
252
253
246
244
250
242
247
247
237
238
234
231
236
229
227
218
219
217
233
241
260
281
279
274
257
254
245
231
231
224
227
233
238
245
263
261
262
260
274
269
256
261
251
251
251
252
262
272
263
260
261
265
264
260
263
265
259
250
252
247
241
236
232
231
235
242
242
253
247
253
258
262
254
258
247
250
246
242
244
234
231
227
235
250
249
261
260
257
247
239
249
246
241
244
242
262
269
250
248
249
249
247
244
247
251
245
247
246
261
274
260
265
278
255
253
251
260
272
271
259
254
258
257
268
270
262
253
250
266
298
306
312
307
295
269
265
258
247
248
244
241
244
237
242
236
249
251
243
250
244
249
263
262
276
265
249
260
271
283
300
339
320
330
336
351
361
322
303
312
330
354
361
352
349
342
341
333
327
348
354
333
327
339
326
338
351
325
311
343
354
338
343
302
304
325
321
322
339
344
351
340
340
350
339
326
334
344
363
367
344
335
351
342
345
348
341
355
354
307
309
318
346
338
316
306
305
316
338
343
318
299
305
319
347
355
349
346
315
299
283
286
293
311
345
347
349
317
317
292
291
305
329
332
364
374
357
349
351
335
334
317
330
349
333
336
338
353
354
347
341
319
304
305
313
323
336
337
352
356
339
335
348
370
368
337
343
358
342
348
351
357
365
333
323
323
331
352
325
319
326
327
333
320
320
334
347
346
321
320
328
308
336
358
365
374
323
326
328
324
301
292
308
321
327
335
352
341
342
304
302
305
323
323
322
296
285
279
290
314
307
326
332
334
296
288
285
280
286
302
324
330
310
320
320
307
305
307
311
320
326
300
306
314
330
323
305
302
314
328
332
320
325
332
348
343
329
323
313
300
307
323
332
342
359
361
328
304
312
324
350
342
340
314
326
310
324
320
338
347
318
320
324
330
345
338
342
328
326
332
310
300
284
276
299
314
329
331
345
312
321
330
313
311
316
330
329
332
343
316
328
338
343
347
329
330
337
329
344
331
327
334
339
349
354
327
325
333
334
322
325
327
309
307
314
301
314
322
336
311
321
322
311
310
323
329
330
313
310
305
290
280
259
250
247
251
248
242
262
327
347
340
356
350
332
332
328
314
314
322
336
337
341
328
328
329
338
323
323
310
295
280
279
301
335
341
349
326
321
317
335
342
337
332
333
329
330
329
331
329
332
318
325
327
308
301
313
324
327
310
316
311
319
315
307
315
315
316
323
325
319
333
324
335
334
328
316
330
329
321
318
325
331
323
293
290
288
321
336
321
315
320
317
312
306
312
325
338
336
336
338
332
314
317
325
319
315
343
344
323
318
331
311
303
309
315
325
323
308
307
312
317
305
297
306
300
291
293
308
310
316
316
311
292
296
298
292
298
324
343
330
322
347
340
332
333
312
310
329
346
341
349
353
328
319
315
304
303
309
314
321
322
322
308
315
319
316
298
306
317
300
305
314
323
330
311
296
291
282
310
332
319
303
313
314
314
318
309
313
297
296
303
310
310
316
283
287
292
287
286
285
288
295
308
308
315
295
303
299
292
295
307
326
335
339
341
333
308
298
301
305
327
336
333
329
318
317
313
299
299
307
318
333
324
327
321
324
301
304
316
318
318
316
323
322
317
312
319
329
331
299
304
311
334
320
309
317
319
328
327
299
293
286
310
313
327
338
314
321
333
328
315
315
324
330
321
314
290
279
288
306
319
331
319
319
316
319
326
335
337
317
300
289
309
323
322
297
284
281
283
297
288
290
306
309
317
305
311
312
289
288
295
306
313
314
303
308
299
302
309
300
285
282
289
300
293
311
333
307
304
311
314
304
286
273
274
272
291
313
325
326
341
340
337
328
302
302
306
302
312
327
332
336
320
324
326
288
283
293
297
303
317
322
309
322
322
313
294
299
316
311
315
303
289
282
286
294
286
291
301
320
335
329
339
332
336
331
314
303
303
306
307
316
304
312
312
315
315
293
287
295
301
312
321
311
314
324
319
328
333
335
343
338
335
325
312
314
324
332
334
346
335
318
302
298
288
301
324
329
325
333
339
338
326
328
317
318
315
296
278
278
290
300
328
329
320
320
335
334
324
315
301
294
282
276
286
310
330
322
324
310
308
317
306
307
302
296
285
283
277
260
259
257
263
291
313
293
303
306
300
285
279
282
277
287
298
304
314
312
311
308
312
322
323
304
296
286
278
265
272
301
322
309
305
311
299
309
289
286
281
283
289
291
284
266
262
256
267
283
286
287
294
300
283
282
278
272
282
289
298
287
276
274
280
281
286
283
279
278
276
291
305
318
325
329
304
298
295
296
293
285
291
291
301
304
308
315
310
317
315
301
287
278
277
291
299
312
317
330
331
305
301
303
316
312
312
326
332
336
319
296
293
291
305
306
319
312
308
303
312
322
329
327
334
321
324
320
327
325
326
322
317
285
279
280
257
265
276
297
313
304
293
284
278
270
270
266
255
245
245
242
238
241
239
243
233
232
228
230
226
222
221
214
220
224
233
239
243
256
246
254
252
265
275
273
266
258
253
260
267
257
250
245
233
237
246
256
261
264
271
278
270
270
268
245
243
226
230
224
226
229
240
249
258
260
285
282
268
269
259
260
262
253
254
251
253
261
267
264
270
269
263
264
265
254
251
237
247
246
245
250
248
244
246
245
249
264
261
259
254
246
242
244
248
245
244
251
253
255
261
260
261
247
259
250
244
249
243
237
235
232
236
240
248
249
244
247
253
253
262
277
277
278
274
272
281
268
274
283
273
272
282
273
271
272
260
276
277
272
278
264
265
272
271
281
283
282
285
298
281
280
289
300
305
315
305
294
297
283
286
291
296
298
301
311
314
302
303
307
294
300
303
303
294
295
298
293
283
277
268
272
277
285
282
288
297
301
304
296
299
282
279
276
281
282
291
298
305
306
302
302
288
285
291
305
293
297
306
316
315
322
324
315
302
312
310
289
286
298
273
278
280
272
254
245
250
263
275
286
286
288
296
291
276
261
262
262
269
273
260
274
267
275
288
293
297
286
280
281
293
291
289
291
302
284
286
280
267
260
260
275
291
285
300
309
297
292
293
279
270
268
261
273
280
286
271
284
288
280
291
294
297
286
291
292
289
279
284
287
274
268
265
254
267
269
283
295
294
289
280
289
279
280
283
279
279
279
280
279
277
280
286
289
290
288
285
277
269
272
273
264
262
277
294
293
300
304
296
294
278
275
262
267
269
263
268
263
275
287
286
288
292
292
282
279
265
268
270
281
279
279
289
284
288
290
282
279
277
269
269
284
297
279
284
280
289
295
307
293
295
280
282
275
264
273
278
286
296
297
284
301
302
298
295
289
277
273
275
276
258
259
254
253
260
270
276
273
265
260
269
261
256
260
254
248
256
259
255
253
252
252
245
243
239
236
234
236
240
251
251
260
257
246
246
247
247
252
252
255
248
255
266
275
278
277
288
295
288
302
310
304
301
311
302
302
302
294
275
284
281
264
260
254
265
277
288
283
290
295
288
309
318
320
315
311
311
323
297
290
281
278
289
278
267
259
256
255
248
247
255
243
253
257
258
271
266
277
280
286
266
265
266
255
262
256
262
273
268
266
262
257
257
269
281
281
278
267
266
271
265
262
257
269
290
299
283
285
295
285
280
282
277
282
278
277
263
273
269
263
262
263
270
285
284
282
281
286
274
274
271
263
270
277
297
305
308
297
294
274
269
267
272
280
285
300
312
309
289
288
285
272
265
259
250
248
255
278
280
275
272
276
274
279
288
284
272
272
274
273
271
269
265
270
265
272
282
281
278
283
291
291
289
291
290
300
301
314
300
293
286
293
303
306
314
305
296
276
264
253
237
234
230
236
241
246
254
253
261
263
260
249
243
234
236
237
247
255
254
271
278
290
287
298
299
280
282
280
272
274
264
259
251
256
255
260
273
268
277
275
291
287
282
274
274
271
264
268
260
256
260
261
264
273
259
260
258
254
256
252
254
256
256
250
252
257
259
259
257
263
260
256
262
255
251
251
244
246
251
249
246
240
243
241
243
248
251
257
250
254
254
254
246
244
239
232
235
240
244
247
262
254
247
243
250
247
242
243
242
249
259
253
252
255
250
255
250
263
260
260
256
262
268
278
286
294
280
271
263
260
258
255
254
259
263
258
272
277
271
268
247
252
244
241
242
229
236
239
233
243
242
241
233
233
235
239
244
248
254
272
283
293
304
304
291
288
285
289
281
277
275
276
278
280
264
260
268
261
270
281
279
285
269
266
258
256
241
244
239
243
239
248
254
251
254
249
251
247
249
246
247
239
239
240
247
243
233
244
238
243
261
264
271
278
277
272
263
263
256
251
250
256
253
248
256
255
255
260
262
273
284
271
275
269
270
266
260
256
257
252
255
251
258
265
255
256
264
264
263
272
271
265
271
269
264
260
249
208
249
235
240
234
244
250
246
251
254
261
290
288
302
284
281
279
284
290
273
273
272
280
282
276
265
261
260
254
259
270
259
265
256
261
273
268
260
255
256
255
257
250
247
244
250
257
273
272
279
275
286
300
299
293
283
277
277
272
275
264
268
268
275
284
276
284
277
276
271
263
261
243
243
235
232
234
235
