180
347
320
319
346
321
627
329
299
332
334
304
328
334
315
343
362
320
355
384
323
358
347
311
340
340
319
360
356
329
356
355
331
358
335
319
353
352
320
357
331
334
343
342
320
350
339
328
346
367
335
354
342
322
344
340
311
355
333
320
356
338
315
348
329
318
348
348
322
351
337
321
364
351
326
364
347
335
349
354
351
328
331
352
331
346
359
333
354
357
338
350
367
327
341
344
323
330
355
314
626
324
611
621
632
604
612
598
610
599
595
601
589
573
567
569
580
589
587
579
564
561
581
611
589
586
598
590
598
589
584
455
397
244
153
388
329
332
330
319
336
363
329
361
365
348
376
364
330
342
332
329
341
353
335
363
372
341
378
372
358
376
376
343
366
342
340
383
347
350
355
338
337
366
356
372
374
349
345
351
341
349
349
351
350
350
361
341
351
357
339
350
360
330
364
350
340
355
366
335
359
363
339
359
358
326
343
348
317
340
347
310
329
355
318
332
361
334
319
355
331
316
350
334
309
351
331
311
331
327
308
334
346
325
342
372
351
340
357
341
331
343
332
324
341
363
327
344
359
352
340
360
324
330
345
341
319
359
321
333
346
347
324
360
344
317
345
346
328
334
354
319
341
338
313
360
352
323
354
343
321
348
333
321
361
342
329
360
346
331
365
343
336
356
342
328
350
335
333
344
338
332
350
359
364
325
348
351
329
347
352
319
351
347
322
333
343
306
336
331
318
344
370
310
348
331
630
334
608
630
634
607
629
589
595
584
594
593
588
598
591
597
580
597
608
599
592
584
587
594
612
618
632
628
608
593
591
578
588
589
591
598
587
586
579
574
562
573
592
585
591
601
585
589
619
594
615
594
578
594
586
620
594
613
612
588
604
576
575
579
586
600
575
582
567
586
594
575
598
572
597
590
599
621
612
598
620
612
616
613
642
630
624
645
613
594
599
593
607
608
606
607
587
584
597
588
608
594
583
596
594
631
608
624
602
611
609
626
593
625
620
616
609
582
601
599
606
617
580
603
577
607
573
585
574
583
599
607
600
590
591
588
571
575
614
589
312
304
319
358
338
354
373
355
336
371
338
322
329
327
308
339
323
301
330
346
313
340
343
314
340
345
318
333
351
343
331
386
363
353
368
363
367
377
365
344
340
347
337
359
370
344
370
373
361
363
361
334
354
354
328
354
349
322
354
359
323
358
338
319
345
335
314
354
349
329
333
348
336
326
334
317
306
327
331
332
322
367
351
331
379
385
333
353
358
326
352
361
319
346
353
316
345
346
307
335
349
322
320
328
319
313
335
334
333
324
367
354
329
353
359
330
351
355
333
360
358
324
347
341
321
324
348
330
321
346
346
316
350
337
324
335
342
313
341
338
322
337
352
316
327
337
344
322
363
350
336
338
350
331
343
341
330
341
330
644
317
319
330
338
327
360
357
341
346
354
344
339
351
337
322
343
331
313
353
341
308
346
353
334
343
351
341
341
365
355
347
358
343
338
342
335
318
329
327
316
328
322
317
329
338
322
371
354
347
349
351
331
348
323
318
326
336
319
364
363
353
358
369
360
330
348
359
332
343
348
331
337
335
332
327
362
352
342
349
349
334
350
342
331
324
339
324
334
337
324
615
617
636
614
634
604
592
576
574
587
569
603
588
582
583
580
595
602
588
590
573
571
578
571
603
588
637
610
610
600
579
600
580
589
585
605
622
588
618
610
617
612
619
607
599
572
597
594
604
607
612
612
597
593
613
618
599
606
597
626
614
610
619
587
603
595
597
603
591
612
597
601
613
599
595
602
581
600
584
621
599
607
628
601
625
607
611
599
582
591
601
603
628
596
615
601
589
586
604
607
603
605
606
613
588
598
575
580
589
584
602
580
609
577
582
591
581
609
600
631
620
625
618
589
590
594
604
593
606
592
601
596
594
603
607
609
607
619
641
610
605
580
586
600
615
635
605
315
298
351
342
319
381
385
362
399
362
354
368
345
345
360
344
333
340
338
335
339
344
319
358
354
345
349
351
331
362
358
345
354
349
327
337
327
318
321
330
322
351
370
346
354
367
344
348
369
332
348
362
341
358
380
337
345
338
315
335
344
310
348
362
327
352
381
347
337
351
344
338
350
358
336
371
357
343
337
331
323
339
340
317
325
337
325
335
370
351
324
347
347
311
350
343
313
311
330
318
327
347
356
336
377
351
350
351
349
330
350
349
341
351
348
331
347
342
334
340
351
349
326
339
358
316
357
385
337
392
372
342
339
339
317
364
364
340
375
364
343
369
345
330
341
329
338
339
335
360
354
341
371
350
328
364
364
347
391
375
358
362
344
339
315
322
305
595
607
581
594
597
596
615
607
599
606
586
625
581
614
594
591
590
568
582
583
584
583
579
609
625
308
309
367
375
358
428
393
369
369
339
355
351
346
329
326
319
351
341
335
365
358
339
359
336
323
351
318
325
320
591
594
587
585
593
581
586
592
602
607
601
610
598
569
579
586
603
614
620
649
615
631
608
597
592
587
586
606
592
605
597
593
610
601
618
607
612
637
600
624
599
619
606
605
600
602
579
588
581
584
613
619
617
618
618
619
610
607
619
607
594
598
581
610
601
633
627
621
626
583
611
594
590
591
592
597
617
616
619
633
623
324
309
321
347
329
329
350
328
348
372
342
357
369
342
361
368
337
348
351
323
353
358
335
359
361
347
359
370
347
372
357
363
349
347
370
338
361
355
358
363
355
361
365
359
362
373
349
354
360
344
373
381
343
365
376
352
365
351
335
363
364
331
365
349
330
347
343
315
350
340
316
358
347
322
352
343
327
356
341
329
369
351
328
363
340
339
344
376
351
354
364
357
345
376
354
378
392
356
363
375
348
366
352
330
359
365
343
386
370
341
376
338
339
363
338
334
354
341
353
373
376
350
380
385
352
373
370
342
357
356
327
346
351
343
344
371
332
328
337
315
341
371
321
367
380
336
373
336
328
320
354
316
358
349
325
370
380
331
391
357
339
376
344
342
340
322
322
348
336
342
362
352
333
380
352
349
358
346
341
348
356
331
337
340
322
346
356
321
354
349
337
349
360
334
358
378
341
359
360
324
336
325
634
324
300
340
348
318
362
374
341
357
366
332
364
344
334
369
355
323
347
329
316
341
341
322
361
346
334
375
348
347
354
350
331
365
344
340
343
338
330
333
340
331
348
356
334
345
363
340
328
369
369
338
378
360
335
382
351
333
350
325
324
349
343
350
345
355
339
348
357
348
351
344
347
348
336
343
333
334
332
334
354
341
346
358
339
355
367
337
339
343
346
333
359
348
331
357
359
333
361
340
334
361
355
358
362
378
361
367
363
348
348
347
345
342
357
337
333
350
338
343
373
333
352
364
344
354
367
339
341
356
345
342
355
351
335
355
341
338
335
335
329
340
351
334
332
353
374
337
365
353
324
353
351
318
347
325
629
330
309
352
344
321
354
362
339
384
362
350
374
355
347
359
332
336
352
340
351
356
362
343
364
361
354
363
367
350
351
366
339
353
341
340
324
329
634
327
311
338
347
332
355
331
359
361
