491
246
263
659
244
253
673
237
601
242
602
240
590
243
271
627
239
261
250
261
261
249
252
686
949
405
245
256
666
242
270
263
255
255
256
261
262
266
266
260
999
410
239
259
693
244
260
262
719
489
238
261
260
254
262
961
432
245
261
660
239
265
657
239
258
256
712
748
710
239
257
253
262
261
255
254
260
263
260
635
248
262
260
515
241
259
684
250
265
259
259
258
536
251
269
686
239
270
264
687
240
275
707
243
265
260
706
242
258
706
252
258
685
246
263
672
247
270
675
243
261
254
261
258
676
245
269
267
264
258
258
259
262
263
268
864
497
248
264
254
264
608
255
263
656
253
259
668
245
258
687
248
264
685
244
257
258
262
259
911
517
244
260
679
253
264
264
264
260
683
246
622
238
597
245
595
244
259
651
248
256
636
246
263
638
235
596
247
256
642
243
266
259
648
243
618
232
256
253
259
653
696
244
260
672
236
264
674
238
260
667
249
264
248
252
257
694
242
259
254
259
266
257
268
259
263
263
267
263
268
264
258
575
251
273
262
263
1010
474
246
268
262
261
251
263
268
262
724
253
266
698
251
628
244
268
262
262
616
252
275
693
243
263
267
268
263
714
249
657
247
269
258
269
625
247
262
679
246
260
256
957
407
248
266
693
237
263
718
522
246
259
262
267
263
263
266
681
510
244
266
260
265
682
242
266
263
268
267
1001
502
244
603
237
263
261
259
254
258
260
270
668
243
632
250
269
652
243
269
253
266
258
665
247
268
259
266
595
241
259
256
258
577
242
266
254
261
709
248
264
700
922
500
247
273
263
266
256
262
266
994
462
247
267
258
259
601
249
271
681
244
268
269
258
258
259
972
480
243
264
266
263
262
254
582
247
269
271
264
261
264
271
1025
409
252
264
260
691
251
269
652
241
263
268
275
261
264
260
267
271
265
690
246
264
717
245
265
270
270
262
934
443
250
260
670
256
267
260
262
667
249
270
662
243
267
262
262
260
260
533
252
272
263
260
265
748
239
266
264
264
632
250
261
265
275
265
266
644
244
275
267
979
480
251
260
664
253
275
662
249
271
259
617
243
264
263
724
245
268
270
266
259
702
235
269
263
262
263
257
660
242
251
656
246
267
253
259
252
262
265
261
705
248
257
262
273
259
260
261
595
251
265
260
266
651
244
270
708
245
639
253
262
263
268
262
262
547
250
271
678
247
616
249
265
253
263
268
259
533
241
265
665
247
268
704
250
265
261
261
642
258
267
264
264
662
254
263
260
541
244
269
265
259
264
771
246
271
269
267
266
709
244
273
709
251
267
261
266
674
249
271
266
561
240
272
265
689
249
270
256
268
271
267
272
271
272
269
727
251
271
269
280
664
260
280
266
567
247
273
270
273
555
244
277
270
273
682
255
275
273
569
247
274
273
269
271
278
749
261
276
688
253
268
690
244
261
683
246
266
260
271
1110
502
260
276
272
265
272
274
271
1112
489
254
272
686
247
275
272
264
635
260
277
268
536
251
275
271
268
652
256
277
264
263
639
260
277
269
271
266
271
276
678
247
274
258
268
264
261
266
261
278
260
279
243
263
264
258
260
264
252
255
262
275
272
264
260
262
268
263
266
273
270
268
268
276
272
271
267
590
248
569
247
268
265
273
262
267
637
240
271
268
263
270
263
271
278
269
270
266
275
647
244
263
641
257
268
260
657
240
267
269
262
266
265
651
247
267
622
250
641
248
268
660
242
262
664
248
273
256
259
711
242
263
259
259
260
267
271
260
685
253
269
659
251
264
267
773
246
269
651
238
267
660
248
268
677
250
273
266
683
245
271
658
242
259
680
245
266
668
248
268
257
257
260
268
270
267
260
266
271
267
267
276
683
254
278
266
266
671
250
272
731
246
277
714
250
272
689
247
267
678
258
268
259
812
247
273
682
245
273
675
246
263
257
651
248
266
672
242
265
706
244
267
265
261
658
249
272
264
262
266
261
270
501
243
265
677
252
665
247
273
698
245
265
269
265
264
256
731
978
400
258
209
301
253
259
696
247
261
258
896
488
250
267
258
266
270
263
265
260
271
1137
444
257
274
262
263
264
269
630
240
268
696
257
269
265
968
520
248
267
265
263
264
263
679
250
268
691
244
269
269
260
265
664
255
274
262
263
271
266
587
245
266
267
964
418
252
269
696
244
267
274
272
266
263
266
271
1513
458
247
268
262
265
266
271
272
1114
451
251
262
705
250
271
265
269
272
274
271
268
785
1476
447
252
263
260
269
263
267
269
268
265
261
1182
448
248
270
656
242
265
268
263
263
260
633
251
269
269
270
760
527
243
272
264
264
269
267
1041
412
254
267
270
264
269
274
264
866
973
459
255
274
260
266
261
268
537
244
266
653
252
273
260
683
254
272
263
265
270
262
272
275
2114
429
259
276
262
267
260
272
276
265
265
268
269
996
539
255
273
267
267
259
261
267
272
718
512
253
270
268
702
246
270
687
249
271
272
265
267
267
919
956
418
253
266
258
262
1588
438
265
266
265
265
265
258
273
269
268
791
1003
442
248
268
264
260
258
265
269
266
677
249
260
266
273
262
1253
491
244
264
263
262
259
264
259
261
271
264
267
978
726
249
264
268
269
267
263
266
749
1446
433
246
268
267
263
269
274
268
272
269
274
276
997
441
259
272
264
263
272
280
272
269
1073
434
253
263
268
276
264
268
1161
454
252
261
272
276
267
266
271
267
268
1130
577
252
278
259
268
270
268
272
277
269
1080
542
248
273
271
268
268
269
264
269
282
268
636
258
265
674
250
264
266
276
265
272
273
754
1492
306
182
165
204
227
265
224
233
245
772
408
249
271
262
264
2022
472
249
261
266
257
269
272
260
261
261
268
933
437
243
269
262
258
264
263
272
271
269
264
1120
823
936
902
531
242
263
249
257
261
261
260
260
1576
418
254
268
262
250
257
259
254
262
266
260
699
548
248
263
262
265
267
264
1494
401
247
261
257
264
260
261
260
258
264
272
259
268
262
1601
401
252
270
266
257
257
262
257
262
713
529
250
645
254
271
680
244
269
258
263
278
262
266
764
1497
445
246
257
255
267
261
266
272
262
262
1057
907
898
504
250
270
260
260
262
259
257
267
266
263
692
928
523
242
267
270
258
258
256
265
268
261
262
260
264
260
266
269
862
1439
410
252
266
257
260
263
262
264
268
259
264
269
2050
423
246
259
258
261
261
266
267
258
1054
838
924
906
900
506
246
264
261
257
254
259
263
255
258
254
253
701
506
247
264
262
268
258
258
260
268
259
268
271
259
763
519
241
266
261
255
264
265
260
259
261
268
269
270
625
251
275
266
273
1550
444
255
265
271
273
263
262
263
278
272
268
1102
433
247
269
264
272
274
261
987
571
242
263
255
265
268
262
263
273
273
736
987
486
251
262
266
268
268
268
271
268
263
270
277
269
273
1148
456
252
264
266
274
262
262
261
269
263
277
952
531
257
274
261
268
272
270
274
271
267
264
269
280
1098
446
254
273
273
264
271
278
266
274
272
273
268
698
505
250
281
272
276
266
269
274
275
282
279
278
274
285
888
551
257
278
275
275
269
277
1277
604
253
274
271
268
272
282
270
269
272
1113
447
252
281
278
272
272
269
276
270
281
280
270
967
393
250
269
269
271
272
275
702
1005
416
250
272
263
262
263
259
806
499
250
272
271
274
264
272
269
278
280
271
879
545
259
272
264
272
278
271
271
265
266
274
277
1163
966
539
246
271
269
262
269
259
270
275
267
263
265
271
265
881
484
252
272
266
261
264
270
675
931
452
249
260
260
263
258
266
262
262
264
259
271
640
247
278
275
273
1602
430
257
296
284
725
905
870
844
838
833
246
256
246
254
258
251
263
264
252
260
257
268
268
264
645
494
248
273
256
257
266
272
262
267
267
264
265
265
269
268
266
703
924
503
249
265
259
259
258
259
273
272
269
726
1055
436
256
274
265
262
261
270
271
268
271
271
267
949
504
258
272
269
272
266
268
266
274
280
272
1119
573
251
266
272
273
275
272
267
266
268
275
641
251
270
275
273
617
252
269
