923
2077
929
1240
931
3740
1021
-369095247
-369094736
-369093713
-772404854
-772404084
1008
-269420664
1184
2071
375
1204
682
977
397
668
991
3751
991
357
783
921
397
1182
2143
2225
819
1834
1699
2583
375
271
923
2675
421
2132
1678
925
1698
945
2209
321
796
3880
847
1324
2828
496
979
1008
2505
6036
495
1008
1491
2220
1180
959
2719
-2014447234
-2014446248
3017
496
985
-265079772
259
507
503
511
-570422834
-570420277
-570419254
-570417257
1483
973
1485
1489
2003
496
1489
1008
2011
1008
1499
-264417576
1023
961
-265866128
1008
1501
1008
1505
21
777
1023
2231
2235
-1140850282
-1140848748
-1140845472
655360970
286263705
286264216
286265115
2159
2245
3256
1009
-267781150
1009
-264212
-263737
-261691
-369359459
-369358436
-369357414
-369356918
-369356431
496
1501
-265999388
499
2046
4036
-603974263
-603973277
1485
1491
1008
2003
1008
1497
1008
1505
-265868304
503
1007
496
2715
321
2850
496
-250144860
256
923
2577
1136
947
2171
435
2229
769
1280
2814
3837
4808
1485
1495
1008
1493
-265341477
-529760838
497
1003
496
983
496
973
496
2000
-268237363
-268236884
1495
2483
1481
1999
1485
496
983
496
1499
-267581989
-267580472
-267579290
915
1188
421
1704
1719
975
-469758269
-469757812
-469756300
793
991
3009
3502
-266002978
-268041750
-268039527
923
2695
483
1757
345
-2235178
1989
1995
971
496
1983
3472
4475
1015
-268108841
-268106850
2001
979
1008
1495
496
991
471
967
969
1487
1008
1485
2003
1008
1501
497
1999
496
979
527
781
3449
1008
1505
499
3042
1593
1140
971
2741
2990
3995
4506
5017
-249694012
2453
873
1180
883
783
905
425
1742
2230
2725
3704
5353
941
2627
2719
385
656
999
2022
2518
3009
-267580980
1481
1481
4953
6956
7447
-267714083
-267713619
2051
937
1688
2161
2771
837
1348
1825
1997
496
985
-926247
-925225
-924758
1479
1487
1008
1495
-268833833
-268832299
-268831298
2003
496
1497
256
-570424844
-570423821
-570422325
1487
1483
1999
1491
979
496
1495
-266528286
477
2495
3982
4983
1008
1501
1233
987
341
1696
2069
2137
1230
985
1308
1819
2300
3819
4800
523
789
1174
1150
915
2089
451
1242
1178
-269751902
-269750390
-269749929
-269748419
-269747908
-269747415
2511
3007
3998
2003
1008
2009
1008
-369096260
-369095767
499
511
1498
973
3470
4963
6460
6953
-268110373
-268109862
-1106970177
-1106968725
496
985
1008
2031
4542
5039
-658962
-470418981
-470417976
-470417465
-2752117460
345
271
933
2123
2189
787
1298
3809
961
6416
7421
1008
1493
1008
3034
768
939
1668
877
2067
935
1230
2225
3206
1477
1479
965
965
1481
496
979
496
987
-528400
-527933
-526431
1487
496
1007
1278
995
496
1489
496
979
1008
2031
4296
1192
-335545852
-335543841
-335543330
-335542363
1481
1995
1981
2972
1008
1493
-532930106
-532929595
-532925122
496
1501
-267318309
-267317285
1128
885
413
1672
2107
2211
1876
2387
2878
-265867290
503
1015
1023
2031
2542
3565
5099
5610
6606
7117
7628
7899
915
2149
1158
4029
5173
937
1194
708
991
1304
2327
3326
3837
4314
6849
7360
7851
496
1497
-266132506
1023
3049
-269824066
-269823989
1979
1138
919
1664
939
2191
381
652
499
-2236449
-2235227
1689
263
1286
2287
2798
3779
1479
1479
1483
975
1489
496
979
1008
1501
-267189279
-267188296
1481
1483
969
1483
1483
973
4959
6452
8461
8956
1009
1023
1396
1690
895
783
931
1724
991
839
1822
-738193248
783
921
2199
427
2223
-1543633518
-1543632495
-1543631490
-526870
-525889
-523843
-523348
1019
975
1486
2986
256
899
2055
353
271
933
1651
588253109
588254607
1489
496
1491
1008
2503
3508
1009
493
1008
1493
2004
2515
3498
1483
1483
3472
4967
5970
-267320871
-267318340
-267317347
496
985
1008
2009
1008
1501
-268172816
-268171793
-268170770
-268170259
-268168229
1249
51
2039
2089
2647
937
1720
1017
496
-262575173
1013
999
2022
2499
3521
4024
1023
2046
3054
4075
511
1022
1533
2556
3067
3574
1090
1991
381
783
915
397
271
929
1218
991
859
1882
3928
4915
6853
409
1724
2223
821
1844
2323
4006
935
917
1196
2211
937
1208
511
1002
2025
2502
2001
496
1493
1008
2009
496
1501
-265209880
1013
511
2557
-267907614
-267907115
1013
493
503
1017
1019
-369159426
1009
2543
-1007286860
-1007284819
4969394
630
935
2109
2197
861
1644
511
1022
2044
2811
67
515
61
261
768
41
773
256
1019
1012
1124
905
2115
419
1200
1715
853
3382
1011
497
496
767
477
1487
496
975
2005
496
1993
-526341235
1011
511
1761
-539106041
-539105060
-539103526
-539102543
973
1487
496
1493
496
1495
1008
2013
499
1011
1022
3068
4059
2001
1008
1495
496
1501
-266001900
2183
2919
3893
1983
1475
1477
1995
1485
1491
496
985
1008
2011
496
1519
3325
3836
4347
5342
1008
1493
496
1519
2456
1666
941
1667
1091568620
1091569643
1091570132
1008
1503
1013
1021
937
875
783
923
889
1704
431
1216
2735
1312
2335
2826
-265475612
1985
2496
3688
2129
700
981
786
1809
-265208589
1015
497
-394778
-391733
-391250
496
1475
1477
1993
1997
975
1008
2005
496
1497
1008
1499
496
993
1740
973
1543
385
1174
935
1738
1701
499
1013
-526358
-525355
-534967845
-534966331
309
-917772
-917261
-916256
-915233
-914358
271
913
2153
1700
1001
2024
2505
1507
496
1519
2542
4839
-402652198
-402651175
-402650664
-402650153
-402649678
-402647634
967
971
1721
2744
3681
2661
2241
361
-402652325
-402650829
1989
1483
1487
1008
1493
496
985
-265737242
1017
1009
1008
1519
3565
5573
7546
256
941
636
941
1579
1655
1240
989
782
1293
2292
3315
-1442835771
-2113923930
-2113922933
496
987
1011
501
1013
991
3936
935
1712
2211
1300
-919300
-918278
-1410203992
-1410203721
1007
1548
2696
1595
961
1192
2247
865
1376
2387
29
789
256
1003
2530
-268175406
-268174895
-268173896
-268172873
-1039922831
-1039921808
-1039920803
2026
2497
853
1212
367
783
937
2189
899
1170
511
1534
3046
4047
-265870364
-872413730
-872413253
496
1489
496
983
1008
1499
-265607712
496
1477
3522
4505
1483
1487
1008
2005
1008
1501
-268111940
-268109731
381
1708
1176
919
943
1236
2734
3715
1483
1008
2005
496
991
-268302391
1008
2099
1957
1168
895
2079
955
1756
421
-264683411
768
23
265
2033
1467
2444
1023
546
413
496
975
2001
1008
2019
999
783
1518
1076
903
447
1194
935
1200
2223
219153386
219155611
897
1710
2135
2247
511
1022
1515
-658984
-301988936
-301987442
995
1459
1473
1481
1021
768
985
1859
3367
1953
387
1180
2095
1703
554697285
620
1162
871
271
899
1547
2653
1162
511
1534
4488
1457
1495
496
985
496
1505
511
1510
256
903
621
1691
2071
680
684
993
2009
917
783
895
413
1702
2733
843
1354
-234878686
-234877663
-234876655
-234875646
971
959
969
1493
496
987
-267842595
-267842102
1008
2003
496
1007
1980
1475
1993
979
1008
1501
-264210
-262743
1471
1477
1491
496
1501
-268700709
-268699744
973
496
1497
-268304404
-268303931
1487
496
1495
-267516502
1469
967
981
-267913253
-267912794
1471
1481
1519
2498
1473
1477
1993
1491
1008
1499
-3026998
-3026029
1467
1989
1491
496
999
503
1475
2980
1008
1493
-523510
971
1467
513
1172
4703
3915
6517
373
1702
1211
409
680
2545
1997
957
1467
3466
2003
496
1501
-268041238
-268040247
1008
1499
503
1011
496
989
503
507
469
1485
496
985
-267911224
1489
496
987
-1581609
-1580140
1471
1477
1483
1008
2009
-267712068
1008
3542
497
1009
1750
989
2015
618
895
2087
1649
2826
3305
1008
2011
-267844150
2970
496
1493
1008
2015
448
1473
2454
496
1493
1008
1977
957
1477
1469
1977
1475
1493
1008
1499
-267515513
-267514536
1999
1008
1519
2988
1471
961
1983
1479
1493
-267779664
1981
1983
1995
496
1475
1467
1471
2944
2950
2031
3010
1469
1981
955
1475
2001
1008
2473
1465
1473
1979
2005
1008
2031
3024
1008
2534
1720
977
1489
496
1467
1473
1483
1495
-268306469
-268305994
496
1499
-267843662
1485
496
983
1008
1977
1977
3454
975
1008
1501
1461
1467
1989
2494
1469
957
4921
1483
-1834781
511
1488
1993
1495
3445
1164
919
937
1740
2223
2837
3348
4361
1522
2489
1981
1457
1453
1461
493
2482
951
1475
-267812629
503
1992
256
939
2009
891
271
909
2165
459
730
997
779
1290
2300
2811
8677
1479
496
985
2948
1999
496
989
937
4967
3535
497
1482
768
1019
839
1668
889
783
885
1176
945
1720
1001
-570424382
-570423406
768
937
889
1170
2089
437
1226
457
2243
265
776
2607
1951
859
1188
871
783
919
917
1252
383
1166
999
2022
2481
1979
1461
1477
496
981
1475
945
2420
977
1008
1519
1972
1457
1461
1467
1477
975
496
941
1457
947
1469
971
2031
3500
1471
1985
1481
981
1008
1459
1459
1973
1983
1481
977
1479
1473
1516
1468
256
943
2061
1581
415
783
933
1723
273
-248829008
927
2639
315
271
881
1607
1194
999
487588485
961
1984
1985
269
1495
1008
-788008
-786056
496
1491
1008
1467
1983
3476
1477
496
1005
1437
1073
3211
1987
1008
1471
959
975
2011
1999
507
-268833387
1471
2966
1495
-268172332
-268171343
507
469
1491
496
983
1008
1963
1991
2031
4995
1008
1487
496
-1577050
1973
953
1997
2001
496
1539
791
1023
1008
913
2025
818
768
947
1993
1519
1972
1981
1481
1008
2031
2126
1297
1969
1973
2940
2003
1008
4958
1008
1485
1506
496
989
-269094966
-269093943
-271857760
-271856793
967
1491
1008
1469
1993
496
1429
1445
1449
1457
953
949
951
2430
1495
1459
1469
969
496
959
1489
496
1503
1011
511
5444
496
2483
981
496
985
1008
1479
1519
2486
1008
1495
1452
1463
2007
1931
1453
947
959
1008
1997
1008
1971
1973
973
2031
3462
1973
1483
1475
496
1957
945
1465
1475
2007
1008
2495
1008
2009
1008
2005
1008
2031
2496
1489
1008
1973
945
1910
1487
496
987
-133142
-132171
1483
1008
1499
-268042298
1461
1969
1455
1457
957
1995
1008
1451
1463
1989
1008
1519
3963
971
2003
496
1463
1979
1991
1493
1008
2031
4008
963
2003
496
1519
4956
1008
2013
-4345398
-4344429
1987
1999
1008
2013
1977
1991
2007
1008
1475
1487
496
1519
1974
1473
1483
496
1457
945
1967
1463
957
2003
1008
3948
1451
-267385458
1008
1459
955
1991
1967
1969
1453
2410
971
2473
1475
1487
496
953
1479
496
945
3883
965
2005
496
-1710671
931
3444
1477
1999
-133122
-132153
1457
1463
1475
1477
979
496
767
1983
2003
1008
1495
1008
1979
2015
1008
1519
4918
971
496
1485
1483
496
1463
945
1457
1971
1977
1993
1497
-534
443
1487
496
1439
1973
957
1485
1008
1973
1461
1977
1481
1519
3500
1467
1463
4413
1493
496
1447
949
3897
1493
496
959
4352
1487
1008
2031
4004
1973
1979
1477
1491
496
3873
1989
1491
1008
1519
2986
1985
973
496
9761
496
1497
1008
1463
2959
2789
4805
5316
6279
1457
3440
969
1008
1497
1008
1987
1795
2818
3841
4844
5355
8307
496
985
496
1007
1978
1469
1995
496
985
496
947
1971
945
1467
977
1517
496
2940
1481
-252215889
-252214874
1108
889
897
1688
1194
919
1210
979
1342
-263916005
1951
871
1686
885
1170
2677
1690
511
4952
1479
-610
1449
1979
1487
496
985
496
1481
951
963
1481
1457
2865
2171
1186
505
2490
3505
2019
1595
933
783
921
2219
877
2511
901
877
1690
2097
1180
993
791
1302
2829
419
783
887
1202
909
1699
353
424
2469
395
1690
397
271
915
2185
899
1682
768
49
600
857
361
1160
2065
1198
967
1656
511
2045
2556
3521
1473
1489
1008
1447
2408
1487
1995
503
2956
496
991
-535884839
-535883852
1491
496
1463
963
2003
496
1007
1974
1487
1008
1519
1976
967
2003
496
1469
496
2444
1493
496
987
-1844265
-1842794
1481
1008
1491
1008
2015
983
496
551
267
3405
1493
1008
1983
977
1008
1499
1008
2499
496
1455
1487
1008
2007
-924195
-922716
1493
496
1459
1999
496
1495
-133654
-133205
3891
1491
496
1519
2494
4206
2057
1565
2199
1206
491
-436206114
-436205091
-436204068
-436203595
969
496
1499
-921639
-919189
1008
2009
-1050646
-1049675
1477
2003
1008
1449
1453
1457
1981
1487
1008
2983
1459
5419
971
496
1519
2974
1967
943
1465
1991
496
1493
496
943
2930
1481
496
1493
1008
2031
3494
1977
2946
1493
496
1519
6222
2936
1493
496
-402650688
-402649665
-402780237
-402779726
-402778269
1975
1991
3045
-402652204
-402651693
-402648779
1471
1489
1008
1979
7851
1493
496
1499
1008
1455
1459
1471
975
1008
-2368571
-2364676
2001
496
1505
-268833833
-268831913
979
496
1970
941
937
1961
1457
959
1487
1008
4935
496
983
496
1463
949
1971
1973
1981
969
496
2071
1473
377
271
895
903
1686
943
1746
640
1023
2032
501
-268235344
2011
3034
5099
939
1732
1733
2244
9131
1008
2668
2585
917
1674
2683
2233
3256
5208
1008
1497
-1187369
-1186428
1449
939
1967
1979
1483
496
951
2410
7293
2966
1008
2486
951
1471
961
973
496
985
-269227555
-269226588
-269223877
875
1694
658
927
1710
979
1853
2314
1471
1501
947
1487
979
1008
1961
1973
955
1981
1985
1485
1008
1497
-269096489
-269095307
1174
933
1198
987
1834
2313
2824
3847
4844
5355
9262
1489
1008
1501
1008
2542
2999
1443
1449
1467
1483
1008
2009
1008
-1444902
-1444391
-1442924
1993
1487
977
1008
2009
-26
996
1507
1948
1453
1985
1451
4355
7376
11831
4316
-470745580
-470743587
-470742572
487
1008
2009
-137234
-135748
1766
433
704
-1073744421
497
2260
1003
869
1180
2065
2633
1687
827
-1707013
1166
259
1693
2555
1160
889
419
1722
2713
3736
-402648468
-404358576
-404357615
1457
939
1967
947
959
977
496
985
-923177
-922208
-921723
1008
2013
-1055275
-1053307
1170
2227
1356
-1207957222
-1207955255
955
969
1008
2009
496
1469
949
1463
1973
3397
496
1497
1008
1501
1008
1969
1969
953
1475
2003
496
-2238009
-2237008
-2236497
-2235474
-2234963
-2234405
1995
375
1196
2083
2681
1182
2046
3017
1485
1008
2007
496
1007
2004
3027
4028
-133138
-131604
-131093
-130622
-436335216
-436334193
-436332701
969
1489
496
983
496
1507
-267910674
-267910163
-267909140
-267908117
-267907116
-267906093
-267905070
-267903536
-267902535
-267902024
-267901023
-267900000
-267898808
889
1184
1198
967
399
1182
-469761582
-469760584
-469759561
-469758662
271
941
1200
989
835
1346
2813
957
1475
1483
496
981
1008
2015
-396306
-395795
-395316
1008
2031
2998
4532
5531
496
2030
3053
3530
1008
1501
-268503591
-268502312
1001
369
783
899
393
1688
1625
2741
801
1824
2335
3317
1483
1008
2007
1008
2011
496
3003
4026
5007
1995
1493
496
1501
1023
1480
1471
1477
977
1489
1008
1507
-263698
-1275331146
1500
1685
359
1166
1162
897
2673
1719
451
1495
989
1500
4006
1999
969
1995
1997
2497
3498
496
989
-267319340
805
-1707253
-1706760
496
1497
1008
2031
2542
3535
971
496
977
496
1497
1008
1505
509
-570423875
-570421792
943
1236
1196
496
1479
3484
5174
2595
1172
921
2703
929
1685
2196
2629
1238
783
1008
497
1470
11
837
1194
2073
387
1720
1683
341
1364
4048
2245
2708
963
1479
1997
2001
496
985
-268439593
-268438618
-268436587
-268436484
825
1096
881
925
271
901
929
1694
1717
391
1174
511
980
1993
496
979
1008
2013
-269359143
-269356664
-269356153
-269355130
-269353649
496
991
496
1498
1961
843
1186
2589
933
1214
2213
293
804
1826
-1207957266
-1207956243
-1207954197
-1207953208
971
496
979
1008
1501
-268109347
-268108878
-268107344
-268766310
-268765859
967
1987
1999
2003
496
519
777
-267912232
-267910755
1987
1477
1987
1989
1481
3470
4471
-265740830
-268303894
-268303435
-838726782
-838725759
-838724737
-838721774
2607
435
1702
2237
335
846
-268302544
471
1008
1033
817
1728
2105
2135
2229
271
-2315253332
1008
1499
-268042772
-268041771
-268039725
-268039252
1493
496
1495
-268174360
-268171262
1971
2619
399
1722
2743
405
676
511
-369097755
-250366468
1090
917
909
783
923
1615
2237
881
1392
2414
3437
4431
5454
6988
7995
-2582
-2071
-1063
-578
1008
2007
1008
1519
3047
-4227854532
-5570029816
-5570027045
955
347
271
925
628
925
2157
1214
1001
257
768
2256
3784
999
496
-268435011
257
511
1022
2041
1007
2234
971
1652
931
2107
943
1732
469
1252
999
287
1310
1821
2332
3355
4889
5400
6982
909
2115
413
1708
1719
397
668
1023
-269293627
-269950081
867
1196
887
271
933
1637
714
1001
285
1308
1819
2842
3353
3814
5832
6343
7366
7915
1098
905
2113
1609
1725
901
1684
2631
2717
271
485
496
1493
1008
2005
496
1519
2002
1008
1493
-267055141
-267054118
-267053607
-267052614
-267051591
-267051080
-267049546
-267048069
1991
1491
-265472616
496
983
1008
1499
1008
1473
2480
3503
4014
4285
937
2673
2227
-940310436
-940309959
1487
1008
2005
1008
2013
-268041270
-268039250
-268038739
-268038254
496
983
1008
1495
496
1493
1008
2009
496
1493
1008
2005
1008
1491
496
1491
496
985
1008
2005
496
1497
-534239329
1485
1487
1491
496
981
1008
2003
496
983
496
987
-262018112
965
1132
925
634
945
2163
274
3054
5100
5587
496
959
3467
1491
1008
1504
2479
496
979
496
983
1008
1501
-268106275
-268105253
-268104778
1487
1008
1495
496
1519
3527
5061
6557
8091
8602
10624
496
1497
1008
1493
1008
1519
2012
-535550557
973
1487
496
1504
2527
-268363845
-268362351
-267711033
-267709959
2525
957
1160
1613
1721
853
1868
485
496
1489
1489
1008
1493
1008
2031
2527
3012
1008
1499
511
2039
497
2258
979
1150
915
1678
913
2643
1216
989
801
1824
-1241511719
-1241510696
-1241508230
1008
2007
496
989
1000
2023
3003
969
1489
496
1497
1008
-393256
-392273
1485
1993
1995
973
2003
1008
2501
-268233840
1008
2011
496
1493
2516
4093
1683
413
1196
-805304372
-805303365
-268174381
1125323532
1200
1589
1677
1561332673
1481
1997
496
981
496
-402654462
-402653951
-403311377
-403310388
963
1481
1485
1491
1008
2005
1008
1497
1008
2542
3038
3527
496
979
1008
1499
2522
3529
5035
7081
8082
8593
10639
-266253973
-266252972
496
987
1008
2514
3025
5017
973
1489
496
981
1008
1497
-534966825
-534964072
2641
1202
1017
999
1510
1975
1475
3531
497
648
811
1175
2565
371
1200
2701
688914932
688915927
688916438
688917435
496
1497
1008
1495
496
1007
1991
4974
2241
287
798
1309
2843
3336
489
974
256
941
849
1712
355
1200
913
783
945
1697
275
2283
4267
1491
1997
496
977
1008
1511
-267712045
-267709060
1479
1504
1967
5021
5502
1491
1008
1491
1008
2009
496
983
-266265635
-266264648
1479
969
1489
496
979
496
977
496
981
1008
2007
1008
2503
4001
1009
1176
803
1703
2051
2617
397
1180
1007
369
768
483
1991
1473
1471
1985
1987
1473
1481
961
1477
1477
8419
8906
496
989
1008
1799
768
927
1172
879
1547
937
1746
1174
3032
-532653134
-532651642
-532649596
-532647393
965
1246
1916
-654522
-653037
977
1008
1489
977
1489
496
1503
496
1501
-536414289
3026
3537
4560
5071
7779
843
1706
349
1194
1665
909
1692
885
1154
889
929
1206
1750
1007
267
778
1281
783
915
437
1758
429
2235
3136
2119
2237
305
1328
-926443
-926172
1023
1410
783
919
947
1748
941
2235
-335540594
1734
995
1543
363
1718
2657
2227
813
-268434169
1740
496
1485
256
1011
1481
495
1009
1003
974
768
925
377
1690
1561
1663
3977
2213
411
682
1001
1512
2501
1008
2005
1493
496
1499
-264817180
1008
1977
1035
815
1192
1160
927
2141
2769
-100662322
-100660788
-100659280
1009
-268303894
-268303407
-263862557
-263861790
931
349
1718
1150
929
1663
437
1181
1991
1995
2005
496
1493
-265345054
-528415
1008
1463
2693
1152
925
2105
1695
1218
1023
1519
2004
496
1499
-264947226
501
1660
915
2063
2155
2237
769
1792
2785
3296
3795
1011
-2062
-1329
1001
2537
1563
911
1206
1218
993
303
-436206339
-436205316
-436204307
-268041545
1656
963
2691
939
2687
4187
1477
1493
1008
1495
-266001957
-266000948
496
1003
1686
893
783
901
1667
2228
3725
4220
501
1744
1248
999
769
2303
3326
3837
4820
965
1991
3005
3984
4983
496
987
496
983
1008
1961
2192
-3547545
-3547274
995
271
2004
2499
1009
1988
256
11
849
1670
885
271
893
399
1710
1726
991
295
1318
2313
3336
3831
496
1477
3497
1008
2007
1008
1503
1008
1497
-49731
989
27
829
1158
2061
389
1198
2189
636
999
2022
3005
1284
-255971376
21
1529
919
1172
941
1734
445
1228
1007
2470
2063
391
783
931
1710
991
285
-1577516
1872
2869
1008
2011
-266394151
1003
256
935
859
271
925
1140
939
1708
985
856682992
496
1517
1015
-1840157
-1839272
421
1698
1224
995
828
1315
1713
875
1178
2097
1198
33
661
989
2012
3698
1160
941
2159
1168
-402652184
-939522129
-939519087
1009
1476
768
1021
2043
642
937
2651
2733
1023
1534
2553
2557
4063
5086
5597
7131
8138
-265737238
1023
2028
253
2082
2515
2101
2127
2691
630
1522
1693
1156
917
2067
1667
927
3727
4238
4723
496
1507
509
511
2557
4091
5089
6092
1989
3027
4050
5073
5735
265
1701
622
927
640
935
2733
909
1180
3099
445
1770
363
496
979
496
1001
989
1008
1499
496
-267139128
-267138617
-267137598
267
256
509
1008
2030
3053
4046
6058
7080
7591
9097
-436197545
-436196522
-436195499
-436193993
1746
973
1130
943
1140
977
1188
941
1288
259
1282
2792
3267
1008
1985
1519
2541
3546
503
-469759548
-469759049
509
1216
700
993
285
1787
496
979
-265998874
768
507
41
275
-1051672
-1050166
-267969103
1032
769
995
1008
2915
2583
2683
939
-3812461
511
992
1503
2500
3523
4546
-3988332
-3986340
-335542898
-335541102
1023
2023
-265867798
505
-1443964
2727
271
1023
1512
-2100274
-1142957094
-1142956097
-1142954587
496
983
-264548894
1023
2046
3692
921
1599
1705
789
1300
1811
2834
-2363658
-2361587
903
1186
2199
341
1859
2522
-657938
-656919
977
1062
1989
2053
1148
951
1200
1015
877
1148
511
1534
2557
3576
501
1008
-1181730
-1180707
-1180196
-1177155
-1176132
-1175109
-1174598
-1173589
-1171543
-1171032
-1175575704
-1175575433
921
909
1202
2227
-84544110
-266261004
2039
3036
5082
6590
7591
8102
-704633821
261
1185
2079
1144
957
2177
891
1674
2022
843
1114
1508
2019
3054
267
256
511
1534
3564
-1311786
-1311305
-1310794
-1308748
-1307725
-303297361
-1318934
-1318171
999
497
1488
768
27
845
1702
363
783
923
2137
1210
1001
833
1344
2339
496
-247646642
775
1191
2051
1132
935
2663
823133170
823134193
823134704
823135727
821426112
553191852
507
256
35
257
256
49
775
768
35
775
1502
1007
1518
2541
3542
-264420380
1021
1009
1482
256
9
323
1706
2099
1635
2243
305
816
1824
2832
3323
1008
-264287295
503
-267447329
-267446324
2782
995
369
1180
899
1176
2173
427
-1409283480
155
783
1179
343
1704
2063
2175
927
1198
1510
2515
-533712929
1019
139
769
1163
887
1690
2069
1671
694
2031
2514
496
1501
1005
2537
1013
1065
1525
867
1720
1595
692
19
833
1856
2879
-469756470
-301989418
-301987371
2501
387
1174
1593
2719
-2368238
-2367727
-2366704
-2366193
-337910047
-337909536
-337908513
-337907510
1008
1519
2511
3534
4521
5032
6055
7569
-269484202
-335542318
-336854123
-336853126
496
969
-268234859
-268233858
-194146
-503314965
-503314460
2268
993
879
1192
371
271
909
423
1744
2723
769
1280
2528
447
1741
2728
4022
1023
2046
-1048145
-1047634
-1044055
-1043287
49
777
768
1021
2030
2541
4075
-603974751
-603974240
-603973737
999
1008
-973077065
1008
1485
1996
2507
3530
5222
929
1702
2221
784
1295
2318
4842
5339
256
949
2553
2613
2145
907
3196
4219
5735
511
2186
383
783
915
1178
913
1699
925
1708
511
1505
1008
2011
-265340460
-567328867
-567328323
261
473
1008
2005
1008
2007
3030
4053
5048
5559
6482
2217
1122
511
2027
1023
256
47
259
768
511
973
373
271
905
395
1174
2155
1756
989
1822
2305
2816
3299
496
1497
496
991
-265335344
1164
785
1179
891
783
907
381
1698
2187
419
1677
496
977
496
1491
1008
2011
1008
1505
1015
1023
2762
2035
2685
397
668
2008
3031
3542
4565
-536865373
-536863343
-536861815
1023
1392
1194
2067
1665
431
3246
3757
4747
1015
511
1478
2510
3529
1008
1495
-1006629455
-1006628442
1023
2020
-265999388
1023
507
634
943
1678
961
1212
1013
331
511
1522
988
1266
263
1984
768
1019
833
1718
2067
1172
957
421
2201
271
1023
2045
3259
981
1302
-973073746
-973072723
-973072228
993
259
1266
1989
2007
496
1503
1008
1505
-265473042
507
-268358697
-268357684
1060
1993
1543
2609
1695
219153392
219153871
496
1493
-266653722
1017
1021
1494
1191
2077
1172
913
437
1748
1206
2205
1008
2009
1008
1503
499
503
503
499
-658966
-658491
-655909
2163
1731
2753
3264
4213
2189
621805517
1997
1008
1497
-263692088
-263691589
505
995
2018
5061
1195
2073
907
1692
2195
1806
2077
987
297
1023
2016
3518
4029
5016
-436203123
-436199060
-436197526
-436196553
977
1493
1008
1497
496
1499
1008
1503
2014
2499
3522
3791
1500
256
949
365
271
909
2073
435
1240
441
-1107293534
-1107293039
-1107292546
-265869351
-265869306
2792
3283
3794
4562
1005
1008
1503
-268043284
-268042261
-268041286
-1643772029
-1643771540
-1643770517
-1643769319
1713
-653261375
-653260358
1023
2030
-872413284
2725
-436206651
-436205131
-436203398
1011
614
925
2059
2161
2729
1284
-1184016
-1182292
1003
271
999
2021
2532
-436203569
-436203070
507
1015
999
768
-1175196225
-1175193157
2071
2161
919
1701
2724
4258
5272
511
-805305380
-805304869
-805304358
-805303873
1002
768
943
2069
1132
953
1669
271
993
2016
3001
4509
5532
8087
1013
1023
2016
4062
5596
-1180222
-1178223
1008
2005
496
985
55
-528451822
777
496
1495
1008
-369095787
3615475
1008
3495
3991
5002
1009
-2074
-503318052
-503313970
1009
1996
256
11
867
1192
2089
2157
455
1727
797
-537922307
-537921796
-537920799
1008
2011
-528709185
496
1487
1949
391
783
935
2237
359
870
2404
2915
-257757
503
47
1025
65
523
61
781
256
495
-5652
-5387
256
13
259
256
1001
2009
2116
809
1999
2077
1176
937
2725
883
1154
-436206646
-436205147
-436203123
1008
2009
1008
2017
1522
768
55
773
256
507
1023
4092
5115
6380
507
1740
1005
877
1704
1585
2717
461
1243
2240
2751
3752
496
1499
-266523160
2014
2525
-2234435
-2233942
-3679852
-3678857
-3678346
-3676616
616
947
1194
983
905
1176
483
994
-265076541
59
775
256
1023
503
1008
4033
4120
1594
907
1166
917
399
1204
1705
901
1172
1023
-1313815
-1313304
-1310789
-1309749
2535
2585
2121
425
1705
1023
1506
2017
2528
3551
4062
4573
5084
5853
256
35
771
256
511
511
1022
2045
3725
951
2713
347
1370
3415
4934
5939
1518
1279
63
1539
51
771
1019
2488
4508
5531
6554
7035
8058
9250
1140
945
676
989
867
1138
-1275067464
-1275066441
-1275065418
-1275064395
-1275063396
-1275061350
-1275060861
496
1501
-265732885
77
513
71
-266002677
-1809504546
-1809503551
-1809503040
-1809502529
-1809501516
256
463
2003
1008
2013
1013
1076
771
256
41
259
256
1013
-920088
-919065
-918584
-917050
-915018
986
256
945
1104
951
2589
2145
1294
2277
-1048359
-1047337
-1046350
1999
496
985
-266392115
-266391624
-264024083
1017
1023
1534
-436205108
-436202072
-436201285
1009
1952
2031
2037
1648
945
1683
2195
835
1817
2296
2003
496
979
-267314729
-267314240
-265734933
499
1008
1507
1021
1017
1013
-256953653
953
1557
2599
2685
271
1009
769
-918287
-917798
-917287
-916279
-915282
496
1505
496
1477
4015536
479
496
-659244
-34540808
990
768
927
1547
2587
2679
1266
1777
2256
-266655273
-266654270
-265076189
769
256
995
-1580073
-1578575
256
933
2073
2085
2679
-1442839365
-1442838854
-1442837925
2117
2219
867
3169
511
728
971
975
2003
1008
1987
2476
496
2509
497
-526927
871
783
929
375
1214
1208
999
357
628
939
2105
2219
831
1342
2519
2033
2629
2647
3700
7216
1008
1495
2518
-266655294
1021
511
1520
1008
3044
1504
-1182264
-1181241
-1180730
-470942286
-470940543
3
1531
2067
1174
961
417
2215
-402652202
-402650188
-771746913
-1006625930
-1006625419
-1006624426
1008
2011
496
1493
1008
2011
-265998296
1043
979
1484
1019
1001
2024
-873070158
-1879700130
1565
1664
959
694
995
783
1023
3069
4603
7150
7661
8633
1485
1487
1008
2003
1008
2009
-528709427
1017
1008
2001
-1050662
-1049667
-1049156
-1048133
-1047622
-1047111
-1046600
-1046089
-1044555
-1043532
-1043047
-1042024
-1041513
-1040490
-1038782
877
1716
2129
1725
365
636
481
2015
-100660785
-100656730
-100655729
-100654706
-100653701
-370018847
-370018591
931
325
1708
347
271
939
2167
411
1194
491
1002
1513
2536
-529363516
1017
-794169
-793658
-792660
-603498121
2455
-533176210
65
1025
53
769
768
1021
511
1534
2045
3068
4091
-1838107
-1837714
1218
2747
395
1178
997
1456
256
933
1126
935
1561
2161
2235
3241
-256699422
-256698447
1008
2031
2029
2083
1688
955
1717
361
-1314999
-1314020
-1312508
-1311485
-1310702
1009
773
2819
5308
287
1817
2840
4886
6906
7929
9959
-268434466
-268433699
983
1519
1008
1279
511
-234874845
2565
907
1724
2733
893
1676
-167771194
-167770683
-2046818455
-2046816962
-2046816461
1522
-132628
-132117
-131094
-130583
-129560
-253156547
2051
1567
2635
2727
293
-1579771
-711741504
-711740993
-711740482
-711736830
1150
905
2583
2697
941
1212
990
496
979
496
977
256
999
1993
1008
1501
1015
507
923
1662
923
895
271
923
2723
905
1176
2038
503
775
1456
768
947
1541
2065
2163
782
1279
503
507
21
1023
3564
399
783
917
2137
2739
859
1130
483
2017
3018
1008
2013
-267050261
1005
496
1503
505
2017
1015
2012
3306
4089
967
4030
501
935
2235
783
1519
1996
496
983
496
983
496
989
499
1013
1019
1023
2730
869
271
939
1152
933
2697
901
1172
3550
4573
5060
5571
6594
8098
8609
9105
10110
1011
1017
483
1506
2017
3676
415
1683
769
1280
1787
768
507
768
7
1982
1702
991
879
1150
997
2020
3041
1019
483
2529
4236
3276
503
256
509
915
1174
935
2205
829
2849
273
1296
1803
985
2519
3542
4053
-1140845665
-1140844159
-1141763216
-1141762737
-1141760931
923
2189
941
3248
1163
2051
2587
1184
971
417
1695
-436206607
-436205590
1015
1015
-789530
-788597
2715
890242030
890242537
3580
3619
257
256
23
769
1023
-268168246
-268167735
-268165689
-268162620
-972804683
-972803704
-972800664
-972800175
-972799152
-1643886836
-1643883782
-1643883295
1008
2007
1008
2015
-265342488
1017
503
-2368555
-2367532
-2366026
-2365003
-2362988
-2362477
-2360467
1483
1487
1489
496
1491
1008
1495
496
2507
4015
499
1023
2535
1734
967
2063
385
1690
1673
437
1731
2734
-268236837
-268235829
-268235344
496
985
1008
1505
-868735548
-868734525
-868734058
-868731019
-868728488
2015
2093
2135
2205
1138
1007
1518
2029
3563
4044
2001
2512
4516
4999
2230
955
871
271
899
2053
417
1214
435
1185
1696
2719
-671084429
-671083918
-671082895
-671081916
1007
2006
2517
3520
-266528291
-266527798
496
1975
967
969
975
496
1491
496
983
1008
2031
2972
1710
987
333
844
1867
2340
1481
971
2456
1008
1991
3488
-264552075
-1184790
-1183893
1186
435
1250
925
1708
995
2018
3015
6571
8105
9086
10620
11107
12130
12637
1023
2517
5053
6076
7079
8102
8613
9524
2749
-82837067
-82836065
496
983
2006
4024
5047
6559
7070
9093
9604
11650
12673
12929
969
1662
913
2601
2159
459
1737
-1610611281
1008
1503
-267909183
-1140848214
-1140846168
-1141246574
-1141246063
-1141245055
-1141244576
496
975
496
1493
1008
2009
1008
1499
-530291761
496
1967
1487
496
1491
496
981
496
1501
-266924580
264874417
2089
397
1216
706
1005
1023
1534
2027
-133142
-132649
-132138
-130400
971
2071
877
1182
955
1236
927
2221
3244
3729
1008
2011
-265080348
-1185300
-269021245
-269020247
-269019768
-267312271
2263
2474
25
277
-469758568
-469758057
-872410255
993
496
961
1008
1491
1008
1029
773
1008
2021
3851
1008
1279
31
1534
2037
1008
1453
995
1475
1501
496
989
496
551
269
1499
1008
1489
1008
3541
-2485910
-2484616
997
1008
1993
496
1503
534710281
534712788
-704645680
2502
496
1007
1052
345
2388
496
1989
2474
496
989
496
1517
1003
1786
271
1505
3455
1008
1505
1008
2023
1023
2788
3089
279
968
768
941
2063
2589
2681
405
767
1252
1008
1991
1008
2518
1008
2003
496
1497
1488
496
1003
5
771
256
-469761056
496
-250408038
768
905
2047
2077
2145
1184
2014
5457
1130
929
369
271
953
2217
4050
790
4370
5335
1485
1008
2499
2996
1673
365
1172
684
969
823136153
823137138
1485
496
1489
1008
1889
2160
1023
-1006627957
-1342169735
-1342166666
-1342165158
-1342164887
1508
-3417157
-3416650
1009
1539
1983
2045
1148
943
1202
1001
1023
2026
257
1019
1683
887
1172
393
783
901
945
1730
668
2018
1008
2013
281
267120171
267122186
267124471
841
2349
2808
977
-266261058
987
1981
496
1471
2494
4510
1148
769
1675
361
1180
1156
917
2179
925
-469757794
-1107291026
1008
1953
955
1481
1485
993
1993
1008
2003
1008
2786
493
497
634
259
1161
2547
2045
2149
3294
4779
6782
9279
1008
1421
3706
1487
496
973
496
1489
1008
2017
1005
1008
-1315878
-1315095
899
427
1256
385
1168
993
1008
1493
496
979
1008
2005
496
981
496
-264552507
507
1990
2501
2997
3480
496
979
496
1497
-536023104
-536021570
-536020605
2041
2575
1692
963
2203
769
1280
1791
2790
3301
-570482723
-570481700
-570480710
-570479687
-1442894430
-1442893929
1494
3028
4716
2579
1656
927
1194
961
417
688
1005
261
772
1283
2817
-454366381
-454364335
-455809735
-455808233
496
977
496
983
1008
2013
497
-1446418
-1445907
-1445142
487
992
1713
2061
1567
1186
967
917
2189
3212
4199
496
979
1008
1491
-265868830
971
3002
1687
1664
915
893
1176
937
1746
1206
1483
973
1999
496
977
1008
2003
496
1481
3490
-263104139
503
511
-4395629769
-4395629288
1989
3998
-262443162
485
1508
1995
3780
256
469
985
499
509
1019
1008
2031
2542
4558
5069
5572
