46
66
85
71
86
68
85
68
85
61
87
78
77
79
62
87
66
85
71
83
69
85
77
76
77
66
86
66
87
77
78
75
75
76
77
75
75
70
82
68
87
69
88
67
85
68
112
66
95
82
77
78
73
75
77
67
83
67
72
70
84
63
51
58
65
63
62
60
55
59
55
57
57
64
59
63
60
62
64
62
67
63
61
62
65
74
77
64
79
66
116
62
114
64
106
63
95
67
90
67
93
62
95
64
88
80
74
76
74
68
82
65
84
65
84
66
85
63
92
62
89
58
94
58
93
58
86
69
84
68
82
64
90
62
93
62
91
57
90
55
91
61
78
74
72
64
77
65
80
62
78
71
71
67
73
65
76
64
85
54
87
72
72
71
51
85
58
88
62
79
69
77
67
77
65
80
65
83
65
84
65
80
69
79
64
47
105
62
90
67
82
62
83
65
83
76
71
72
73
71
71
71
79
62
61
78
71
70
70
70
70
70
70
69
69
70
70
68
72
62
77
66
75
65
75
68
77
61
79
62
81
63
82
61
80
64
81
63
81
66
80
64
82
62
83
70
75
65
80
64
79
68
69
66
87
60
77
66
80
63
81
66
79
65
77
72
73
70
71
69
74
63
79
66
79
64
82
65
84
62
85
66
83
65
84
68
87
65
83
65
90
62
87
67
84
67
93
57
96
58
94
57
93
58
92
58
91
74
74
73
74
61
85
56
89
56
84
67
81
74
75
67
79
67
80
67
82
63
86
66
85
76
76
74
77
73
77
73
77
82
68
75
76
63
85
69
96
64
95
67
98
66
96
68
88
69
89
67
88
67
89
75
76
76
74
75
74
76
75
76
76
67
86
64
94
65
95
67
94
67
93
68
93
67
93
69
86
67
89
70
83
69
83
66
85
65
86
67
85
67
84
69
80
65
85
68
82
65
87
65
83
66
88
67
85
64
91
60
86
76
76
76
74
66
85
63
98
60
95
58
99
51
91
65
94
64
94
66
91
67
88
68
82
67
88
74
74
75
74
73
76
73
73
66
83
65
85
67
86
65
88
67
86
70
86
66
89
78
75
82
75
60
86
74
75
75
76
57
85
65
90
67
88
76
78
68
86
69
86
64
93
66
93
69
92
68
92
66
107
66
115
59
96
70
92
72
86
68
88
71
83
65
94
64
90
68
83
64
95
66
90
78
73
73
75
68
78
67
95
66
95
66
92
67
91
68
96
58
98
77
79
72
80
58
94
64
94
64
93
64
48
54
96
62
110
65
102
63
92
69
88
71
85
67
86
65
88
65
87
77
78
74
74
67
82
64
87
66
86
63
97
58
88
75
77
75
74
75
76
68
82
64
90
67
92
64
92
68
92
84
72
78
78
76
78
67
91
62
97
66
97
64
93
69
93
66
91
69
88
66
89
67
88
66
89
67
83
77
74
74
75
83
74
75
76
56
96
57
92
67
94
69
89
68
94
72
86
66
92
69
92
68
81
66
104
64
102
67
94
70
88
80
74
65
88
63
87
74
76
66
90
59
91
56
94
60
93
57
94
57
93
59
88
73
74
73
73
74
74
71
75
60
85
63
88
80
78
76
74
77
77
76
72
78
79
79
80
80
81
87
76
80
85
83
85
85
91
87
86
84
83
85
77
91
78
85
86
84
86
86
86
86
86
86
87
86
86
89
87
86
89
88
88
87
89
95
81
89
88
88
96
82
89
91
90
91
92
93
99
87
93
95
95
95
96
95
96
96
96
96
97
97
96
98
98
98
98
99
97
105
90
99
105
92
97
98
96
99
98
98
98
99
100
99
102
102
100
102
98
104
99
107
92
98
101
99
100
98
100
106
92
99
105
92
107
100
101
102
101
102
101
100
102
94
101
100
103
104
103
105
104
103
105
105
105
105
105
106
70
90
69
141
69
147
69
89
133
105
104
102
105
106
106
108
108
110
111
111
113
111
114
114
115
112
113
113
109
109
110
108
107
108
108
107
105
105
107
71
88
111
116
98
101
102
101
101
101
101
109
96
102
102
105
105
104
104
113
105
105
105
105
103
104
104
103
104
104
103
96
106
102
104
104
99
101
107
100
100
99
63
149
61
138
69
127
95
97
98
63
91
64
135
70
89
91
104
105
100
119
112
108
101
106
108
107
107
109
108
108
107
107
106
107
105
105
106
105
112
106
105
104
104
96
103
104
103
106
105
104
105
105
104
104
103
103
102
103
103
101
103
102
102
103
104
102
102
103
104
102
103
104
104
105
103
105
111
105
104
104
105
103
95
102
101
102
102
102
103
105
105
104
106
104
107
106
105
106
105
104
105
105
103
102
104
100
108
93
101
100
108
100
100
101
98
95
101
93
93
96
101
88
100
67
151
61
142
68
131
100
98
99
100
101
101
104
103
104
104
104
105
105
105
106
105
106
106
104
103
112
96
103
105
103
103
103
104
104
105
104
103
106
103
104
104
105
103
105
104
104
105
106
104
107
106
104
109
106
107
107
108
107
106
105
107
105
104
102
103
101
102
101
103
101
103
102
103
103
104
105
111
96
105
102
105
104
106
63
95
73
91
111
113
111
108
107
107
109
107
108
109
108
108
109
106
106
108
107
105
109
106
107
106
104
107
104
104
104
104
103
104
103
106
103
106
103
106
106
104
106
107
107
107
105
108
106
107
108
106
108
108
107
108
106
108
107
107
106
106
106
106
104
106
105
107
104
106
106
106
72
98
115
114
106
105
105
105
105
106
105
103
105
103
105
105
103
104
104
105
71
91
74
67
69
92
122
83
114
98
90
110
112
109
108
107
108
108
108
108
106
107
105
105
103
105
104
102
103
103
103
102
103
102
102
103
103
104
103
102
102
103
103
103
104
106
106
105
107
105
105
104
105
104
101
105
103
102
103
103
103
103
101
103
100
101
108
99
64
72
60
106
101
91
102
98
100
100
99
99
99
99
97
98
99
96
98
98
97
97
98
98
97
99
96
99
98
99
106
100
100
100
62
147
62
142
100
101
98
101
98
98
100
99
99
100
69
91
63
104
107
103
101
101
102
101
103
103
103
104
103
104
103
104
102
101
103
100
101
102
103
69
73
73
152
67
145
70
133
101
100
100
100
100
100
101
100
103
104
104
103
105
105
105
107
109
106
107
106
107
107
105
106
105
105
105
106
104
104
106
105
105
103
105
104
104
105
105
106
104
105
105
106
104
105
105
103
106
104
106
103
106
105
103
104
106
103
104
103
111
104
105
102
102
102
101
102
101
102
103
102
101
95
100
102
100
102
101
101
101
101
100
101
101
99
100
100
101
108
101
98
100
97
96
95
98
96
97
98
99
99
99
99
101
93
100
101
101
100
101
101
100
100
100
99
98
99
99
97
98
98
97
99
98
98
99
100
98
99
99
99
97
98
100
98
98
99
99
99
100
99
100
100
100
100
99
100
102
100
98
100
100
100
99
101
98
101
101
78
119
102
99
101
100
98
99
101
106
98
98
99
99
90
100
99
97
98
101
99
96
99
98
98
97
97
98
97
99
97
97
98
100
97
98
99
97
97
100
99
99
100
100
101
101
101
100
103
101
100
102
102
100
100
101
98
99
99
97
98
98
98
97
99
98
99
99
99
100
100
99
101
100
102
100
100
101
100
99
100
107
99
99
99
99
99
91
99
98
99
98
99
98
97
97
98
98
99
98
98
99
97
99
97
99
99
97
99
97
97
98
97
98
97
97
97
96
97
95
98
96
96
97
97
97
96
97
96
96
97
95
96
96
95
96
96
95
96
96
98
96
97
100
98
107
98
100
99
99
98
99
91
99
99
99
99
100
98
100
99
102
105
98
98
98
97
97
95
97
96
95
95
95
96
96
95
95
95
94
95
94
94
94
93
87
94
95
94
96
96
95
96
97
96
96
97
98
97
106
97
97
98
97
96
95
94
96
87
95
95
95
95
96
95
96
97
96
97
98
99
98
99
99
98
98
98
96
97
96
96
96
96
97
96
97
97
98
97
97
97
98
97
99
98
98
96
98
98
96
87
107
96
100
96
96
97
98
96
96
97
97
96
97
97
96
96
97
98
97
97
97
97
98
97
97
97
98
98
97
96
97
98
98
97
98
98
98
97
98
99
98
98
98
98
98
97
98
99
98
99
97
99
97
97
97
96
95
96
94
96
94
95
95
94
95
95
95
95
95
95
95
95
94
96
95
95
95
95
95
96
96
95
96
96
95
97
96
97
96
96
97
97
96
97
97
98
96
97
98
97
99
99
100
98
99
98
98
100
99
98
98
97
97
97
96
96
96
96
96
96
96
96
96
96
96
96
96
96
96
95
95
95
93
93
93
93
74
112
92
93
93
93
94
94
95
95
95
96
96
96
96
96
96
98
97
96
98
98
97
97
98
96
97
96
96
96
96
96
97
96
97
97
97
98
96
98
98
98
99
99
100
98
99
99
98
98
99
98
98
98
98
99
96
97
96
96
96
95
95
94
96
94
95
93
94
94
94
95
94
93
94
94
93
94
94
94
94
95
95
95
96
96
98
97
97
99
100
100
99
99
99
99
99
98
97
96
97
96
97
96
96
96
95
96
96
96
96
96
96
96
96
96
96
96
96
95
96
95
95
95
96
95
96
97
97
97
96
97
98
97
97
97
97
97
97
96
98
95
98
96
96
98
96
97
98
97
98
97
97
98
99
97
99
97
97
97
99
94
97
97
98
95
97
95
94
96
96
96
96
96
96
96
97
96
97
96
98
97
98
97
97
97
97
97
96
97
96
96
96
95
96
95
96
94
94
95
95
95
94
96
95
94
95
95
94
95
94
94
95
94
94
95
94
93
93
95
93
93
94
93
94
93
94
93
94
95
95
96
96
96
98
98
97
97
99
98
98
98
98
98
97
98
97
97
97
98
97
97
97
97
97
97
98
97
97
97
97
97
97
96
97
97
96
97
96
96
96
97
96
97
97
97
97
97
96
97
96
95
95
96
95
94
95
95
94
95
95
94
94
95
94
95
94
93
94
94
92
93
94
93
93
94
94
94
95
94
95
95
95
95
95
96
97
95
97
97
96
96
97
95
96
95
96
95
95
95
95
94
95
94
94
94
94
93
94
93
94
94
94
94
94
95
94
95
95
94
96
96
95
94
94
95
94
95
95
95
93
94
94
95
94
94
94
94
94
94
93
93
94
92
93
93
91
92
93
90
92
91
91
92
93
90
92
92
92
92
93
91
65
117
94
92
92
92
93
92
93
93
93
94
94
94
94
94
95
93
95
94
95
94
95
102
94
94
93
94
94
93
94
94
93
94
93
95
93
85
95
95
94
93
96
94
95
95
93
96
95
104
96
97
96
97
97
89
98
97
97
97
97
96
97
97
96
96
97
97
97
96
97
96
96
96
104
95
97
96
96
96
96
88
95
97
95
95
95
95
95
96
96
94
97
96
94
96
95
95
94
94
102
94
94
94
94
94
86
94
96
95
93
96
93
96
94
94
95
95
95
94
95
96
95
97
94
96
96
96
96
96
96
96
95
96
95
95
95
95
96
95
93
95
96
93
96
95
94
103
94
94
94
93
93
94
85
92
93
93
94
94
71
114
69
121
69
120
69
118
71
117
68
118
92
93
93
94
92
102
94
93
94
94
84
94
93
93
92
93
94
93
93
93
91
91
92
91
93
93
91
92
93
94
94
95
