105
129
128
128
129
128
121
119
120
122
123
128
127
130
131
133
132
131
132
126
122
123
74
164
125
121
117
119
118
118
123
130
129
129
128
128
129
127
126
117
118
116
122
124
123
123
126
125
129
125
121
118
122
124
124
127
129
125
126
127
128
126
122
119
118
120
124
127
130
127
127
129
130
122
126
125
125
129
132
129
130
130
133
133
129
128
121
125
127
129
128
128
130
133
131
127
123
126
126
126
124
124
126
129
128
122
123
121
118
120
119
122
120
126
130
126
125
77
165
124
118
116
117
123
131
136
138
138
137
135
135
132
127
126
129
127
122
129
127
125
128
129
129
128
126
127
121
123
130
129
129
132
130
128
130
132
123
127
124
125
126
129
130
128
130
128
127
128
130
125
127
128
126
126
130
129
126
127
129
122
120
126
125
124
127
130
129
127
128
130
131
123
127
126
124
124
129
126
126
118
122
125
121
123
124
128
128
121
123
122
127
127
131
128
126
124
121
127
126
128
124
126
127
122
121
126
122
124
130
129
128
128
134
134
131
132
132
136
128
130
130
130
132
128
130
128
128
132
139
139
137
141
142
144
138
139
142
145
142
142
144
144
142
139
143
145
147
73
190
141
141
137
132
132
137
135
134
138
145
146
151
152
144
137
136
132
131
134
137
137
127
132
134
136
141
146
141
141
144
146
146
150
149
149
150
147
142
143
145
145
145
148
144
84
187
140
133
135
138
145
138
140
131
125
127
120
121
126
127
126
124
123
125
124
83
151
113
110
108
110
110
108
109
104
106
103
77
129
100
100
98
95
65
127
99
96
97
101
70
145
107
106
111
66
145
106
72
137
103
69
135
101
70
129
101
96
98
100
102
105
102
106
106
109
109
110
111
112
115
116
116
115
113
116
110
107
107
110
110
112
113
111
110
110
110
109
110
110
109
106
109
108
106
105
104
106
106
109
110
107
106
108
110
109
120
119
117
117
123
117
121
119
116
117
115
120
115
118
115
114
114
111
112
113
113
120
114
114
113
114
115
108
109
106
103
103
106
110
109
107
108
107
108
123
116
116
116
120
123
121
121
120
124
123
125
131
129
129
129
122
121
124
126
123
124
125
124
122
127
127
125
124
127
119
124
126
126
127
129
132
133
131
129
122
120
126
127
129
120
125
122
125
129
131
129
129
133
129
127
128
120
122
128
130
124
124
123
117
121
126
126
124
119
116
120
123
120
121
124
128
123
126
131
134
133
132
135
133
129
124
127
130
130
134
141
146
67
187
132
131
134
129
133
138
133
129
133
131
129
129
123
126
129
129
130
131
132
133
134
132
122
127
124
126
127
130
126
121
125
125
125
125
121
127
130
128
131
132
130
130
131
132
119
127
125
125
122
125
129
126
121
128
128
131
137
135
128
126
130
123
120
124
124
123
124
128
128
120
120
121
120
123
126
125
127
130
135
131
126
127
127
119
125
127
127
129
133
132
128
130
119
125
130
129
125
119
123
123
129
131
126
126
127
125
118
124
124
124
123
130
130
128
124
124
123
122
120
124
126
125
127
130
125
128
127
124
119
123
120
120
123
127
118
125
125
128
131
129
126
128
130
125
122
120
121
120
127
127
122
126
124
120
122
130
131
126
128
125
129
122
120
122
117
125
127
123
121
124
124
124
118
120
129
128
126
130
129
132
128
129
127
119
123
120
121
123
128
128
124
128
131
125
122
130
133
133
134
137
136
133
132
136
126
126
128
127
129
120
123
128
125
133
137
136
131
128
132
126
129
124
121
122
131
128
126
128
131
132
127
125
125
122
129
135
133
132
125
129
124
119
125
130
138
142
142
146
146
140
141
145
142
141
143
144
141
143
148
144
142
149
151
148
145
151
148
146
147
151
146
145
144
135
131
138
139
124
125
126
120
121
127
135
141
142
143
147
144
142
143
148
145
144
148
151
142
141
141
141
141
140
147
151
159
151
138
128
126
126
123
117
127
127
132
135
138
137
137
136
137
137
137
140
141
142
144
69
189
142
138
136
142
157
153
139
124
124
122
123
124
122
120
120
121
120
119
120
120
121
120
121
51
66
122
123
120
122
122
122
120
120
119
121
122
122
122
122
125
126
126
128
150
116
113
117
137
148
166
178
158
150
144
139
134
133
134
137
134
134
137
140
139
141
147
150
147
140
145
150
150
151
148
151
143
135
137
127
134
139
144
156
163
156
154
153
143
147
152
158
147
154
153
149
144
143
141
144
149
142
142
146
152
154
145
142
141
143
142
139
144
144
139
133
141
144
145
147
145
73
189
136
134
141
145
145
148
155
148
147
148
150
147
146
146
146
142
140
141
147
144
142
143
145
73
194
136
135
138
144
157
175
164
150
148
150
131
130
128
125
126
132
132
134
145
144
144
146
147
145
147
150
151
152
154
155
153
158
157
151
150
77
197
142
138
142
147
164
169
138
133
135
127
133
145
148
145
147
143
138
140
141
142
141
142
134
127
137
136
139
142
144
143
150
152
146
143
149
144
146
155
149
146
147
142
142
137
139
141
142
141
144
130
122
121
121
139
154
153
148
145
147
144
135
138
139
143
150
152
154
152
153
153
153
148
144
144
149
147
146
154
149
146
147
149
145
147
150
146
143
144
146
146
141
143
146
143
141
132
129
137
141
140
143
142
141
128
120
123
129
142
144
148
149
145
143
140
133
129
124
130
137
145
156
159
158
154
149
146
147
151
147
145
145
147
142
142
143
140
137
141
148
142
137
136
137
139
141
151
148
145
133
121
124
122
135
137
143
148
146
148
145
150
152
153
153
153
148
148
144
142
143
138
128
135
137
143
144
139
144
152
150
152
153
145
138
140
141
137
143
141
139
143
145
147
145
134
121
122
120
142
149
153
158
156
154
151
149
145
145
139
141
139
138
138
135
149
146
151
156
146
144
147
148
145
145
149
146
148
152
151
150
150
149
146
147
151
148
146
145
80
193
139
139
138
139
141
151
166
142
130
128
124
138
140
138
129
126
136
131
132
137
138
141
144
144
147
159
166
164
160
173
173
168
179
159
157
182
181
168
156
153
151
154
159
149
149
153
153
148
147
148
152
158
157
150
153
164
166
158
160
162
157
153
163
172
167
161
164
158
153
155
153
152
149
157
154
152
152
155
150
152
158
159
150
152
160
161
155
163
156
152
158
69
203
93
194
151
149
148
158
143
136
138
139
139
138
139
139
138
137
136
139
137
139
135
134
134
133
134
131
134
135
139
138
142
157
136
137
131
134
138
156
168
166
164
169
163
158
165
162
156
155
164
169
162
166
177
167
154
160
177
161
166
176
172
161
163
166
164
156
150
153
139
125
132
139
147
177
173
160
170
168
163
165
163
158
157
174
186
178
174
182
184
178
171
188
183
175
190
193
173
175
184
173
166
169
185
185
182
186
171
163
167
164
158
160
179
174
160
148
164
175
169
169
168
172
187
180
178
178
173
161
164
179
70
205
150
154
174
74
201
172
172
172
192
191
178
178
177
167
161
174
175
178
176
203
185
177
180
180
177
183
191
180
166
157
159
153
165
193
176
182
175
164
168
162
155
155
168
167
172
194
189
176
178
178
165
159
165
167
164
181
183
166
176
179
166
176
186
175
181
191
177
168
174
172
164
170
184
166
163
174
171
171
72
209
161
149
148
159
159
172
188
172
175
178
172
171
175
171
161
170
175
167
171
189
180
177
189
179
167
173
186
176
173
181
187
173
192
183
174
190
180
176
175
182
166
156
163
179
173
181
180
175
169
179
178
164
169
177
178
168
