2012
2523
2568
783
256
29
265
768
509
1023
1528
1019
487
1510
2293
256
27
781
256
7
-1040186459
-1040185436
-1040184927
511
1510
2021
3044
3073
265
256
29
265
256
25
777
256
1023
1518
-658985
-336202297
-337517645
-337517134
-337516878
165
1051
225
777
769
253
1273
2244
977
1488
-1314374
-1314335
275
256
17
775
256
1519
-1174403147
-1174402636
256
13
257
768
21
775
256
31
779
256
39
269
256
39
269
256
23
263
256
999
1510
2021
3525
4530
-10391252
-10390229
-10389228
-10388205
-10387718
-10386695
-10385672
-10384903
256
-1207958627
-1210589322
-1210589066
37
269
256
17
261
495
497
-789543
-788520
-787743
256
39
783
768
41
271
256
41
271
768
25
775
256
511
1506
2529
3552
-2147479173
-2147478662
-2147478157
499
501
1015
1019
1003
1259
1534
2045
3068
4091
5092
6115
-201451088
-201450065
-201449297
33
785
256
13
775
256
511
1022
1533
2536
3559
-1573933
-1573670
256
511
511
1022
2045
2556
-604372542
-875352457
2511
-2232657
49
273
256
45
271
768
33
775
768
1019
1017
507
509
473
2028
-2630203
-2629435
13
261
256
21
265
256
29
777
256
35
271
768
37
781
768
23
265
256
503
503
781
256
37
777
256
511
999
2022
3027
4050
4306
29
263
256
13
769
1023
1512
2535
2791
9
259
256
19
775
256
23
267
256
31
781
768
35
783
256
31
783
768
13
261
1023
1042
257
768
25
261
256
33
777
768
39
783
768
43
269
768
43
783
256
29
775
256
1023
-3287611
-3287598
771
999
2022
2047
263
768
33
779
256
35
779
256
29
265
256
13
257
999
1008
2528
3301
768
37
265
768
43
269
256
47
781
256
41
267
256
23
769
511
2992
3503
4288
768
31
269
256
13
777
256
49
781
256
47
267
256
33
773
256
507
-5921313
-6975048
-6974779
256
33
777
768
13
769
1003
2026
2519
-3022416
-3022151
256
23
769
501
785
256
43
273
256
43
273
768
31
265
256
1023
2020
3043
3554
4325
768
17
261
256
27
781
256
35
269
256
41
785
256
35
269
768
21
775
768
-1446989
-1445966
-1445198
45
785
256
45
271
256
29
265
768
-1140849744
-1140848721
-1140848465
25
259
256
31
261
256
33
261
256
511
485
1508
1993
2504
3272
39
779
256
27
773
1023
1794
256
25
261
256
33
269
768
41
269
768
43
269
768
31
265
256
13
769
-571213876
-571213387
-571212364
-571211873
-571210850
-571210593
256
21
259
768
29
779
256
37
269
256
43
269
768
43
271
768
29
777
256
1023
1512
2535
3532
4043
4530
5041
5297
35
267
256
37
267
768
25
261
256
1512
2023
3046
-771748194
37
269
256
45
273
256
49
785
256
47
785
256
29
263
256
1001
2024
2049
769
256
31
771
256
37
773
256
41
773
256
33
259
1003
2026
3025
4048
4829
768
35
777
256
1023
1279
7
257
256
19
775
256
29
781
256
35
783
256
39
273
768
33
269
256
11
2046
2823
256
35
267
256
35
779
256
33
263
256
511
-1182753
-1181976
768
33
781
768
37
271
256
39
269
768
23
773
1023
2018
2529
3550
-11974431
-11973938
-11973427
-14075736
-14074713
-14073690
-16441729
-16441220
999
1510
-6708344
-6707843
-6315633
-6314630
-6314119
-6313608
-6312840
25
265
768
33
781
256
37
783
256
35
781
256
17
773
511
1022
1533
-255729471
511
511
1294
256
23
773
-588845
1011
768
19
771
511
1534
2039
511
489
1000
1777
256
39
265
256
39
777
768
23
769
1023
2046
2557
3325
45
271
768
47
785
256
35
781
768
511
771
256
33
771
256
35
769
256
511
1023
1279
29
265
256
37
777
768
39
267
768
35
773
256
1023
1023
-3550250
-439756860
-1849042045
-1849041552
-1853381871
-1853381360
-1853380357
-1854826779
-1854826510
256
15
261
999
1510
1779
256
21
773
-336468534
-336467511
-336467000
1001
1512
2535
2548
261
768
21
265
256
29
779
256
37
781
256
33
781
768
25
777
256
999
2022
2531
491
1514
2535
1023
1794
256
23
777
768
31
781
768
39
783
256
43
785
768
37
269
256
21
775
1519
1554
271
768
37
273
256
33
781
256
19
773
511
-255732788
-255732277
-255731254
-257958986
-257957977
227
-268434215
-268433192
-268432681
1023
1516
-22105894
-22105126
31
261
768
31
257
768
23
259
2046
2083
777
768
41
781
768
41
777
768
13
261
19
769
256
27
259
256
35
265
256
39
265
768
45
267
256
35
777
256
21
769
1023
256
31
773
256
39
773
768
41
775
256
35
773
256
1021
269
768
39
779
768
21
769
768
35
269
256
13
769
25
271
256
33
271
768
31
781
256
13
773
256
768
21
263
768
256
23
261
768
19
771
19
263
256
21
777
256
23
265
256
13
257
17
263
768
19
261
256
19
265
256
9
769
256
9
773
17
777
256
17
781
256
21
271
256
21
779
768
11
773
13
261
768
19
777
256
21
267
256
21
265
768
15
773
1021
1502
2525
3526
4037
4544
1001
1512
2023
3022
3533
4538
5561
6584
6855
768
45
267
768
29
773
511
996
1507
1763
53
783
768
25
261
1023
2064
63
785
256
39
265
256
1003
2026
2045
769
768
29
775
256
37
267
256
47
781
768
53
269
256
39
267
256
511
511
1022
2045
2302
256
27
777
768
35
781
768
47
785
256
51
783
256
47
273
768
23
261
256
1512
2535
3534
4045
5039
5312
256
27
777
768
511
511
534
777
256
33
271
256
39
787
256
45
789
256
41
273
256
23
265
768
1007
1286
768
45
277
256
31
271
256
9
13
773
256
23
779
768
33
273
256
41
785
256
41
787
768
31
269
256
9
511
772
768
27
779
768
37
783
256
47
787
256
51
277
256
37
783
256
11
1023
1510
2533
-1174402155
-1174401644
-1174399637
-1175583416
-1511126749
925
1040
951
1044
973
1792
2815
3816
4327
4838
5861
6370
256
17
257
768
27
775
768
37
269
256
47
785
256
53
785
256
45
785
256
21
261
491
1514
1531
773
768
25
267
256
35
273
768
45
789
768
53
793
256
51
277
256
35
783
256
9
256
489
2535
3044
1023
1279
33
781
256
43
273
256
49
787
768
43
273
768
27
775
256
1023
-787479
-786968
-786187
768
47
785
256
53
533
51
789
768
37
781
256
1023
256
15
257
768
25
775
256
33
265
768
41
269
256
43
781
768
37
779
768
17
257
-1448468
-1448209
256
17
773
256
23
265
256
33
783
256
45
789
256
53
1047
59
793
256
49
277
768
23
777
256
-1844779
-1844754
781
768
37
785
256
43
785
256
39
783
256
15
775
256
1023
1508
2019
2530
3041
-1181747
-1181254
-1180243
2031
2064
781
256
37
269
256
39
269
256
21
773
256
1519
1775
41
271
768
47
785
256
51
787
768
37
267
256
511
-201326566
785
768
37
271
768
17
257
-939523662
-939522639
-1409283713
-1409282690
-1409282649
781
768
43
269
256
37
269
256
1023
-392739
-392702
265
256
37
265
256
29
771
1023
2046
3069
511
1518
1023
256
173
1563
227
1017
509
999
2022
3045
3530
4553
5060
1019
511
256
47
277
768
53
793
256
53
791
256
37
783
256
11
1023
1534
2033
511
-1181736
-1181243
-1180220
-1179733
-1179222
-1178217
-6177462
-6177206
55
785
768
49
779
768
27
257
1023
1534
1795
487
998
2021
-301986881
-307117198
-307116175
256
9
259
256
19
775
256
27
781
768
35
273
256
41
275
256
37
273
256
17
263
256
1013
1498
2521
3006
3517
4302
256
45
787
768
45
275
256
29
781
256
9
-1476394081
-1476393058
-1476392290
1011
-1443914
-1443403
-1442410
-1441899
-1440898
-1440387
-1439364
-1439329
275
256
41
789
256
43
277
256
29
783
256
5
487
1510
1559
785
256
51
785
768
37
269
256
509
1023
1514
2537
2793
29
779
768
39
785
256
47
275
256
43
273
256
25
265
768
1510
2021
3022
3533
4044
4531
5554
5810
15
773
768
25
779
256
35
271
768
43
783
256
39
781
768
21
775
1023
1534
2045
3068
3579
4090
4346
41
273
256
25
265
768
485
996
1507
2004
3027
3526
4017
5040
5817
256
41
781
256
51
271
256
53
781
256
37
265
256
1021
511
534
261
768
31
779
256
39
785
256
49
785
768
51
787
768
33
777
256
1534
-571738679
-571737656
-571737639
775
256
23
267
256
31
273
256
39
277
256
49
791
256
51
281
256
39
785
256
13
773
495
495
-921641
-920618
-920351
256
23
769
-526356
-525865
-525354
-369623126
-369622103
-369622060
267
256
27
773
-7895750
-7895703
789
768
41
273
256
23
261
1023
2024
2535
3558
3814
19
257
-1185302
-1184295
-1183798
-3156034
45
1539
139
1059
197
1047
1023
511
1022
1533
-262165
-261654
-261631
259
768
31
261
768
37
777
256
37
265
256
29
261
256
501
256
31
781
768
39
275
768
45
277
256
47
277
256
39
275
256
17
261
1023
2046
2557
2813
35
783
256
17
261
256
1023
-1314327
-1314296
779
768
1003
1514
2297
256
47
785
768
33
267
256
11
-402652201
-402651690
-402650669
-2630730
-2630673
1045
53
789
256
35
781
256
511
489
1000
1769
256
29
779
768
39
781
256
47
275
256
49
273
256
35
781
768
1023
2046
2831
768
45
787
256
49
277
768
35
271
256
13
771
-1840677
-1839909
23
777
256
31
781
768
37
785
256
43
275
768
41
273
256
21
777
256
-301988915
-301987892
-301987381
-301987108
768
39
275
768
37
273
768
23
779
256
-369098256
-369097979
256
39
273
256
13
771
997
2020
2531
768
25
259
768
33
777
256
39
779
256
39
779
256
21
259
1023
-436205619
-2080371862
-2080370839
-2080370806
777
256
-1712681
-1712170
-1711659
-2500675
-1512449188
-1512448165
-1512447676
-1512447165
-1512446682
-1512445659
-1512444638
2031
2542
2801
-789034
-788011
-787243
35
265
768
43
783
256
51
273
256
49
271
256
35
779
256
1021
489
1000
1999
2510
3021
1023
2046
3047
3558
4069
2513
-1182789
-1181782
-2628710
-2628447
256
25
267
256
35
783
256
41
787
768
45
789
256
39
273
256
17
263
-335543856
-335543345
-335542834
-335541811
256
27
771
768
35
777
256
39
777
256
37
265
256
25
259
999
2022
-2366523
-2366012
-2365241
256
29
775
256
39
267
768
43
267
256
41
779
768
23
257
485
996
1037
785
256
43
787
256
39
273
256
21
261
256
1023
1062
785
256
43
273
256
37
783
256
15
261
1001
1512
1553
777
256
31
261
768
511
505
1019
2020
979
1022
1511
2022
3030
3539
-1727550
2020
3043
3811
31
265
768
37
781
256
45
271
768
43
781
256
25
261
768
49
277
256
35
271
768
11
1021
256
19
259
768
25
261
768
33
261
768
31
263
256
19
769
487
1510
2278
37
779
256
43
781
768
35
779
256
19
259
1001
2024
3045
267
256
31
269
768
35
783
768
27
267
768
11
773
1023
1534
2533
3556
4579
5358
256
-134217232
-151454971
-153032463
-153032206
768
17
261
256
25
265
768
33
271
256
39
273
768
47
277
256
45
275
256
27
269
256
511
1532
-677435
1015
2032
2543
3311
31
265
256
41
269
256
45
783
256
39
781
256
17
257
259
768
21
265
256
31
781
256
43
273
768
49
275
256
49
789
256
37
269
256
13
259
1023
2046
2819
256
17
775
256
29
269
768
39
273
256
49
279
768
51
789
768
39
275
768
11
1003
-2232910
-2231887
-2231631
51
279
256
31
273
768
9
-402652709
-402652226
-402651203
-402650184
267
256
35
785
256
43
277
768
49
279
256
45
789
256
29
781
256
-2483027076
-2852124846
-2852124335
-2852123824
-2852122801
-2852122545
33
781
768
17
773
1023
1279
43
783
768
45
785
256
39
781
256
21
773
995
1506
-335541845
-335541334
-335540843
-335540332
-335540076
35
781
768
35
781
256
31
265
256
15
257
-1053206
-1053181
777
256
35
785
768
47
787
768
55
789
768
53
279
256
31
781
768
1003
1519
1788
256
35
269
256
21
261
256
53
787
768
47
273
256
27
261
485
996
1481
2504
2533
777
256
37
269
256
41
271
256
33
269
256
17
259
491
1002
2003
2514
3025
3536
4047
6069
6580
7065
8088
8109
775
256
33
267
256
41
273
256
49
271
256
43
783
768
21
261
511
1534
2549
1019
-637533738
-637532715
-642661496
-642660989
1009
3977
4488
-304351959
-304350936
-304350165
-134217232
-134216743
-134215720
-142241947
-142241438
29
267
256
35
269
256
37
781
768
25
775
256
-1113893
125
537
181
1047
-34539421
1465
2488
3511
4534
5302
31
777
768
499
493
-4209743
-4209478
256
39
267
256
45
271
256
45
271
256
29
775
768
1023
2046
2539
3562
4585
5076
6099
6355
23
263
256
33
267
256
37
271
256
41
271
256
31
777
256
1023
2046
2537
3048
3827
256
45
781
256
47
271
256
35
777
256
1009
2032
3037
4060
-301984855
-301984344
-301983321
-301982810
-306588363
-306587852
-306586829
-306586056
768
29
267
256
39
783
256
45
787
768
47
785
256
41
271
768
17
259
256
25
769
768
33
775
256
37
265
256
43
777
256
39
263
768
1023
503
1003
2026
-301986878
-301985855
-301985818
779
768
43
783
256
51
787
256
43
781
768
23
263
489
1000
2023
2284
1023
-369096743
-369096232
-372122705
-372121682
-372121645
265
768
45
781
256
43
267
256
33
775
256
507
2034
3053
773
256
31
269
256
39
781
256
45
273
256
41
781
768
21
261
768
511
1534
2557
3558
1023
-787532
-786509
-785486
-785225
768
19
265
768
27
783
768
39
275
256
45
277
256
45
787
256
27
269
256
1023
-402651155
-402651126
261
768
37
265
768
41
267
768
43
267
768
35
265
256
511
489
1000
1489
2512
2768
1023
1514
2537
3305
41
783
256
47
787
256
49
787
768
35
781
256
11
-469761586
-469760581
-469759558
-469759537
259
256
29
261
256
39
267
256
47
781
256
53
785
768
43
269
256
21
261
-264781612
257
257
-1184937
-1184426
-1183655
256
25
775
256
33
267
256
41
783
256
45
271
768
41
783
256
25
775
256
487
1510
-369096262
-369095751
-369095702
785
768
35
265
256
1023
-2499120
-2498613
509
1023
-268101903
143
1053
199
256
271
256
2444
2031
2526
-268237861
-268237093
31
783
256
37
273
256
35
783
256
21
777
768
489
1512
2023
-1181231
-1180958
768
47
789
256
51
277
768
37
271
256
11
259
21
263
256
1023
2046
2069
265
768
33
781
256
41
785
768
51
277
256
53
277
768
41
785
256
17
773
227
-1006630261
-1006629238
-1006628215
-1006627206
1023
1791
17
263
256
29
267
256
37
271
256
43
273
768
45
787
256
33
781
768
7
1023
1506
2529
3026
3794
39
785
256
47
279
768
53
789
256
49
277
256
25
265
256
-658966
-658707
256
31
777
256
39
779
256
41
267
256
35
779
256
21
769
-919588
-919077
-918080
-917569
-917552
773
256
23
263
768
33
781
256
39
783
768
43
271
256
37
269
256
19
773
256
-2761767
-2760744
-2760703
783
256
47
273
256
49
785
256
37
269
256
13
769
-234880034
-247776344
-247775321
-247774553
15
257
-1578513
257
256
27
261
256
33
263
256
41
779
768
43
779
256
37
265
256
511
-402652206
-402651695
-402651184
-402650928
29
267
256
37
269
256
45
273
256
35
781
768
13
1022
-787990
-1708586
-1708075
-1707819
25
265
768
35
271
256
43
273
256
47
273
256
35
269
256
13
257
1023
2016
2527
2552
265
256
35
269
256
43
273
768
51
787
768
47
273
256
31
265
256
1023
-268886050
-268886011
779
256
29
261
256
509
256
27
773
768
37
267
256
43
269
256
49
781
768
39
781
256
21
771
-790036
-789525
-1116740
501
499
1023
1298
768
33
781
256
13
257
-394774
-394287
-393264
-392755
493
-9078953
-9077930
-9076913
1021
511
767
39
265
256
37
777
256
17
769
999
-254583831
-254582832
-254581809
-254581314
-255896150
-257343101
-257342590
-258132116
-258131605
-258131349
21
259
1023
1510
2021
3028
-9074878
-9073855
-9073344
-9072569
256
31
779
256
35
781
256
37
269
768
25
263
768
1015
2014
3037
3548
-5131855
-5130844
768
29
777
768
35
781
256
43
785
256
43
273
256
29
265
256
999
2022
3045
3314
256
37
785
768
41
277
256
35
275
256
15
773
256
-369097766
-369097255
-369096487
41
777
768
45
781
768
39
265
256
1023
-370544214
-370543703
-370543192
-370542187
-370541164
-370540155
-371591313
-371590802
-371589779
-371589006
256
1023
497
-1578019
-1577016
-1575993
-1575484
1023
2024
3047
3540
-1574462
-1573455
-3020389
-3019902
-3019391
-3941525
-3940528
-3939505
-3938737
37
779
768
37
269
256
17
257
-1579030
-1578537
-4078160
-4077904
19
257
1005
-268105246
501
1011
256
41
265
256
1023
1023
2046
768
31
783
768
37
273
256
45
787
256
37
783
256
17
261
-369097774
-369096751
-738194519
-738194008
-738193240
23
263
256
31
779
768
39
781
256
39
269
768
23
261
1023
2046
3069
4092
4603
5099
5600
6615
505
1021
3021
-6970515
-36710392
-36709377
1017
986
2009
-1040184437
-1040183926
-1041630858
-1041630347
-1041629578
256
23
773
768
33
777
256
39
781
256
39
779
256
29
261
256
-22894358
-27630924
-27630885
267
256
23
773
-2499111
-2499076
265
768
39
267
768
41
269
768
27
263
256
-2630711
-2630200
-2629195
-3944031
-3943263
35
781
256
35
777
256
25
263
256
489
1000
1511
1767
45
783
768
31
777
768
509
491
1002
1031
261
256
33
775
256
37
261
768
31
261
256
1023
-453708539
1023
1023
1516
-1313834
-1312811
-1310803
-1309780
-2625132
-2624136
-2623129
-34990073
-36568079
-36568052
261
768
37
777
256
41
267
768
45
779
256
31
261
256
511
1534
2533
3556
4067
5062
6085
6574
7085
-369088185
-369087162
-377112374
-377111593
768
13
769
-402652178
-402651667
-402651656
261
768
19
777
768
29
781
256
33
783
768
37
273
768
29
269
256
11
1001
1512
2535
3308
768
35
265
256
39
781
256
41
781
256
35
779
256
17
769
489
1512
1768
37
271
256
43
787
768
37
783
256
21
263
256
-656404
-655893
-4472378
-4471367
1023
1279
35
779
256
41
269
256
41
781
768
31
775
768
511
1023
2046
3043
3554
4577
4606
259
1008
1039
263
768
39
779
768
47
781
256
41
267
768
23
261
511
1000
1511
2020
267
256
49
271
256
45
781
256
23
769
-269290036
-269290001
781
256
43
785
256
47
785
256
45
273
256
29
265
256
2026
3021
4044
5500
511
1000
2023
2791
41
781
256
47
271
768
49
273
768
33
777
768
-1644166258
-1644165235
-1644164212
-2214588593
-2214587570
-2214586549
1001
2024
2285
256
35
267
256
41
269
256
49
273
256
49
269
256
31
265
768
509
-4340769
-4339746
-4339253
-4338230
-4337974
29
783
256
7
-201325608
-203035196
-203033156
-203032645
-203032154
-203031131
-203030875
511
996
1507
2530
768
21
773
256
27
263
256
37
267
256
39
779
256
37
777
768
17
259
1001
2024
3045
256
39
781
256
21
263
256
1023
2044
491
1514
1770
35
269
768
23
773
768
511
-2080373374
-2080372351
-2080371864
-2080370841
-2080369818
-2080368803
1019
489
1000
1017
773
256
487
998
1999
2510
3295
768
43
783
256
23
263
1003
2026
3049
4046
4557
6569
7574
-1833088
-3806390
-3805387
-3804364
-3804108
21
263
768
29
779
256
35
269
768
41
273
768
39
783
768
23
265
256
-336861748
-336861257
-336860234
-336859211
-336858954
256
17
261
256
27
265
256
35
781
256
43
273
256
41
781
256
29
777
256
1005
-3550289
81
1029
141
281
768
211
256
231
-259817849
-288238904
-288237881
-288236882
-288235859
-288234858
509
1983
-1707605
-1707596
781
256
27
777
256
9
257
511
1534
2553
1015
983
534
781
256
511
550
783
768
39
783
768
29
265
256
11
769
1023
1279
27
775
768
35
267
256
39
269
768
39
781
256
27
263
768
485
996
-1313840
-1313072
33
785
256
11
1023
1798
256
39
265
256
39
777
256
33
775
256
511
1001
1512
1559
783
768
37
781
768
511
997
2020
3043
4040
4551
-436202087
-436201576
-436201089
-436200066
-436199587
-436197783
256
19
259
1023
-402651183
-402650672
-402649904
39
775
256
43
775
768
41
773
768
511
-789524
-789035
-788524
-788268
21
771
256
29
777
768
35
781
256
43
783
768
41
269
768
25
775
1023
1792
768
27
261
768
33
773
768
33
775
256
25
769
511
538
777
256
35
269
256
39
781
256
37
269
256
19
771
1005
1516
2005
2516
3539
4562
1023
2046
3069
256
15
769
768
23
263
768
29
265
768
35
781
256
37
781
768
29
267
256
511
485
996
3001
6793
141
543
209
289
1057
251
269
769
259
1267
2230
1470
2469
3492
4249
-4998239
-4997728
-4997687
783
768
47
275
768
45
785
256
29
779
256
511
2519
3004
3515
4294
768
19
771
483
994
1995
2506
2762
43
271
768
43
271
768
33
777
256
-7106580
-7105577
-7104554
-7104511
781
256
43
777
256
17
257
505
507
-2501671
-2501160
-2500655
256
45
777
256
17
769
781
256
31
777
256
11
-201325606
-203430460
-203429459
-203428436
-203427945
-203426922
-538970776
-538970265
-538969242
-540153520
-540153505
773
256
15
773
256
13
775
256
13
261
256
779
768
19
777
256
13
263
256
2046
2543
-789014
-788525
-787502
-786991
-786964
781
256
9
1023
2046
2315
256
-268366878
1011
-268962851
-268962340
-268961060
768
17
261
256
27
779
256
41
271
768
49
789
768
57
789
256
45
785
768
15
261
1023
1034
257
768
25
261
256
33
777
256
43
269
768
55
785
256
53
269
768
29
773
256
1534
-302974354
3290
256
45
785
256
51
785
256
47
273
256
21
263
256
-256121902
-256120388
-256119877
-256118954
536
935
1560
961
1052
981
540
993
257
-2186695419
31
783
256
41
789
256
49
283
256
57
541
55
795
768
33
787
768
7
-201326118
-202773564
-202773067
-270018108
-605561448
-605560937
-605560681
37
785
256
13
259
511
1286
256
29
781
256
39
273
768
49
789
256
51
789
256
31
267
256
1003
2026
2061
781
256
45
789
256
57
1049
61
1561
49
787
256
19
261
1560
277
768
27
777
256
511
996
2019
3032
3528
4248
753
1758
2781
3804
4800
5823
6334
7357
8380
8403
779
256
31
273
768
43
791
256
51
539
59
1053
53
795
256
33
781
768
5
997
2020
3037
509
1023
-258742307
-1313318
-1313289
777
256
39
781
256
47
785
768
49
277
768
43
269
256
19
773
-5526603
-5526108
-8814723
-8813700
-8813425
768
35
777
256
511
511
767
43
269
256
43
269
256
21
259
1023
1791
57
281
256
39
273
256
13
257
491
496
752
37
269
768
47
273
256
47
273
768
37
781
768
992
-771750465
-771749954
-771749449
1021
1498
1519
1775
15
261
768
23
777
768
31
783
256
41
787
768
49
279
768
51
791
256
37
785
768
13
771
501
-469761042
-469760047
-469759536
-469759509
263
256
39
781
256
45
781
768
47
273
256
29
263
256
27
777
768
39
783
768
51
789
256
59
1559
59
789
768
43
271
256
15
769
1023
2046
3067
995
2018
2275
768
21
773
256
31
269
256
41
273
256
47
275
256
41
271
256
21
261
497
-2762029
23
265
256
33
273
256
41
789
768
51
281
256
55
793
768
41
275
256
15
263
1023
2030
-269161020
-1443565712
-1443564689
-1443563684
-1446062279
-1446061786
-1446060763
-1446059995
25
781
768
511
767
55
785
768
57
785
256
41
779
256
511
-920084
-919597
-919086
-919041
791
768
55
1051
61
541
53
281
256
27
269
256
-268630563
-268629562
-268628539
-268627766
256
29
267
768
39
273
256
49
277
256
51
273
768
37
269
256
499
1010
1521
-436205117
-436204606
-436203607
-436203096
-436202609
-436202098
-436201315
768
19
773
493
1516
1549
275
768
39
789
256
47
791
256
45
277
256
27
269
256
-268434988
-268433965
-872412776
-872411753
-872411497
51
281
256
55
793
256
43
277
256
17
263
3030
4053
4134
519
163
1063
219
261
501
1509
3893
-1040185944
-1040184921
-1040184656
256
491
1514
1539
777
768
35
783
256
41
275
768
45
787
768
35
271
256
9
-2504231
-2503208
-2502719
-2502208
-2501721
-2501210
-2500699
-2500656
785
256
53
275
256
49
789
256
33
265
256
2030
-1840168
-1839911
1977
2472
2983
3998
256
25
785
768
39
781
256
3
773
768
23
265
256
37
265
256
45
1035
27
769
768
15
257
256
511
768
27
261
768
33
775
256
37
779
256
29
775
768
509
1001
2024
2947
4971
5994
7017
7785
11
261
25
265
256
11
257
21
263
768
9
257
-369098256
-369098203
273
768
41
781
256
19
257
256
17
259
39
273
256
43
275
256
35
781
768
13
769
21
773
256
27
265
256
29
781
768
31
269
256
31
265
256
511
19
259
256
27
773
768
29
265
256
33
777
256
25
261
256
511
256
25
259
256
31
775
256
37
779
256
41
779
768
33
265
256
1023
507
511
1000
1511
1538
265
768
33
779
768
37
781
256
33
267
768
13
257
511
1508
2019
2526
509
-1969727
-1969471
31
785
768
5
485
996
1507
2018
2529
3040
4063
4574
5081
3036
-201322574
-202505830
-202505037
256
37
279
256
11
265
491
-268368419
-268367908
-268367652
47
789
256
49
789
256
35
273
256
1015
-637530232
-637529723
1023
-1107294799
-1107293776
-1107293520
25
265
-4209682
-4208681
-4208170
-4207402
31
779
768
39
785
256
49
279
256
51
793
768
45
789
768
21
775
1011
495
-921637
-772672608
-772671585
-772671550
277
256
11
259
1023
2046
2073
783
768
1007
-268569641
-637667385
-637667332
785
256
31
263
256
999
1510
2497
4515
5538
6327
256
59
1047
53
789
256
33
267
768
487
1510
2533
2586
791
768
55
279
256
43
273
768
17
769
997
2020
2531
3042
3303
256
21
777
768
31
269
256
41
277
256
49
791
768
51
281
256
37
273
256
13
511
1022
2021
2532
3039
913
259
271
931
1560
955
538
979
536
49
277
256
37
781
768
1021
1023
2046
-1773848
-1773805
273
256
49
785
256
47
785
256
27
263
256
511
560
281
256
55
281
768
37
273
256
7
-335939634
-335938635
-335938124
-335937868
39
269
256
47
273
256
47
269
256
35
779
256
-336331315
-336330292
-336330279
257
256
21
263
256
31
781
768
39
785
256
45
787
256
49
273
768
29
267
256
-335543340
-335542829
-335542061
49
281
256
39
277
768
17
265
256
1023
2042
1003
2026
-1979708518
-1979707499
509
1001
1512
-254450764
-254449751
-251403376
1008
427
2003
3026
4049
4832
256
1001
1512
2513
3024
4030
1008
1264
35
785
256
43
789
256
47
789
768
31
781
256
-536869962
-536868939
-536868448
-536867425
-536866657
51
279
768
53
279
256
41
787
256
13
261
1023
2046
3045
4068
5087
509
489
1000
1015
773
768
23
265
768
33
785
256
43
279
768
51
279
768
51
793
256
35
785
256
9
-268434980
-270145082
-270669386
-270669130
33
781
768
45
787
256
53
793
256
57
281
256
43
273
768
17
769
-167772138
777
768
47
779
256
49
271
256
45
267
256
29
771
1504
1007
-1185321
-1184553
47
779
256
33
773
1023
1510
2533
2789
35
269
256
45
785
256
53
277
256
49
275
768
31
777
256
511
1022
1527
1019
273
256
43
277
256
49
793
256
49
793
256
29
783
768
1953
2976
3481
509
-265065737
139
539
195
503
1384
-838859343
-838858832
-838857823
511
1022
1799
256
511
1514
2025
3048
3315
256
31
261
256
485
1508
3530
3786
9
-402652210
-402651699
-402650676
-402650420
29
779
256
37
269
256
47
787
768
45
785
256
29
779
768
1023
2026
3049
3326
768
45
281
256
45
791
256
33
275
768
9
1017
-1314333
-1313336
-1312313
-1312044
768
31
265
256
511
1004
-1577512
-202903636
-202902613
-202901612
-202900589
-202899067
-739178144
-3792630579
-6074331075
-6074330564
-6074329555
-6974486
-6973478
-6971697
2535
2572
273
768
35
273
256
19
773
-1053718
-1053705
261
256
23
781
256
29
785
768
37
277
256
41
789
256
31
273
256
9
-469762058
783
768
37
781
256
21
259
1023
2046
2814
53
281
256
49
281
768
31
783
768
511
1534
2542
4060
4571
5594
6617
8108
11620
12131
12387
11
-234880554
-234879531
-234879046
-234878023
-234878002
265
768
31
271
256
37
277
256
45
279
768
47
791
768
35
785
256
11
773
511
767
21
269
768
31
787
768
39
789
768
45
793
768
37
275
768
15
777
256
1023
1534
2041
1023
1290
256
1023
-1317420
-1316909
-1316141
51
797
256
49
283
256
37
791
256
11
261
1023
1296
256
45
787
256
49
791
256
39
275
256
17
773
1023
1812
256
45
281
768
51
797
768
47
281
256
25
783
256
483
994
1505
1761
31
781
256
7
1023
2019
2275
3
259
256
15
261
768
21
265
256
31
265
256
41
783
256
59
1045
65
1047
61
279
256
47
783
768
7
1013
501
1017
-1050650
771
1539
768
23
769
499
496
1513
256
507
2039303
505
-268305173
1021
779
1007
2018
-268303386
-268302875
-704509507
-1409151616
-1409150593
-1409149570
-1409148561
1011
1003
2026
3534
4557
5560
6071
-2232944
-2759831
-2758808
-2757807
-2757296
-3677904
-3676881
-3676402
-3675891
-3675870
769
-1443234844
529
59
273
256
37
779
256
1023
1796
768
33
265
256
41
269
256
51
785
768
51
785
768
35
265
256
-788518
-787495
-787239
21
265
256
31
781
256
41
277
256
53
791
256
57
791
256
43
273
256
15
773
-4867106
-4866850
27
263
256
-2237991
-2236990
-2236479
-2236223
29
781
256
41
787
256
51
791
256
55
793
768
43
789
256
15
261
1023
45
281
768
55
797
256
55
797
768
39
791
768
13
261
1001
1512
1797
256
59
1053
53
281
768
29
269
256
493
986
1007
2030
2531
1015
501
768
49
273
768
45
785
256
21
773
-1840660
-1840389
1021
257
768
3
773
256
9
263
256
17
781
256
25
787
256
37
281
256
51
799
256
61
549
63
1061
47
285
256
17
779
768
999
2022
3043
1003
2026
3049
-322614
1023
1791
43
787
256
57
1049
65
1053
75
541
67
797
256
37
269
256
1023
2046
3045
3556
4579
-1852028
-1851517
-1851024
495
495
-268962855
-268962599
45
789
768
53
1561
61
1053
59
283
256
39
275
256
501
1502
2525
3010
4033
5036
5547
6570
6826
45
277
256
53
793
256
51
793
256
31
783
768
-1509948982
-1509948471
-1509948428
797
256
49
289
768
43
797
256
25
785
256
997
1508
2283
256
21
781
256
33
277
768
41
285
256
49
285
256
47
797
256
25
783
768
13
259
256
23
267
256
35
783
768
43
789
256
49
283
256
51
793
768
33
271
768
1023
1810
256
43
281
256
53
545
61
1057
53
799
256
29
273
256
511
1022
1795
256
27
781
768
35
273
768
47
279
768
53
791
256
45
789
768
15
263
953
1054
983
267
538
999
257
1025
35
777
489
1000
1511
1548
277
256
51
797
256
57
541
49
795
256
21
777
256
503
3540
4537
5048
6045
6556
-914040
-913529
-912526
-912015
-911759
19
267
768
33
273
256
45
789
768
51
279
256
49
277
256
29
779
256
-5655386
7
773
768
15
267
256
27
783
768
37
791
256
45
283
256
55
1055
55
285
768
35
789
768
7
-234880042
-234879019
-234879002
259
-3154115708
-3154115227
-3154114716
-3154114235
-3154113724
-3154113691
269
256
15
773
487
1510
1559
799
768
51
799
256
39
281
768
15
777
511
-1946155639
-1946154616
-1947732624
-1947732119
-1947731096
-1947729592
-1947728569
-1947727801
3
259
256
9
263
256
17
269
768
25
275
768
35
793
768
47
797
768
51
799
768
45
285
256
23
273
768
9
769
256
19
773
256
27
781
768
37
787
256
47
793
768
55
1565
59
287
768
45
791
256
21
261
-1975879
-1975618
256
37
269
256
45
273
256
51
785
256
45
271
768
23
769
511
1512
2535
2584
799
768
23
783
256
1023
1534
-656920
-655923
-655412
-654413
-653390
-653109
256
35
271
768
1023
-526871
-525868
-524845
-524068
256
21
785
256
35
279
768
45
285
768
55
545
59
1571
55
801
256
37
279
256
11
-436206612
-436206563
789
256
53
789
256
49
791
256
35
265
256
1003
2026
2282
31
785
256
5
495
-1313333
-1312822
-1312781
793
256
49
793
768
51
285
768
39
277
256
13
-1316374
-1316321
789
768
59
793
256
51
789
768
31
777
768
1023
1534
1817
256
33
277
768
7
-2893883
-2893372
-2893347
781
256
37
787
768
45
793
768
53
795
768
45
281
256
25
783
768
-1052182
-1051397
768
45
277
256
53
281
768
55
793
256
43
789
256
19
773
511
554
283
256
47
285
256
41
793
256
19
781
256
495
-1445409
-1445398
263
256
21
267
768
31
275
256
37
277
768
45
795
768
43
281
768
29
787
256
3
1023
1534
1813
256
49
795
768
53
285
768
45
281
768
25
269
768
1003
2026
2049
269
768
992
1775
3
261
768
11
779
256
21
785
768
31
789
256
39
285
256
45
797
768
39
281
256
17
269
256
1015
2038
2071
273
768
45
279
256
55
1565
59
545
57
283
768
35
269
256
485
1508
-9472605
-9470559
-9470506
291
256
49
291
768
29
281
256
7
1023
1534
2557
3580
-268430896
-268429873
-269218369
-523013235
-523012212
-523011701
-523010678
-523009655
-523009399
45
779
256
55
1549
63
1043
61
781
256
41
265
256
1017
487
998
2021
2277
15
261
768
29
269
256
37
277
768
49
793
768
57
795
256
49
793
256
25
777
256
495
-5392489
5
257
256
13
777
768
21
269
256
37
789
256
45
793
256
53
287
256
49
285
256
27
785
768
487
1510
1995
3018
3507
4018
4019
769
768
9
773
768
15
777
256
21
783
256
33
789
256
43
283
256
49
797
768
47
285
768
31
273
256
511
1534
2557
2594
789
768
43
793
768
47
797
768
45
793
256
27
781
768
997
2020
3043
3299
41
279
256
41
277
256
25
779
768
959
1470
2469
2980
3975
4486
4997
6020
6281
256
25
775
256
31
781
256
39
275
256
49
793
256
53
285
256
53
283
256
39
277
256
19
261
41
789
256
41
785
256
21
263
-301988897
-301988641
29
789
768
37
283
256
45
287
768
47
799
256
37
793
768
13
777
497
21
265
768
31
785
256
41
281
768
49
797
256
59
1057
53
285
256
31
275
256
485
996
1252
15
775
256
25
783
256
37
275
256
43
279
768
41
279
768
27
783
768
1013
1032
273
768
29
789
256
41
283
768
51
289
256
57
1059
53
801
768
31
277
256
3
491
1514
1549
787
256
41
279
768
49
283
256
47
279
768
27
783
256
995
2018
2039
269
768
33
789
256
43
281
768
49
797
256
45
793
256
21
271
256
1015
-805830229
-805829206
-805828695
-805827920
768
35
267
256
41
271
768
43
783
256
39
779
768
1023
768
27
789
768
37
281
256
49
287
768
53
801
768
45
285
768
23
271
768
995
2018
2529
2590
541
43
275
768
17
771
1023
1534
2535
267
768
23
273
768
35
281
256
47
287
768
53
801
256
53
801
768
37
793
256
11
