35
81
81
90
106
88
91
92
81
91
86
79
98
103
54
83
97
75
84
91
80
102
84
110
92
98
135
96
93
65
86
91
88
86
115
105
93
79
99
100
89
64
81
107
72
86
83
76
103
81
87
83
75
102
73
75
83
78
85
75
84
79
94
79
105
97
97
84
91
90
94
78
70
82
76
85
67
82
87
62
95
68
75
64
91
83
129
98
113
79
72
79
105
118
98
108
85
83
115
78
83
81
83
88
93
83
80
102
68
90
105
66
110
85
85
92
91
79
92
101
92
69
64
76
96
93
94
120
79
91
66
102
81
64
101
71
80
78
99
80
90
79
78
92
76
73
79
96
79
83
76
103
99
77
84
84
97
100
67
75
88
86
89
68
77
95
104
89
83
90
91
81
97
87
98
81
78
73
74
105
65
82
65
104
95
83
88
70
98
83
93
85
74
79
121
75
100
87
78
71
75
120
127
93
62
52
113
83
73
122
73
68
70
71
68
83
81
50
83
62
76
86
80
87
107
71
111
83
99
71
95
98
71
88
126
73
68
68
89
91
93
88
84
101
94
83
86
83
82
89
64
89
79
95
87
86
75
75
82
89
80
81
101
70
66
97
93
98
85
84
84
101
91
87
84
78
95
85
86
83
95
98
80
99
68
87
83
79
117
105
86
76
85
79
87
102
88
79
95
76
78
87
52
95
88
75
102
72
108
91
97
120
89
93
45
102
86
95
84
89
71
103
70
93
59
98
64
93
67
142
96
99
86
93
103
75
100
87
109
82
82
81
80
90
70
78
84
83
79
70
75
80
96
72
117
82
90
79
89
70
69
83
91
106
80
85
94
93
85
80
80
100
85
83
100
91
73
79
72
80
85
97
65
101
92
89
80
95
95
53
122
77
91
93
65
69
81
112
82
88
88
87
99
74
89
85
107
69
76
84
114
66
104
82
82
66
86
71
88
97
78
70
82
87
77
102
115
87
80
117
64
85
88
77
108
77
63
107
104
80
98
67
84
64
81
125
81
101
105
85
84
67
94
80
90
91
88
81
80
66
74
79
93
81
85
117
81
86
109
101
87
86
98
82
70
117
69
102
90
92
84
72
107
76
89
80
81
84
118
94
86
122
75
86
87
88
98
92
92
89
86
94
83
78
94
95
57
94
66
83
85
110
76
73
90
81
76
84
98
102
91
77
82
127
104
89
93
87
93
96
77
74
85
68
99
88
77
90
105
85
108
100
91
86
84
89
98
90
82
79
82
114
122
98
67
75
84
91
92
108
81
71
79
98
82
87
90
76
91
87
77
88
94
85
67
89
77
81
81
81
70
95
70
74
87
82
87
76
82
109
96
94
87
95
75
98
85
87
91
90
84
93
79
96
77
100
98
89
82
86
83
84
90
90
81
84
112
98
65
95
69
69
97
77
63
81
81
67
112
93
98
139
96
70
85
84
86
106
85
96
84
85
67
115
91
91
106
70
70
74
98
84
99
110
78
74
74
78
77
74
84
96
92
91
84
62
106
69
81
66
86
107
94
83
83
83
93
76
91
91
83
90
90
93
101
86
88
88
75
76
88
92
90
72
66
92
92
94
92
80
96
79
75
87
97
82
71
80
87
106
80
87
91
70
78
80
73
92
77
92
76
80
94
85
51
93
81
91
99
79
105
106
85
90
97
66
90
96
92
93
99
95
94
118
93
96
85
105
84
86
88
80
97
83
89
100
80
69
80
98
83
92
85
99
96
77
73
131
93
82
98
90
81
87
95
79
91
76
81
78
90
86
85
107
94
94
93
89
94
76
108
63
89
94
80
95
76
83
119
82
87
97
91
89
80
74
89
111
85
69
113
76
91
83
104
90
82
94
89
84
109
81
82
70
84
94
84
83
69
83
92
81
87
87
68
78
83
81
93
98
77
78
119
75
101
69
82
84
51
102
85
85
93
84
89
82
87
92
77
94
88
71
100
90
69
92
97
92
92
104
77
74
81
107
72
84
87
96
89
75
96
68
82
97
84
93
92
77
103
81
68
113
95
92
76
71
80
73
119
73
75
81
78
82
86
78
65
71
88
76
100
100
80
74
85
99
83
90
95
80
87
65
122
91
87
96
86
96
64
85
101
93
90
80
90
93
88
107
58
101
85
93
83
90
88
82
107
81
106
92
89
82
80
101
76
65
93
72
93
57
113
83
119
80
92
73
100
77
91
97
91
56
104
93
85
84
88
70
66
85
61
130
87
86
71
86
78
86
89
71
85
92
88
86
70
94
97
69
119
67
65
66
71
88
67
81
82
85
87
82
92
84
80
93
58
93
57
86
90
87
70
81
65
68
83
80
79
71
72
122
63
76
82
66
76
79
78
102
65
69
86
93
71
83
78
79
65
76
91
66
120
88
81
71
86
83
89
95
78
79
69
50
83
98
70
72
81
92
76
97
108
88
92
91
62
80
71
82
72
64
83
65
92
56
110
92
84
78
84
82
76
101
86
83
73
65
83
113
83
87
82
76
100
86
88
90
81
76
64
72
95
64
60
113
68
87
94
84
88
95
59
85
89
87
74
63
88
79
83
82
78
109
69
90
123
70
83
92
81
83
69
78
81
62
75
64
95
103
83
58
106
59
76
99
58
79
85
89
97
95
89
83
75
71
81
74
77
64
84
90
90
90
87
69
57
78
71
71
91
95
105
66
78
110
94
102
83
73
77
80
84
92
60
83
88
67
86
62
69
93
86
55
92
84
61
73
89
75
86
65
79
64
85
56
99
82
90
104
85
95
92
78
102
83
84
55
83
81
79
99
53
89
87
76
81
50
94
55
80
62
80
88
87
61
77
57
84
81
100
68
110
56
101
78
88
94
99
105
88
93
101
65
73
77
79
93
85
57
108
54
101
83
78
92
78
63
92
57
107
81
100
93
65
69
87
93
85
92
59
130
53
111
53
78
88
75
82
83
76
75
111
58
124
53
109
82
82
59
81
54
96
48
103
88
87
99
72
74
95
82
67
79
110
93
96
52
91
76
57
90
86
73
101
64
111
58
125
60
79
65
61
51
72
77
76
69
93
58
104
75
85
86
86
83
67
73
83
96
89
97
55
88
87
59
89
59
115
54
104
71
69
65
104
55
93
87
93
87
81
93
89
80
74
91
75
87
94
106
93
94
72
103
58
85
92
95
88
85
76
63
97
57
91
90
99
102
65
91
59
86
89
87
56
96
69
87
59
78
56
83
88
84
86
86
94
89
91
80
104
86
93
86
70
75
97
76
70
89
85
86
85
86
89
81
62
85
91
87
84
88
49
77
127
76
90
83
75
86
77
60
83
57
97
55
113
75
98
74
102
59
77
81
96
91
84
65
78
78
95
58
77
107
63
65
116
58
95
54
95
70
66
100
78
86
53
99
55
84
59
96
77
98
92
57
119
58
80
75
82
82
70
67
85
58
97
62
107
90
82
93
88
87
66
65
106
79
77
82
78
104
88
78
90
63
79
57
75
70
87
84
96
104
79
65
90
57
94
74
90
82
66
81
80
80
85
107
73
83
87
95
85
77
85
99
57
98
55
71
67
94
57
121
105
62
97
58
96
57
117
65
90
81
91
82
78
78
90
55
90
50
95
78
67
78
94
71
91
57
91
60
84
100
72
79
97
86
89
90
69
75
99
87
89
88
64
120
71
81
93
85
76
78
85
90
91
93
67
71
96
94
55
89
55
78
75
83
62
82
57
104
70
81
88
94
82
70
108
56
82
82
75
74
88
86
85
76
65
109
75
84
72
71
82
102
59
109
79
75
98
94
63
86
100
123
88
99
98
60
87
56
79
82
81
91
89
82
72
65
80
88
84
64
69
84
50
91
66
95
59
91
83
68
85
88
87
84
68
79
64
79
86
79
80
88
71
86
78
82
60
91
77
82
87
80
62
85
55
53
74
66
85
81
48
35
34
33
33
35
33
34
34
35
104
42
106
63
77
88
90
70
85
76
79
83
73
70
87
83
72
77
82
76
60
86
96
82
86
75
80
90
101
85
105
81
85
79
59
72
82
68
77
74
90
80
86
68
87
86
71
72
75
89
73
77
90
90
75
81
80
70
72
95
66
85
70
66
86
84
54
72
84
73
55
90
79
94
53
81
52
91
93
74
83
72
75
84
75
82
80
67
62
83
89
84
78
57
82
83
65
84
97
63
88
64
90
70
85
64
74
63
77
94
65
78
88
83
73
71
87
70
93
89
77
61
85
78
61
58
70
105
88
95
83
93
66
82
81
91
77
75
93
88
90
97
80
64
75
71
95
71
78
91
70
69
79
74
72
67
99
81
62
67
84
60
61
90
85
86
77
68
68
77
71
82
78
66
82
89
75
65
56
61
78
72
88
95
84
78
94
73
84
92
85
84
83
91
80
82
71
65
72
79
77
89
75
94
63
65
64
64
72
75
65
58
66
91
87
78
81
62
73
83
83
65
76
82
85
73
77
86
68
64
73
107
95
99
60
81
82
73
88
77
98
77
74
79
81
56
57
118
63
72
97
91
62
69
74
70
54
62
75
69
71
74
73
58
55
58
62
77
59
67
51
78
83
82
88
67
80
81
79
70
81
79
63
79
84
60
77
84
71
79
66
66
66
73
60
69
81
83
74
61
60
94
80
61
74
82
76
74
83
68
78
63
84
80
56
74
66
66
81
62
67
78
79
79
80
95
85
85
84
78
63
69
73
76
72
63
68
58
63
73
80
69
80
78
65
70
78
64
79
74
67
54
96
54
104
59
56
67
86
53
80
96
102
70
75
81
82
63
73
60
53
70
79
66
86
86
93
66
84
90
71
68
58
75
78
64
87
86
84
116
81
86
89
72
68
65
94
73
78
82
71
69
67
63
72
53
84
71
78
71
78
90
87
82
66
60
55
74
106
65
70
60
74
86
94
78
70
71
80
76
83
63
83
59
60
69
93
59
74
71
100
81
99
60
84
78
66
74
64
66
56
86
63
100
76
86
58
90
70
71
79
100
78
73
84
91
102
90
73
82
91
74
71
78
78
82
100
66
95
65
76
81
83
65
52
71
95
77
77
78
76
68
65
90
67
71
83
83
64
87
79
71
82
98
79
88
71
74
59
80
74
85
87
78
81
81
86
92
106
71
61
93
70
75
64
72
74
81
77
68
80
78
81
76
77
79
72
80
79
85
84
85
83
85
91
87
60
56
67
61
83
59
79
72
85
83
82
81
73
74
74
55
72
58
80
73
92
72
82
92
74
81
75
71
62
87
59
85
74
72
71
79
62
62
65
80
85
94
81
73
76
92
82
77
73
64
94
85
72
77
82
83
90
60
100
68
76
82
74
78
88
58
78
80
58
65
74
64
73
77
68
79
84
72
72
79
56
93
50
90
86
77
91
66
70
67
85
98
75
83
80
58
58
70
89
63
76
81
84
76
66
80
85
83
82
84
86
59
91
72
78
82
51
92
60
68
76
70
55
83
94
60
77
78
76
68
89
72
82
60
98
110
76
78
62
62
83
58
84
84
76
89
73
81
83
65
82
51
80
66
81
82
73
70
71
87
90
68
83
79
65
74
85
82
58
68
77
66
72
82
85
62
102
88
82
101
67
77
85
82
80
65
70
63
65
59
80
86
81
111
79
84
101
86
72
64
72
77
63
68
73
67
93
97
83
65
101
81
76
72
83
84
96
56
97
69
59
86
71
77
80
92
64
87
81
60
77
83
69
80
84
98
84
79
74
52
76
64
80
65
67
55
93
76
82
86
86
67
81
55
78
79
79
82
86
76
70
54
88
94
93
82
70
74
66
79
83
84
54
95
87
63
75
85
78
66
90
85
84
93
91
66
78
55
77
69
89
79
67
64
63
77
79
98
66
81
52
128
72
58
107
74
84
53
103
79
86
82
60
67
55
102
53
83
95
65
73
53
82
54
120
66
82
87
66
74
53
103
75
58
97
54
81
87
79
78
85
55
73
54
114
80
92
52
98
72
84
53
81
81
92
54
83
76
60
51
76
54
113
64
82
83
81
56
86
53
92
84
63
81
60
108
87
76
83
80
84
67
99
74
87
82
90
54
80
95
61
97
72
106
92
89
76
85
81
87
57
88
56
77
67
94
68
71
72
67
57
93
53
88
121
61
81
54
87
82
97
67
75
54
86
54
93
71
85
82
77
68
78
54
98
64
85
84
72
79
80
95
94
89
89
89
77
79
86
84
69
67
94
77
82
56
80
65
82
82
87
78
90
53
86
87
64
70
56
107
89
86
78
83
54
73
56
89
114
85
84
63
75
86
70
80
88
58
81
84
72
54
82
54
73
71
94
55
87
73
73
83
82
82
89
52
82
55
83
52
94
55
72
59
110
53
79
79
80
58
55
104
87
83
55
74
75
75
82
85
55
86
53
83
83
75
85
60
78
66
71
52
74
90
83
80
