65
98
97
97
97
98
98
97
98
99
97
99
46
64
90
97
97
98
96
99
97
98
99
98
98
97
99
96
98
98
48
66
88
98
98
99
98
98
97
98
95
97
97
98
99
97
100
100
99
100
100
100
102
98
48
65
90
97
100
99
100
99
101
100
100
100
101
98
100
99
99
99
99
99
98
99
98
99
97
98
98
99
97
99
98
98
100
99
99
100
100
100
99
101
98
101
99
100
99
100
99
100
99
101
99
99
94
101
98
98
99
99
98
48
65
90
99
99
100
99
100
99
100
100
99
100
100
99
100
47
65
91
99
99
101
101
102
100
103
100
101
101
100
98
98
97
95
95
94
94
93
95
96
97
97
98
100
99
100
100
100
99
100
100
100
99
101
99
102
100
101
100
102
99
48
66
93
100
102
102
103
101
47
67
95
101
103
102
104
102
102
103
103
44
68
96
102
105
104
105
105
105
104
105
104
105
102
105
51
62
97
104
103
104
104
105
103
104
103
102
103
102
102
103
102
46
66
97
101
103
103
106
103
104
46
67
97
102
104
105
105
104
103
103
105
101
104
103
103
105
103
105
104
103
104
103
103
105
104
43
71
98
104
105
107
107
106
105
106
51
64
98
105
106
105
108
104
106
107
106
105
106
45
68
99
103
103
105
105
104
104
105
103
103
104
102
104
103
104
104
105
104
106
106
104
105
46
68
99
103
105
106
107
106
45
69
103
103
107
106
105
105
103
104
104
104
49
66
99
106
107
108
111
108
106
107
105
105
106
104
104
104
104
103
105
102
105
105
103
106
104
105
55
155
107
105
50
68
96
105
106
108
106
107
107
106
107
107
108
106
47
69
93
105
105
104
104
104
103
103
104
103
104
105
103
104
106
104
106
105
45
70
100
104
107
108
108
50
66
103
104
107
107
107
108
107
109
43
73
102
104
110
108
106
52
66
94
107
107
104
105
106
105
105
104
104
104
104
104
105
106
104
106
107
106
51
64
100
104
107
107
105
108
109
107
108
47
69
102
105
108
108
107
107
108
105
105
107
105
107
109
108
107
46
70
104
104
109
109
108
108
51
67
106
104
109
109
110
108
110
109
106
108
108
49
67
101
107
109
106
109
111
108
109
111
108
47
70
105
105
108
110
108
109
111
110
107
107
109
108
106
107
108
106
107
47
71
95
109
111
109
108
111
110
109
109
49
68
101
106
110
112
109
110
112
110
107
111
113
110
107
52
65
102
106
109
110
110
109
110
112
109
111
113
112
111
112
112
110
112
113
110
108
110
111
110
109
109
111
108
109
110
111
108
110
110
110
108
53
64
104
108
107
109
111
108
107
108
109
107
108
110
107
107
46
71
95
109
111
107
110
111
53
65
106
109
111
54
64
108
108
109
111
111
111
111
111
112
109
49
68
107
108
108
111
113
52
67
106
109
111
111
111
111
109
56
66
105
107
109
111
111
107
109
111
110
107
106
108
108
109
109
111
109
109
110
110
109
112
115
108
110
112
108
109
110
111
111
111
53
68
105
110
113
53
67
105
108
111
110
111
114
48
72
107
110
113
49
68
106
110
111
52
67
107
108
110
112
112
109
110
111
47
73
104
110
113
111
111
114
113
109
112
110
112
112
112
110
113
113
53
65
105
110
111
109
110
112
49
70
105
110
108
111
112
111
110
48
71
107
109
110
113
113
110
47
72
107
109
109
112
111
109
108
110
110
109
110
108
107
110
110
109
111
111
111
46
71
105
110
109
111
113
111
114
114
114
111
113
113
115
111
112
112
53
59
109
114
113
47
71
108
113
112
110
114
113
45
75
97
115
111
112
110
112
48
72
98
113
111
113
110
113
45
76
106
109
112
51
70
105
107
111
110
111
114
113
109
113
114
110
112
112
112
109
110
113
110
109
111
112
109
109
111
113
110
46
74
109
111
111
47
74
112
111
109
112
114
112
47
71
109
111
109
50
69
106
109
110
112
115
113
48
72
108
111
110
111
112
111
111
49
72
108
109
113
51
70
105
107
112
115
111
109
113
114
110
110
113
113
112
114
112
109
111
114
112
47
71
105
111
109
110
112
112
47
73
107
112
114
49
70
111
112
113
50
73
110
111
113
115
114
112
47
75
111
110
111
49
72
108
109
111
116
113
111
113
111
111
53
68
104
110
114
111
111
113
108
113
49
72
106
109
113
113
111
114
52
69
108
109
114
54
67
104
110
113
109
110
110
110
110
111
111
112
108
110
112
109
111
113
110
110
47
73
105
107
110
114
112
111
52
69
108
109
112
49
71
106
107
112
113
112
112
50
71
108
108
112
112
110
110
49
71
107
107
111
115
111
112
54
67
107
109
111
114
111
111
114
111
111
114
115
111
112
114
113
110
51
71
106
112
111
48
70
108
111
109
112
112
110
112
113
47
72
107
110
113
58
60
107
109
111
113
111
111
48
74
106
111
115
57
63
109
112
111
111
113
111
109
113
115
112
112
113
112
48
74
110
111
112
113
116
113
48
73
111
112
112
53
69
109
111
112
116
114
112
113
113
110
112
111
109
113
113
110
111
110
109
109
112
110
111
47
74
104
111
113
110
113
114
53
68
106
112
114
50
69
108
111
113
50
69
108
112
110
51
69
109
109
113
112
113
110
113
116
110
112
114
53
68
107
110
114
109
112
111
111
112
47
74
106
110
114
111
114
116
45
75
109
111
113
113
115
116
52
69
108
112
113
114
115
115
113
115
117
111
48
72
105
109
109
114
114
55
65
107
112
113
112
113
115
53
66
108
111
112
111
113
112
110
112
113
112
112
46
74
106
108
112
113
111
111
52
71
105
108
111
114
111
111
114
112
110
111
113
110
112
114
110
112
113
48
74
105
109
113
112
114
113
52
69
105
111
111
111
112
110
111
112
111
110
113
116
111
48
75
110
112
112
48
74
111
110
111
113
110
111
111
108
110
110
108
109
110
108
112
112
111
111
115
113
111
48
74
108
110
113
54
69
112
110
112
49
75
111
110
111
114
110
112
113
113
110
111
112
110
111
53
69
105
110
115
49
72
107
114
115
113
113
114
48
74
97
114
112
113
110
112
113
111
111
112
54
67
107
112
113
111
115
116
113
48
75
110
108
112
57
66
108
109
115
53
69
107
109
114
112
111
113
115
111
112
114
112
112
48
73
107
109
111
114
112
114
115
114
110
112
112
112
111
114
114
110
112
113
112
111
112
113
48
71
105
112
112
111
116
48
74
108
107
112
113
110
111
112
111
112
113
115
112
114
115
114
115
116
114
112
116
117
114
113
115
112
113
114
116
114
114
48
75
108
110
115
53
72
112
112
116
54
71
110
112
116
48
75
100
119
117
48
75
100
120
116
57
168
113
52
68
102
110
109
111
115
112
110
114
114
112
112
115
114
110
101
115
53
67
105
112
111
112
113
112
114
53
68
108
109
114
112
113
113
114
113
113
113
112
115
53
68
106
110
114
112
114
117
53
69
107
115
114
55
68
112
114
112
116
117
114
114
116
54
69
109
114
117
48
74
110
111
110
110
113
111
111
114
114
111
53
67
110
109
112
112
108
113
113
113
112
114
114
111
53
70
109
110
111
114
111
114
114
114
113
53
69
108
110
115
48
74
107
112
116
113
112
116
116
112
118
53
72
110
114
117
48
74
109
113
116
51
71
107
113
111
108
109
106
105
104
103
104
103
105
106
107
104
109
108
105
108
108
106
108
107
105
107
107
106
107
53
64
100
106
106
108
107
107
109
108
109
111
110
109
110
49
71
102
108
110
108
111
112
52
67
104
110
113
48
72
104
107
111
56
65
101
107
110
106
109
108
106
109
109
108
109
110
108
110
110
108
109
111
108
109
108
53
66
103
106
111
108
109
109
108
109
107
109
110
55
64
104
107
109
110
112
53
67
105
109
109
108
109
109
54
64
102
107
109
111
109
108
48
70
104
105
107
109
110
110
111
53
68
106
109
114
54
66
106
110
112
112
110
112
113
109
111
113
50
70
107
110
113
110
114
113
54
66
110
112
111
110
114
113
54
65
108
111
109
110
112
111
51
68
105
112
109
112
114
113
110
114
115
51
68
106
110
113
47
72
107
111
110
111
112
111
110
112
113
111
48
73
107
107
113
51
70
106
111
115
51
70
107
114
114
110
113
114
111
47
74
108
108
112
112
113
110
111
112
111
109
111
47
74
104
109
112
113
111
110
111
111
109
111
112
113
110
112
113
111
113
116
111
111
112
112
111
52
69
110
111
65
160
120
112
114
45
79
109
109
115
52
69
107
109
113
113
113
114
47
76
106
112
113
57
63
106
111
112
111
114
115
112
114
53
69
106
108
113
49
72
108
108
111
114
111
113
115
112
115
114
113
110
48
73
106
111
109
110
114
110
111
112
110
108
108
110
111
48
71
105
111
111
51
70
109
108
113
52
70
107
110
114
114
111
112
116
113
114
116
51
72
108
112
115
48
74
110
113
113
113
115
114
111
114
114
111
114
116
113
114
115
115
112
117
116
113
113
114
53
67
106
110
109
111
112
110
113
53
67
105
109
112
110
111
49
73
106
107
113
48
76
106
111
114
51
72
106
109
113
112
111
115
52
69
104
112
115
111
113
113
110
111
49
71
105
107
111
113
111
112
114
113
114
116
115
115
116
116
112
115
117
114
115
117
52
72
108
112
115
48
74
107
111
114
55
65
107
113
111
54
68
108
110
112
116
114
112
114
116
112
49
71
107
110
110
112
115
111
110
113
112
110
114
49
74
105
109
113
112
108
112
113
108
110
111
110
111
113
113
111
114
53
71
108
112
116
47
76
107
112
115
51
71
108
113
116
113
113
115
112
110
110
112
111
111
116
112
115
115
116
113
115
114
111
114
116
116
113
114
116
114
113
117
116
111
116
115
111
113
113
114
110
111
114
111
110
112
110
109
110
110
109
109
112
112
111
113
115
114
115
118
116
114
115
114
111
113
116
114
113
116
115
114
115
116
113
113
113
113
111
48
75
111
110
114
48
76
109
110
113
50
73
106
111
115
50
72
106
111
114
112
113
54
69
111
108
111
49
73
106
110
115
49
73
109
114
114
61
64
107
114
116
113
113
115
115
112
115
115
113
114
115
113
113
115
114
113
49
75
111
113
113
47
76
113
112
112
115
115
48
72
107
114
115
48
73
113
110
112
112
113
113
114
114
112
115
50
75
