2028
-259293226
-259292729
1009
-267974691
-267973683
-270472811
-798269646
-1061150974
-1061148987
491
-261512751
-261511287
-260967474
2015
6004
496
3468
989
1452
2969
3973
1008
1503
3467
-304224097
-304223586
-305407885
496
4460
6492
999
-967317650
496
-1179830
-272252015
-272250992
-272250003
261
-2893634
1013
-656916
-671744591
-672927843
-672927347
-259581050
1023
-1410861710
-1410861221
-1410860710
-1410859703
-1421646289
265
1288
1779
2802
-2496317
499
-2499124
-8155409
-268106277
-268105766
-268104743
-1008142459
-1010901835
-6049191
1007
-267975719
-272102128
-272101121
2506
2929
-263196471
4532
6501
2015
2957
495
1008
6896
1040
257
-237511502
-268105763
-268105264
-264379967
-903025794
-903025301
1008
2474
-266632750
1995
-538842954
497
-268106275
-268105256
-268104233
-269024861
-269022382
-260342846
-9998546
-1478368648
-4998843
-4995829
2427
-260440618
477
496
-1734297732
-2438940325
-2438939832
1008
1499
1008
-1180847
1501
-1708087
-1706117
496
-516661394
1511
5389
267
-1709340
-2497359
-803923529
-1777001593
-1777000570
-2037045947
999
4486
6427
3433
259
-7234954
-7234443
-7233432
-262936667
1007
1490
-785955958
-785954498
1009
-1953128200
-1953127735
-2210195798
-2210194805
259
-275803520
-801744854
-819640515
-1960490264
-1960489241
-2224083325
-264138801
-264137838
-264136815
-301988410
-305934452
-310405343
-312640804
-313879420
-313878925
3455
-515604592
-515603095
-515602073
-2778453674
-515738857
-515737359
496
-258530904
-258528926
2507
4469
-789522
-789079
-787049
3421
779
-787723
-267579927
-267579440
-269620806
-269619783
-269619272
-271855735
3439
528
-787988
-786977
499
-1097566339
-1049679
-1048667
1001
-656428
1013
511
1512
2535
-2760278
-2756795
-2754811
491
1503
496
2959
261
-787849
-787338
497
499
-9076908
257649209
255414749
255415762
-526416973
1488
-259050565
-259049564
-526520121
-260177958
1003
-260308543
-261489735
-262014043
-262013020
-262010529
1003
2003
3989
-258386517
1008
-1610609815
-1375730303
-1376649892
-2115633931
-2115633420
-2115632925
1008
1499
1008
-525926186
-767826547
-767825524
-2042893031
-268239403
-269554274
1507
-525669550
-265427096
-260439102
-523981399
-258503840
259
-919829
-1615703809
491
2512
6477
1015
1008
2031
-6841051
-6837583
-6833644
-10122293
-10121782
-267972182
-536406654
-550616277
-6446734
-267842595
-267842104
496
-1051205
3347
-309815
-307307
-261379617
-261377672
991
3495
1752
783
-8288902
-3816058
-3815035
-3814539
-3812074
2019
-265949383
-787314334
1970
483
-525683793
463
2974
-522468609
-522467657
475
-259036222
475
-263722122
-263717137
2023
-905966695
-911547152
-911546147
3479
3970
-527531126
2015
-335546916
-257738295
-257736835
501
499
-263458912
1501
-261121571
-261119605
-1312784133
-1321598349
499
-724884219
259
1282
2305
3328
-939519794
-3111999539
503
511
1534
4572
-2232395
-2231372
-2230861
-2229838
-2228847
771
-778725807
-779382723
-779381700
-781486585
3005
4011
5965
6448
-258792047
-258790075
999
1997
-262410364
-262408451
-605425503
1505
-260074013
-517809832
2497
4969
6945
1509
2020
-1708120
-1706621
-1704133
-263980501
-263978985
-778665641
1290
505
1510
2533
3034
503
-8158389
-535888698
497
1011
997
-473312390
-474758829
-474757328
-474755850
-266631208
1505
1519
2010
496
1972
991
2516
-3155039
-4865156
-4864133
-4863634
-919088
-268172308
-268171797
-268170774
-268169279
-268168796
1504
1995
1470
783
511
-919573
-919062
-1839658
-260482670
2498
3521
499
3504
6494
2910
1452
2028
-1181726
-787844505
-787842556
-265182255
1008
6433
3992
-1051927
-1050920
-4471171
-4470215
-201325088
-201324583
-671744089
-672533099
-672532608
496
1495
1501
-261230634
-268348012
-268346989
3467
6953
-1612440618
-1614020185
1023
1534
-1313321
-1312832
5049
-783449
-782954
-515325071
-257871422
-713783
-712770
496
4478
5501
6524
-536272041
-538113255
-797150711
-1314836
-1314325
-269748787
1008
-1971255
-5128314
-6574397
-73681756
-1350064571
-1354012687
-1354011664
-1354010641
-1355719243
-1623142513
3528
501
1013
1023
2018
-528781930
1008
-335542330
-335541307
-604765280
-605159030
-605158007
-5101451121
-5568205816
-5825681999
771
-919337
-6444411
-532923853
-259978796
-259977773
-259977284
1507
-265164906
-265156564
1488
-528518754
479
-369097778
496
3516
1005
1008
1519
-4208233
-266424015
-266423014
-896860232
-259713107
2516
4010
5011
-258323053
-258322062
-258319087
-258513506
2004
-526473413
-790652249
-790650238
-790649759
1490
2001
775
-1709852
-273628557
-268043864
785
1568
-920104
-301988390
-301987403
-301985923
-260795508
2021
4970
257
-268499246
1009
1008
-568487555
-568483069
-568482584
-1315392
-202640976
-202640465
-202637480
1507
1503
4495
8394
777
-268433665
-268433154
-603976982
-603975959
-603974936
-603972910
2003
4468
5875
-261085668
1523
2034
3487
957
-1181766
-2493165
-794862153
-1499504254
-1499503231
-1499501195
-1500157597
-1500155158
-1314584
-1313585
-1310604
-2626475
-2625964
-2624941
-2622947
2010
2023
-1677719896
991
257
-394013
-12499922
-12499411
-12498403
-12497380
-14732811
-14731806
-14731295
-14730272
-14729771
-276859151
-276858640
-276857643
-560128610
-1577056605
997
257
-1709858
-1709347
-1707852
1482
-259030573
-259950657
-259949634
-259945636
-258367639
263
-603978561
-606345586
-610160091
-1281247768
-1281247257
-2423019121
-2682991988
-785473656
1462
2996
265806489
499
-537004636
-537003613
-772935334
-772934317
1008
-264920682
1008
1008
2992
496
2015
3006
2031
3039
-1052172016
473
1493
768
167
779
985
377
1643
901
2185
1286
1282
1794
783
1017
1796
1796
1798
1802
271
1019
771
256
496
965
3435
481
-202376325
-202375324
-202374301
-202373278
-202371309
-1074924719
-1074923696
-1074922673
-1276247270
-656522
-656011
-655520
-261418860
469
1971
1008
1023
2543
-201850436
-918217
-261620823
496
5450
-1476388675
767
991
773
1044
1007
-116916811
-386270836
469
1996
2030
-267286094
2506
2023
1008
2445
4489
-270598878
-270597855
-270595341
-270594840
-536869921
-536869428
-803234458
-1070629300
-1070628277
-1274058422
499
-269158989
-529993874
1008
4960
1503
3200
993
771
1270
495
-268106277
-268105274
992
3481
5490
6481
992
1997
1008
2476
4442
259
762
1015
-259026086
1794
-523536
-265035616
1007
487
-260175953
1023
3032
5040
495
1023
-268474461
-1447985
-2367527
-527639218
985
-325095007
497
1023
1534
-503311462
-503310679
997
277
778
1009
-394277
-393254
-391730
-266609753
-260078637
-260076160
-262803090
1497
1008
3039
3530
496
-1315360
-1839666
-1837749
769
-2632518
-3947872
-272030602
1442
1234
1023
1512
-571212848
-1365140724
257
-918844
-918345
-2891114
-2890617
-527467096
-527466073
-527464561
3683
-784813
-5520397
-777271368
-777270857
-978595481
-259300112
991
257
-2367801
1011
-536278569
-537988703
-1068084436
5817
-270129876
-270128419
1011
1023
-709379255
-709378232
-709377217
2519
-257591006
-257587514
-258896413
-258893460
496
509
1008
2017
-9866422
501
-268564153
-794378991
511
1519
2494
5518
497
-785305765
-262017599
3039
4044
1008
3461
496
987
496
-1094508311
-1094507800
-1442838627
-2247617194
-5032634677
-5032634166
-5562663341
493
1522
1008
2468
-1050675
-1049672
-1048649
-4072609
-5123268
-5122030
2030
-261778465
-261776510
496
3949
4916
-460247320
1015
-782703611
2942
3929
2011
-1313339
-1311326
-1308839
991
-260202017
-260199564
-260193633
259
1272
2279
3290
-1478232038
-1478231547
1008
2017
-268172310
-405020763
-405019754
-671866271
-638582973
-3816062
2540
3563
-1180220
-1178299
771
-1181969
-1181480
-1180457
-270931310
-272640432
261
-656177
-655692
-260702782
1008
3993
1997
1008
2031
2536
503
501
-1711170
-175798452
-969831706
3922
5441
6897
496
927
-7235855
-535295351
-11576734
-11571794
-1970487
499
1007
-267316771
-267315770
1008
1497
1008
-525623900
1023
-260108872
-260107869
496
-258697921
1279
1502
259
-274554815
-274553792
-274553281
-945641464
1008
5958
-258511736
-526215798
769
1280
-1345726864
-1345726399
-1345725376
1984
-7760110
-7758648
1019
-3156569
-2017211106
-2352757510
991
477
1994
2021
501
-1049592674
-258792050
511
-258110105
2784
-1183766
-1182763
-7890634
-655396
-654373
-671742018
-671738022
-675157743
-236327984
-236326532
-236326023
-237114519
-765699869
-518831223
2380
3505
-907280579
-1570410689
-1572777752
1501
2010
4005
4998
-369097268
1008
1497
1008
-789814488
1008
3937
1505
1008
3023
4995
1003
2019
-234878017
-500310741
-787511
-260174454
2516
999
3997
1519
-234877039
-234876016
-234875005
1009
-267843109
-268629597
-266346078
496
2011
3977
4468
-651445
-261970746
1013
1009
-268172822
-268698674
499
4427
769
-2103639
-3943319
-6172814
1008
3030
3024
2935
-268564654
-1845621251
-1846413438
-2387756348
-2389257076
-2389255072
-2397940819
993
2761
1005
-268105253
-268104230
-269023819
1008
3198
1013
501
1015
511
1502
4926
5949
-671869687
-671868686
1008
-1712194198
-1712193187
1011
1005
1008
-1709125
-262281258
487
1471
4534
-605683882
-408443566
-410150697
-682860492
-682860003
496
1986
-258395332
1009
1008
-1077950120
-1614031070
-1614030047
-1614950133
-1884830551
1008
-656418
-2366023
-2365522
1023
2036
1518
-258136632
1488
-301988900
1008
2001
3457
-259944987
-259943037
-1068208436
-1068207937
497
497
1011
1011
1009
-267448350
1009
1011
-267711514
1013
497
-263235611
-263233565
-267705442
-267703430
-267702419
-2234441
-2233940
-2232917
-2231922
2508
992
-519337223
-519336732
496
1007
3507
2504
3527
4034
4533
1023
-270845711
-438614861
497
-268105761
-268104738
-268104227
-268102771
-527944370
1023
3054
-235929684
-3290759
-271723775
-536278561
-536935989
-536935478
-537331002
783
-1974322
-1973299
-794281141
2007
-4340554
-6052495
-509367986
-515419455
-515416980
1497
-264248390
2029
-520407251
-262492724
-786163481
-2632577425
-2640604211
-2642180297
-2645861682
-2645861183
1475
2473
992
-1444009
2502
-1375726754
-1383883112
-1390593049
-1390591783
748
257
528
-235800111
-268303892
-268302869
-531846215
-531844741
-260044356
-535947826
-535947335
1008
-1028350370
-1028349347
-1665883094
496
985
2923
3434
1505
5890
-1107295604
501
-787988
-786738
501
-2514119078
4513
-259481940
985
2008
2012
-838858371
-842410691
495
1023
2036
-9470120
-9469097
-9468088
-12888294
-12887285
-270411336
-270409835
-270408395
495
-261513347
-261512397
483
-257470532
-3026042
-5787830
-6445258
-343699200
-343698701
497
-505555059
1008
-260832409
496
3973
5938
496
2427
1042
997
-269618251
-267975203
-273104008
-1405982480
-1405980508
-261888067
1007
1507
487
1507
487
-1044969442
-1046284278
-1309811996
-1309810973
1013
3517
3022
3513
1008
1493
-1510605448
-1512182990
2017
-2893412
-5392567
496
-2080372445
-2751460606
-2751459629
