26
100
98
99
99
100
100
99
100
100
100
100
99
100
99
100
100
100
101
101
101
99
103
101
102
103
104
105
103
104
102
103
102
101
103
101
101
100
100
72
121
100
78
117
100
98
99
99
99
99
98
96
97
97
97
96
76
116
98
97
96
97
97
96
97
100
98
101
98
99
99
97
100
98
100
98
97
98
99
101
99
99
98
98
97
97
96
98
95
96
97
97
95
98
97
97
98
99
96
97
98
96
96
100
98
99
100
99
99
100
101
99
99
99
98
100
99
98
100
87
111
101
98
99
98
100
97
98
96
99
97
97
99
99
99
100
102
103
104
102
106
105
104
107
105
107
107
107
106
108
106
107
110
108
109
109
109
108
110
108
109
109
108
108
109
108
108
110
108
110
109
108
109
108
106
108
107
108
109
110
109
110
110
109
111
110
109
110
110
110
112
112
110
111
112
110
110
110
111
111
110
111
113
112
114
113
111
113
114
111
113
113
112
113
113
112
114
112
113
113
113
113
113
112
112
113
112
112
112
108
108
109
109
108
108
110
109
110
112
110
113
112
112
113
113
113
112
113
112
113
113
113
111
112
113
112
112
110
111
111
109
107
110
108
109
109
109
110
112
110
112
112
111
113
115
112
114
114
86
136
112
110
113
112
111
112
113
110
113
111
109
111
110
111
111
111
110
110
110
108
110
108
108
109
110
108
111
109
108
110
108
109
111
108
109
111
110
110
112
110
111
112
110
112
112
110
110
107
109
109
108
108
109
107
108
108
105
111
107
106
108
109
108
105
62
54
59
56
69
103
106
108
108
107
109
108
105
108
106
106
108
106
108
108
108
109
108
109
109
109
109
109
110
111
110
111
111
112
111
111
112
111
111
110
112
113
111
111
111
110
110
109
108
107
109
107
106
106
107
105
107
105
108
107
105
107
106
105
108
108
106
108
109
107
110
109
107
107
105
106
106
106
105
105
106
107
106
107
106
106
108
107
106
104
107
106
108
105
106
104
104
103
105
104
102
104
103
103
104
104
103
105
103
105
104
102
102
105
102
101
102
101
100
100
99
101
100
100
102
101
100
101
102
100
101
101
101
101
103
100
100
99
101
100
101
100
102
101
102
101
105
101
104
103
103
103
103
103
102
101
101
104
104
98
97
97
96
94
96
95
96
96
97
97
97
97
96
96
96
97
97
96
96
98
98
97
99
99
100
102
100
102
101
102
103
101
101
103
101
101
101
102
100
105
103
101
104
103
104
104
107
106
105
105
106
104
105
106
105
106
105
106
105
106
105
105
105
105
105
105
104
103
105
103
104
103
103
104
103
104
103
104
104
104
103
104
105
103
104
104
103
103
103
103
104
105
103
104
104
103
105
103
103
105
105
104
105
107
106
106
104
105
104
104
105
105
104
105
104
105
106
106
105
105
105
106
105
105
102
103
105
103
104
102
102
102
101
102
104
102
103
104
101
104
101
101
103
102
104
102
101
103
104
104
104
107
105
107
105
106
105
106
105
106
107
105
106
107
106
107
107
108
108
107
107
107
109
107
108
107
105
108
105
106
105
105
106
105
104
106
105
103
104
106
101
102
103
101
101
102
101
101
101
99
101
104
104
103
106
101
94
99
104
102
98
103
101
92
102
101
103
100
100
93
104
95
99
103
95
106
101
101
104
105
104
105
105
105
103
105
103
103
105
104
103
105
106
105
107
107
107
107
106
107
109
108
107
109
109
107
107
106
106
105
105
108
106
109
108
108
107
108
108
107
107
109
107
108
106
106
104
106
105
105
107
107
105
106
108
106
107
106
105
105
103
104
101
104
107
104
106
103
103
106
104
106
107
107
108
69
133
111
111
109
110
112
110
109
109
108
107
110
107
108
108
107
110
111
109
113
114
113
115
116
116
115
124
119
119
120
118
113
112
113
115
111
114
113
114
65
62
63
63
115
112
117
118
115
116
114
113
112
108
111
111
110
110
110
110
110
109
110
110
106
101
111
106
109
109
109
110
110
109
110
110
108
111
109
109
111
109
113
109
109
112
110
111
112
109
111
114
113
114
114
116
118
118
118
102
131
117
126
119
120
122
121
121
122
125
118
127
120
120
123
119
117
121
122
119
127
120
118
122
121
118
124
119
120
124
118
122
125
121
120
122
118
119
120
120
118
121
120
118
122
118
122
121
120
120
117
117
120
116
119
120
118
123
125
121
124
126
111
139
128
122
123
122
123
122
122
122
123
123
120
123
122
120
122
95
141
122
122
120
119
124
119
121
121
121
122
122
121
122
124
123
120
122
119
120
123
122
122
121
123
123
124
120
123
120
118
123
119
122
121
124
121
125
125
123
126
109
142
125
134
125
127
127
125
124
126
121
124
123
123
124
123
123
125
123
124
125
123
123
123
124
121
125
125
125
125
125
130
125
125
133
125
129
131
135
127
129
129
132
128
129
127
125
128
129
124
129
128
124
125
124
125
124
131
125
125
130
129
125
125
128
125
125
129
126
127
128
127
127
124
138
127
131
129
128
131
132
129
130
131
128
127
131
128
127
128
124
125
125
125
122
122
123
122
119
123
121
122
120
126
125
124
130
128
128
130
130
129
128
129
132
128
129
128
132
131
136
131
132
131
132
130
129
128
131
129
128
135
128
125
129
126
124
128
127
126
129
131
126
129
130
127
132
130
130
131
131
136
130
115
149
132
129
132
130
130
130
132
129
129
132
131
127
130
131
127
131
130
129
130
131
130
128
131
133
131
131
134
132
131
131
133
131
131
129
132
133
130
132
132
127
140
130
133
134
130
129
129
127
123
126
126
122
125
128
125
125
128
128
129
132
132
132
137
133
136
135
134
131
134
129
128
131
130
130
132
129
131
130
132
129
129
128
128
128
130
132
130
131
133
129
134
134
133
132
136
134
130
133
133
132
131
132
128
128
129
128
127
129
132
129
136
134
130
135
137
127
129
131
126
127
128
126
122
124
124
122
122
127
129
125
131
131
130
133
135
137
134
137
137
137
138
137
138
139
136
134
134
133
135
134
135
132
133
134
130
133
133
132
126
129
134
134
129
129
136
134
131
138
135
131
137
132
132
126
130
131
127
127
129
127
125
123
122
120
120
123
126
121
124
126
122
125
126
125
123
125
126
123
125
126
125
126
125
126
127
127
126
126
127
127
126
129
125
130
129
131
129
132
131
130
131
130
130
129
132
131
130
131
132
132
131
133
131
130
133
132
130
134
136
131
132
134
129
124
129
129
125
131
128
126
128
130
124
128
129
128
126
128
129
128
129
133
135
134
133
136
135
134
135
132
131
132
132
133
131
133
132
134
132
105
161
133
131
132
129
128
129
130
129
131
131
131
131
135
135
134
129
137
129
131
133
129
130
132
128
129
131
127
128
133
132
133
136
139
133
138
136
139
134
136
133
137
133
134
136
135
135
139
135
136
136
137
139
135
133
136
140
131
143
136
134
138
91
164
139
139
129
139
136
135
140
141
134
138
139
137
144
130
127
121
124
125
120
121
124
120
120
122
123
120
121
127
129
125
128
131
129
130
133
127
131
130
128
129
128
127
128
129
130
128
130
132
131
130
129
131
130
131
132
136
135
134
137
133
133
130
132
129
128
128
131
131
131
129
131
134
134
137
137
133
118
155
135
133
137
137
136
133
134
132
132
131
134
135
137
130
134
132
133
127
131
132
127
132
133
129
134
133
131
133
139
135
133
140
137
137
139
138
133
137
139
141
137
140
140
140
138
137
134
138
138
137
130
132
136
133
132
138
136
131
137
138
133
139
135
134
135
139
136
134
135
135
134
131
133
139
137
133
140
137
136
141
137
130
136
133
129
136
132
131
138
133
134
139
138
136
142
140
140
143
141
138
139
140
137
135
135
137
136
138
142
138
136
138
134
135
133
135
134
136
136
135
137
139
139
136
137
141
140
132
148
134
133
140
133
130
134
131
132
131
128
123
125
125
125
122
128
129
128
130
134
129
132
134
132
133
135
133
134
137
137
135
135
136
138
138
139
136
137
135
136
136
132
134
134
134
134
137
140
90
169
142
143
135
137
137
141
132
130
133
133
130
129
134
129
128
132
131
126
128
130
127
128
133
130
132
137
138
133
140
140
135
138
143
142
137
141
143
142
139
141
143
139
137
139
133
130
136
141
134
136
145
139
133
137
146
137
131
134
136
129
134
135
134
131
140
137
134
138
138
136
138
140
132
139
139
134
141
142
135
132
133
128
135
138
136
143
149
144
139
140
135
131
128
133
133
131
134
137
140
139
139
138
141
139
139
143
113
86
116
182
142
142
134
140
141
132
131
148
137
131
144
142
133
133
144
129
132
148
135
136
139
133
136
136
131
133
135
76
162
142
132
134
139
136
134
139
143
142
145
145
145
142
140
140
141
139
