97
125
126
125
125
127
127
127
136
133
130
125
126
124
122
125
124
124
127
128
127
130
124
122
122
119
120
121
118
118
120
119
121
121
120
123
122
124
125
125
127
125
123
125
123
123
124
121
127
127
126
128
129
128
125
121
123
118
117
118
116
119
118
119
120
120
124
122
122
124
123
125
121
120
120
118
119
119
117
121
120
123
123
122
125
124
125
123
122
126
123
125
125
124
126
125
124
123
123
117
118
116
114
112
111
112
117
117
118
119
120
121
123
122
123
122
121
123
123
123
125
125
126
129
125
127
126
126
128
126
128
125
125
127
124
126
127
127
127
127
126
127
125
126
126
125
120
119
117
116
114
115
114
115
119
118
118
121
122
124
126
126
124
127
128
127
127
127
127
127
122
121
121
120
121
120
118
116
115
118
119
115
117
116
119
118
120
122
122
122
124
123
124
125
125
121
126
128
124
126
120
123
121
121
124
122
121
124
124
124
126
125
127
128
125
129
127
129
131
129
131
130
133
133
131
131
129
124
122
119
116
120
119
118
122
121
125
124
125
124
125
125
126
128
127
129
128
127
128
126
128
127
128
128
127
129
126
129
127
128
130
126
129
128
128
128
128
130
130
129
132
136
133
131
129
129
127
128
126
124
126
125
123
128
125
123
126
128
125
129
127
133
128
127
129
126
127
125
130
129
127
128
127
128
128
126
131
131
127
129
127
129
128
127
127
126
125
126
126
126
128
125
129
126
126
129
126
129
126
125
127
127
125
127
128
130
128
129
129
129
128
130
129
130
128
128
129
129
127
126
126
128
129
129
129
129
130
130
131
129
132
132
129
131
129
131
129
129
128
129
131
131
130
129
133
131
131
130
131
134
129
132
130
127
131
130
130
130
127
131
130
129
134
131
130
130
129
131
130
127
129
130
133
132
131
131
132
132
129
130
132
129
132
132
129
132
132
132
131
130
131
130
133
129
124
124
125
129
127
130
131
132
131
133
133
136
133
134
135
132
133
132
130
133
131
129
131
132
131
131
131
132
132
129
133
132
131
129
130
131
130
130
131
129
131
131
132
129
131
129
129
127
131
129
128
129
129
127
129
128
128
130
131
129
133
134
131
133
132
131
133
133
133
133
132
133
133
134
135
135
134
134
135
133
136
135
133
131
131
130
130
129
127
126
126
125
124
126
127
129
129
128
130
132
130
130
134
131
134
133
134
132
134
133
130
129
130
129
129
132
129
129
131
132
132
135
133
134
135
135
135
137
136
131
131
130
127
126
127
124
127
126
125
126
129
128
128
132
132
134
135
134
134
134
134
132
135
133
136
134
135
138
136
136
135
135
134
134
134
133
135
132
133
135
133
132
132
131
131
131
131
133
129
130
131
128
128
129
125
126
126
123
124
126
127
128
130
131
133
136
136
136
136
135
133
134
133
134
135
137
136
135
139
138
138
137
138
137
134
135
138
135
135
135
138
133
136
136
137
134
134
128
131
133
128
129
131
126
130
130
127
130
130
130
132
132
133
135
134
136
141
139
141
139
139
138
136
135
136
138
137
144
139
141
138
136
134
133
134
131
131
132
128
130
131
128
128
130
126
127
129
126
129
130
129
131
132
133
134
135
136
139
141
140
141
139
139
140
141
137
138
137
138
140
138
137
138
136
140
137
137
139
145
138
139
134
137
136
137
139
137
135
137
138
135
139
136
135
137
137
135
136
137
134
137
137
137
135
138
138
140
138
138
140
142
140
138
137
138
137
135
139
140
135
137
135
127
125
119
116
112
110
109
108
106
108
108
108
109
112
111
113
112
114
112
111
118
112
115
118
116
117
119
120
117
119
119
118
121
119
123
126
126
129
125
127
129
126
131
129
127
129
126
124
122
119
116
117
117
117
119
120
84
149
117
114
115
112
115
115
112
112
115
110
110
111
107
112
112
115
119
123
124
129
127
129
132
132
132
130
127
127
125
125
123
120
123
120
120
116
84
149
115
116
118
114
113
118
121
122
123
125
125
126
127
124
123
72
173
122
120
119
121
120
125
125
126
128
128
127
130
81
152
132
132
132
132
132
132
132
134
136
132
130
128
126
126
120
119
120
121
121
121
124
124
78
169
123
121
121
126
125
84
167
126
122
124
123
124
125
122
126
119
121
119
117
114
114
114
114
116
118
120
119
123
124
123
124
123
126
124
127
127
125
128
130
131
133
130
132
132
130
131
130
133
131
132
132
132
132
131
133
131
132
135
132
134
137
131
130
127
128
127
126
129
129
130
131
129
128
127
125
129
129
131
131
132
132
133
134
133
132
131
131
129
134
131
130
130
129
122
98
76
70
95
100
92
75
89
89
80
79
87
74
70
73
73
74
72
154
146
141
135
135
133
132
131
128
130
129
127
131
128
130
131
129
129
130
128
129
131
131
133
130
131
126
125
125
126
124
128
77
174
127
124
124
124
126
127
127
130
134
131
132
131
132
131
130
130
131
132
131
130
131
132
131
132
132
131
131
132
130
133
131
130
130
131
131
130
129
130
129
132
131
129
131
129
128
129
129
130
131
130
133
132
135
132
132
133
131
137
134
134
134
134
135
134
134
135
133
133
133
131
133
134
134
133
133
133
128
130
128
127
129
130
127
131
128
127
127
125
124
122
119
119
117
115
116
114
119
119
118
122
125
127
127
128
128
129
129
130
132
130
131
129
133
132
130
133
133
132
134
133
134
133
134
134
131
134
134
134
133
132
134
132
132
132
132
132
133
132
132
133
133
134
130
134
134
131
136
136
133
136
134
133
134
134
133
135
133
132
134
135
132
135
134
135
133
132
133
135
130
134
130
132
131
131
136
136
130
134
134
132
132
133
134
133
132
132
133
131
130
130
131
128
132
135
132
135
136
134
139
135
136
135
134
133
135
132
136
135
135
134
136
135
134
137
135
136
135
134
132
136
134
133
136
133
134
140
138
139
138
136
134
139
135
140
136
135
135
135
133
135
134
131
133
134
132
135
138
137
136
135
135
136
135
134
137
134
138
137
136
137
137
135
138
136
132
133
134
130
133
136
133
134
136
131
134
133
133
133
134
131
133
134
134
135
135
135
136
135
138
135
138
133
133
135
135
133
136
138
136
136
137
138
137
136
132
133
133
133
131
133
132
129
133
133
129
131
131
130
132
134
130
135
135
132
134
133
132
132
134
135
132
136
135
134
134
134
136
134
138
136
137
138
135
136
134
136
135
135
134
135
136
135
133
136
133
135
137
133
135
137
136
141
142
139
137
139
137
137
136
136
138
134
135
133
135
136
134
136
136
136
136
139
137
138
137
137
138
141
141
140
145
139
142
142
140
140
141
138
140
143
143
140
142
137
132
126
124
121
120
117
116
115
115
121
119
121
125
124
128
133
133
135
135
135
138
138
137
138
139
139
136
140
138
140
140
141
142
144
140
141
139
136
137
134
136
135
135
136
134
135
134
133
135
131
136
136
135
135
129
70
181
126
122
124
125
132
134
135
140
135
139
139
139
139
141
140
139
139
139
139
142
141
141
143
142
142
143
140
143
140
139
138
138
135
136
136
129
132
134
132
134
133
136
138
135
138
138
137
136
132
134
135
135
137
135
137
137
136
139
143
141
143
140
143
142
143
142
143
139
140
138
134
133
130
126
125
121
122
126
125
126
128
87
166
129
124
128
127
128
131
127
134
134
134
134
134
136
135
135
137
136
139
138
137
142
138
141
140
138
134
130
129
123
125
126
126
129
131
132
137
134
137
137
138
137
138
134
136
133
133
136
132
135
136
135
136
139
136
137
136
136
137
133
134
136
133
136
136
135
136
138
135
135
134
136
138
136
137
136
136
137
140
138
137
137
136
135
136
137
138
139
139
138
137
134
136
133
136
137
136
140
140
142
145
141
144
144
141
142
144
145
143
145
143
144
141
142
142
138
141
142
143
142
142
144
145
143
147
147
145
148
148
148
146
142
143
143
137
143
143
143
144
144
139
139
140
141
139
133
135
129
127
129
131
134
136
139
140
145
143
141
