70
93
92
94
94
95
94
96
93
93
92
91
92
90
91
90
92
90
92
92
94
92
96
91
93
92
92
90
92
88
88
84
86
82
83
84
87
89
93
94
93
92
95
95
93
93
93
91
91
89
87
89
90
93
95
97
97
100
99
100
97
100
97
97
94
97
96
96
94
95
96
93
93
94
97
99
100
104
101
99
101
105
104
103
103
106
105
104
102
105
104
102
99
102
101
101
100
102
99
98
100
97
97
98
97
97
96
97
97
98
99
99
99
98
100
98
96
98
97
96
98
96
97
96
96
96
95
94
94
95
95
94
95
93
95
95
96
97
97
99
98
100
99
98
97
97
96
95
95
95
95
94
94
94
94
93
93
94
92
95
96
94
94
96
98
97
97
98
96
98
98
94
95
95
95
93
92
94
93
94
96
95
94
93
96
94
96
95
95
94
95
94
93
95
93
94
93
92
92
91
89
87
88
88
91
92
96
98
102
103
101
102
103
99
96
96
94
93
92
92
90
90
88
90
92
88
93
96
96
98
97
102
102
97
98
102
101
99
98
98
99
100
97
103
101
101
102
103
102
100
101
100
98
97
97
97
95
96
96
97
97
97
98
95
97
98
96
95
96
97
97
98
97
96
95
97
96
95
97
97
95
96
96
95
95
95
93
94
95
94
91
91
88
89
87
88
91
96
97
102
101
99
97
95
96
98
97
98
95
95
95
96
93
96
96
95
96
96
96
95
92
94
89
91
89
87
85
89
90
96
95
99
99
103
100
99
99
99
98
96
96
98
95
95
96
95
96
96
96
97
99
97
99
97
98
98
99
98
98
99
97
97
98
98
96
96
96
96
95
94
95
93
92
92
92
90
93
91
92
92
93
92
93
92
92
92
92
91
92
92
92
93
91
92
91
93
93
94
93
93
93
94
93
92
93
92
94
92
93
93
92
93
93
91
92
92
91
89
91
90
90
89
90
90
92
93
93
95
96
96
95
96
96
95
95
94
93
92
93
94
92
92
93
93
91
91
89
91
91
91
92
91
89
88
87
87
90
92
95
96
97
99
98
95
98
95
95
94
92
92
92
92
93
91
91
90
89
87
87
85
85
88
89
92
93
93
95
97
99
98
97
100
98
98
96
99
98
99
98
97
98
96
95
97
98
98
97
97
96
97
96
96
96
95
94
92
92
91
91
93
92
91
92
93
92
92
95
92
94
93
93
94
94
96
94
95
94
95
94
94
94
94
94
94
93
95
95
95
94
95
96
94
96
94
94
93
93
93
94
92
92
93
92
94
93
93
93
92
92
92
92
91
91
91
90
90
90
89
88
89
87
89
89
90
90
92
93
93
95
95
93
92
92
90
89
89
87
87
86
86
85
86
87
84
84
84
83
83
86
90
92
95
97
97
99
98
97
94
93
95
93
96
95
96
93
95
97
94
94
97
97
97
96
95
96
96
94
98
95
94
92
92
94
91
92
93
95
97
98
103
100
97
96
93
93
96
98
101
103
97
96
95
95
94
95
96
97
101
103
107
108
104
103
102
100
97
96
97
99
97
97
98
100
102
101
105
104
103
101
105
103
102
100
102
100
101
97
100
99
98
97
96
95
94
93
94
91
91
92
92
94
94
95
94
90
91
88
87
87
91
92
95
96
97
99
101
100
99
102
102
100
99
96
96
92
93
94
96
97
99
102
103
104
100
101
98
98
97
98
99
98
100
101
101
100
100
101
97
96
98
99
98
95
97
97
95
96
96
98
96
96
96
96
95
94
95
93
93
94
93
92
93
93
92
92
92
92
91
92
91
92
92
93
92
93
95
94
95
94
95
97
96
97
99
97
98
97
98
97
95
97
96
96
95
96
96
96
97
96
97
97
97
97
95
96
96
96
96
96
95
94
96
93
93
95
95
95
95
94
93
93
92
93
92
92
92
92
91
92
93
94
92
94
94
92
93
92
91
92
92
93
92
93
91
92
92
91
93
91
93
92
91
92
92
94
93
95
94
94
95
95
94
93
95
95
93
93
93
94
93
92
93
93
92
93
94
94
93
95
96
95
94
98
98
97
96
98
99
97
95
97
95
94
92
91
91
89
87
87
87
85
85
85
84
85
84
86
86
86
88
90
89
91
90
90
89
90
89
90
90
89
90
90
90
89
91
92
92
92
92
91
91
92
92
90
91
90
91
89
90
89
88
88
89
88
87
89
85
86
86
86
87
86
88
88
88
90
91
90
90
91
90
89
89
90
88
87
86
87
86
87
86
86
85
85
86
85
86
85
87
87
89
88
88
88
87
87
86
86
86
86
86
86
85
86
86
87
87
87
89
90
89
90
90
89
88
90
89
87
88
86
87
86
85
84
85
85
85
86
86
86
86
87
88
89
88
89
89
87
89
88
88
88
87
87
87
88
87
87
86
87
87
87
86
86
88
88
88
88
89
89
90
89
91
90
91
91
91
91
90
91
89
90
88
89
88
87
86
86
86
85
86
85
85
84
82
81
80
80
82
85
84
82
82
83
85
85
85
87
88
87
89
88
86
88
88
85
87
87
88
86
87
86
87
86
87
86
86
85
87
86
86
87
88
86
86
85
81
83
83
84
86
88
92
92
95
94
95
96
94
90
93
83
96
92
89
66
58
56
109
96
92
90
92
92
92
92
93
91
90
91
93
94
97
93
95
93
94
94
93
93
94
94
93
94
95
94
94
94
93
92
92
92
91
93
94
93
95
95
95
94
95
93
92
92
92
92
92
92
93
93
93
93
93
91
91
91
91
90
90
90
90
89
91
91
92
93
95
94
95
94
95
93
94
92
92
93
93
94
92
93
92
91
92
93
90
91
93
93
94
93
94
93
91
93
91
92
91
91
91
90
90
89
89
89
89
90
90
91
92
92
91
92
91
93
93
93
94
92
91
90
90
89
89
89
88
88
89
87
89
89
89
90
90
92
91
90
93
91
90
91
89
88
88
88
87
88
88
88
88
88
89
88
88
87
88
87
86
87
86
85
86
86
86
86
87
86
87
86
87
87
86
85
84
85
84
85
85
85
86
86
86
86
87
87
88
87
86
86
87
86
85
85
84
85
84
83
84
84
84
84
86
85
84
82
83
82
82
82
79
81
82
82
78
79
79
78
78
76
76
79
78
78
77
78
78
80
79
78
79
78
79
78
78
77
76
76
75
75
72
72
73
73
71
71
71
71
70
70
70
70
69
69
70
70
70
71
72
71
73
73
74
74
76
75
76
76
76
77
78
79
81
79
80
81
57
79
57
56
51
76
57
52
67
69
56
56
52
54
72
55
56
51
54
54
71
56
56
51
52
51
50
50
50
50
50
51
51
53
68
54
54
53
50
50
50
48
49
49
49
50
50
51
50
51
52
53
50
51
51
49
50
50
52
49
51
51
49
49
50
49
52
51
50
52
49
50
50
52
50
52
53
54
51
53
50
54
52
54
57
55
53
55
53
56
54
56
57
57
56
55
67
59
61
64
63
63
64
64
68
113
98
92
90
88
87
86
87
87
88
69
116
93
91
88
90
89
90
91
92
92
94
91
92
91
93
92
93
91
91
90
90
88
89
87
85
85
84
85
88
87
90
91
97
99
96
96
101
101
97
96
96
96
93
89
90
90
93
94
92
92
95
92
92
90
91
94
92
91
88
88
90
88
87
87
87
86
87
85
86
86
87
85
85
87
86
87
85
85
87
86
85
85
83
85
85
83
84
86
85
87
87
86
87
87
88
88
88
87
88
88
87
88
87
88
90
91
90
90
91
93
92
94
94
97
96
97
98
100
101
97
96
99
98
95
94
95
95
95
93
95
95
92
94
94
96
96
96
100
102
101
96
100
100
99
97
95
97
100
97
96
96
97
96
91
91
90
92
92
92
96
100
102
99
98
100
101
99
97
100
100
98
95
99
100
98
95
98
97
93
93
91
91
93
93
93
97
98
97
95
96
97
94
95
97
99
99
96
100
102
97
95
99
97
96
94
98
98
96
97
99
98
99
97
93
94
93
91
92
91
91
88
89
88
89
90
87
88
87
87
85
86
87
86
86
85
87
85
86
85
86
87
87
87
88
86
88
89
88
87
88
89
89
88
88
89
91
92
92
92
93
95
95
95
97
99
97
98
99
99
99
95
95
96
97
95
96
95
95
91
91
90
92
94
95
96
100
100
99
101
102
100
95
95
94
92
92
91
94
96
95
94
96
96
94
93
91
90
90
89
90
93
99
96
99
103
103
101
100
102
102
98
97
99
100
98
96
98
100
97
95
96
96
96
94
96
98
94
93
91
91
92
90
89
91
91
92
90
92
93
93
92
93
93
94
94
94
94
94
94
92
93
93
93
94
92
90
91
91
90
90
89
91
93
92
92
93
93
94
93
93
94
95
93
92
92
94
94
95
95
97
98
98
99
101
100
99
96
94
93
91
90
92
93
94
95
97
98
98
97
96
96
98
98
96
99
100
98
97
99
99
97
95
99
99
98
96
95
98
98
93
94
96
99
95
96
98
98
97
96
95
97
95
95
95
98
96
96
98
99
98
97
98
101
100
97
96
98
100
97
96
99
99
96
93
93
94
91
93
94
98
99
101
99
98
96
93
95
94
95
93
95
97
95
92
95
95
96
94
95
97
97
95
95
94
92
93
94
97
96
97
99
101
98
98
99
100
98
97
98
98
99
94
92
92
94
93
93
99
99
99
99
102
100
97
96
96
97
98
97
101
102
100
100
101
103
100
99
99
100
100
99
100
103
102
100
97
100
101
99
99
99
101
98
96
96
96
94
93
93
96
97
93
94
97
99
99
101
102
100
97
98
101
102
101
101
103
99
97
95
95
94
93
94
98
100
100
103
105
105
100
101
103
99
99
101
102
100
98
100
101
100
98
102
103
102
100
99
100
96
94
93
94
96
92
91
89
91
87
86
85
85
83
82
82
80
79
79
79
76
76
74
76
73
73
72
72
71
69
70
69
70
72
70
73
72
73
75
74
80
77
81
84
84
87
87
87
91
87
88
87
88
89
85
87
86
86
87
85
86
85
85
86
86
86
86
84
82
85
83
79
81
76
78
79
77
76
76
75
76
73
73
72
72
72
72
73
76
78
77
79
79
79
78
78
77
76
76
76
75
75
77
79
80
80
83
87
87
85
86
90
87
88
87
89
88
86
85
83
82
80
80
80
77
79
81
85
87
89
89
92
93
92
89
89
91
92
91
89
90
94
98
97
95
96
96
98
96
93
93
93
93
90
90
93
93
89
89
90
89
87
87
89
91
92
92
95
94
93
94
92
93
91
90
89
88
90
93
94
94
91
91
96
95
95
92
91
94
92
92
91
91
92
94
90
90
94
93
93
94
97
99
99
97
99
100
99
98
105
104
103
99
102
104
100
95
95
94
93
93
98
98
96
96
98
97
97
94
97
96
96
95
96
97
97
95
95
95
95
94
93
96
94
94
93
91
95
93
91
89
92
90
89
88
87
85
87
87
87
85
88
92
91
93
92
91
93
93
92
90
91
90
89
88
87
88
89
89
88
86
89
92
93
91
91
93
93
92
88
89
86
87
85
84
82
83
81
81
79
80
79
79
80
81
82
82
86
87
90
88
89
91
90
90
87
87
91
89
93
90
92
95
96
93
90
90
92
95
99
97
98
99
101
99
96
95
98
98
96
93
95
98
98
100
96
96
98
99
101
96
99
98
96
96
92
92
95
96
97
96
96
98
99
95
96
98
97
95
93
97
95
96
93
96
97
97
97
94
99
98
95
93
90
89
