118
120
115
115
115
115
115
115
117
118
114
113
114
115
118
119
119
117
117
118
116
117
118
118
118
118
118
119
119
118
117
116
114
113
113
113
113
113
115
117
63
165
118
76
150
113
110
113
119
126
132
131
67
172
118
75
149
114
113
114
114
77
154
114
113
117
121
124
128
129
131
129
128
126
124
124
123
122
126
126
124
124
125
126
129
131
129
130
130
64
173
123
120
118
122
123
125
128
127
126
124
124
120
119
118
119
117
117
119
118
118
115
116
115
114
117
121
123
126
127
127
123
123
123
123
125
124
123
126
126
127
125
122
124
62
170
121
118
118
117
123
126
130
131
131
130
126
75
164
118
115
114
114
115
118
123
123
123
127
125
125
126
125
124
121
120
117
115
111
114
118
124
126
132
131
130
128
129
127
124
123
124
123
123
124
123
125
124
128
131
133
131
132
131
130
130
127
127
126
126
125
126
126
128
128
127
126
127
124
123
122
120
122
121
121
122
123
123
123
124
124
122
122
123
122
123
121
123
122
123
122
121
122
121
120
121
120
118
120
122
121
122
123
121
61
165
117
114
114
115
117
120
126
124
124
126
123
121
118
118
116
114
117
116
117
119
122
124
122
119
122
122
120
60
168
119
117
114
119
120
121
124
124
126
124
121
120
115
116
115
118
120
119
120
118
117
117
119
121
121
122
122
120
118
116
115
117
118
119
118
114
116
118
122
124
124
122
118
117
118
118
121
125
125
123
59
171
121
117
118
120
123
127
123
121
120
120
118
117
118
117
116
116
114
111
112
109
110
110
111
110
110
108
68
140
110
102
100
103
110
118
123
125
62
168
117
115
110
110
114
120
122
63
168
118
115
113
113
63
156
107
106
110
112
65
159
117
119
122
74
159
117
117
120
122
128
131
69
174
126
120
120
120
74
165
121
121
120
123
126
130
130
133
128
125
125
124
124
120
121
122
123
119
120
122
122
124
124
123
122
120
120
120
121
121
122
65
170
121
118
117
115
117
120
123
122
121
121
123
122
125
124
121
121
118
118
117
115
114
115
115
116
119
123
125
126
127
128
127
126
125
123
124
123
124
125
60
171
123
120
120
122
124
129
133
133
133
61
176
124
123
124
123
123
124
124
125
126
124
121
118
118
119
121
120
122
123
121
123
122
121
122
119
121
123
123
122
123
122
123
123
125
125
127
127
126
128
128
132
129
125
126
124
124
122
126
123
123
123
121
121
121
120
120
119
119
122
118
118
123
124
127
137
131
123
117
114
119
121
125
124
126
126
123
121
122
121
121
124
128
130
131
131
132
130
129
128
128
124
123
125
124
124
129
128
127
132
134
130
130
131
132
132
63
178
129
126
124
125
127
131
130
130
132
133
131
130
131
72
173
124
125
126
131
133
136
140
136
133
130
126
122
121
118
118
118
118
119
124
125
127
127
127
124
122
124
123
125
125
123
122
119
117
120
121
124
125
126
127
124
124
125
126
127
128
128
128
127
129
128
131
128
129
129
127
129
130
61
174
124
122
121
122
128
132
132
135
133
132
130
130
129
130
129
130
131
131
130
131
130
129
128
129
133
131
128
128
125
128
122
121
122
122
123
124
124
128
131
128
126
124
121
121
120
117
118
118
119
119
119
119
119
118
116
116
118
117
120
122
120
117
117
116
114
114
114
113
113
112
111
111
110
113
116
122
123
126
128
127
125
126
122
121
117
117
118
114
114
112
112
112
111
114
117
115
111
108
109
109
114
117
122
122
123
63
166
119
116
115
117
117
120
121
120
118
117
116
114
113
115
114
116
116
116
121
123
59
168
116
114
115
115
118
120
118
120
118
120
119
120
123
124
62
169
116
113
113
118
121
123
125
122
122
125
123
122
119
118
116
115
113
113
111
115
123
132
133
131
130
129
129
123
123
122
121
121
117
116
116
115
116
117
119
120
119
120
65
166
118
116
117
116
116
118
121
125
126
125
124
126
125
124
123
124
124
125
123
123
125
122
123
123
124
122
118
119
120
121
122
122
121
125
123
123
121
123
125
125
127
130
128
128
129
127
126
127
128
127
127
125
125
124
124
123
123
122
68
162
118
119
119
118
120
121
122
121
120
120
119
119
123
122
123
126
127
125
125
124
120
117
118
120
124
129
134
134
135
135
135
131
130
130
130
130
128
128
127
129
132
128
130
132
134
130
122
125
125
125
127
129
129
129
129
64
174
118
115
113
113
117
120
125
128
70
175
65
174
123
122
127
132
132
133
61
178
127
126
126
130
127
129
131
131
129
127
127
127
126
125
125
125
124
123
122
123
124
126
123
124
123
123
126
125
126
126
64
171
122
121
118
117
118
117
116
117
117
118
117
119
120
121
121
120
120
119
119
120
117
117
115
115
117
115
115
117
119
121
122
122
123
124
123
122
120
119
119
119
119
120
122
124
126
128
127
128
130
130
129
130
131
130
68
174
127
123
124
126
130
134
136
138
136
132
131
131
128
127
127
130
131
132
130
62
176
122
120
124
130
133
136
138
70
178
127
126
123
120
120
122
128
133
130
131
127
129
126
123
122
121
68
163
115
114
114
114
115
117
123
122
126
127
119
120
124
129
130
130
127
123
120
120
122
125
126
130
129
127
128
127
130
134
136
129
128
129
128
129
130
129
130
129
130
129
129
127
128
128
128
128
128
127
128
127
127
128
128
129
128
129
128
125
122
121
121
122
124
126
129
130
130
129
126
125
125
125
126
125
125
125
128
125
125
126
125
129
128
130
129
126
126
125
124
125
125
127
123
123
122
123
120
116
112
111
113
119
123
128
128
127
126
128
126
125
126
124
124
125
123
125
122
124
126
66
171
124
123
123
121
121
124
126
126
130
133
131
131
131
128
127
127
126
128
126
127
127
127
129
126
125
124
122
124
126
127
126
122
121
115
113
109
108
106
107
106
106
105
106
105
106
104
107
107
106
105
108
110
111
61
159
111
110
107
105
109
113
119
125
129
125
122
120
122
124
125
128
127
124
122
122
123
126
130
130
131
136
136
138
143
138
140
138
138
134
132
133
132
132
130
126
124
121
121
121
120
122
132
136
136
135
139
135
133
132
133
136
130
130
130
64
177
125
119
117
118
120
124
131
133
133
133
130
128
128
127
124
128
128
127
127
132
138
136
134
133
134
134
133
132
130
130
133
132
130
128
125
125
121
116
118
120
127
127
123
125
126
124
120
116
111
111
112
113
116
118
121
122
122
123
120
122
121
120
119
120
123
129
131
129
123
126
131
133
137
141
142
141
139
139
139
141
137
134
133
62
177
129
130
133
136
142
148
147
146
141
138
134
130
129
130
131
128
133
136
137
135
136
133
129
128
128
127
129
132
136
133
127
127
125
123
120
120
119
119
118
114
112
112
116
122
129
140
140
144
150
145
141
135
133
129
123
120
118
115
115
115
112
111
110
109
109
104
102
99
98
93
90
96
95
96
97
95
96
97
98
97
98
99
104
104
102
104
108
107
103
110
103
104
105
101
101
101
100
107
107
101
108
107
108
108
103
108
103
107
100
101
60
136
98
100
96
94
95
100
106
109
110
110
110
110
110
106
104
102
107
108
109
110
110
109
108
110
110
58
146
103
101
96
98
100
105
107
108
108
107
107
108
78
138
110
99
65
144
109
109
117
123
129
63
172
73
163
117
116
119
77
162
68
162
117
121
123
127
126
125
86
163
119
116
115
112
113
114
112
114
117
120
82
152
118
119
122
122
125
130
130
134
134
130
132
130
129
123
122
120
123
124
122
122
121
123
125
126
129
129
128
129
126
126
124
123
123
125
115
57
47
53
51
50
48
47
95
122
119
120
118
122
126
127
128
129
126
124
122
121
119
119
117
116
116
113
113
113
113
116
114
116
116
117
117
118
117
120
121
121
120
119
118
118
116
117
117
116
115
114
114
116
118
120
123
119
62
165
116
112
112
114
118
122
127
126
127
125
123
119
118
118
116
116
120
121
120
121
118
116
114
113
114
116
120
123
124
120
119
119
118
115
114
114
113
113
111
109
109
108
111
112
115
117
121
62
169
119
118
116
118
119
120
123
128
128
127
62
167
115
112
112
112
114
117
117
120
123
124
126
123
125
123
121
123
122
123
124
125
124
123
124
123
121
118
115
109
111
111
112
113
113
113
113
115
116
114
115
114
113
115
115
115
116
117
122
125
126
127
124
121
118
116
116
116
118
121
121
123
124
126
125
124
123
122
122
120
119
117
115
116
116
116
115
114
113
116
117
121
125
124
124
123
122
120
118
116
115
114
116
114
117
119
121
121
122
122
122
122
