27
164
162
162
161
159
154
158
156
155
164
90
183
174
169
166
173
170
167
172
166
162
167
162
169
174
166
163
172
168
167
170
166
108
209
152
153
162
170
160
163
164
161
171
166
162
169
167
165
170
166
161
165
164
161
169
170
165
167
164
159
166
164
158
164
164
162
172
168
165
174
167
166
174
165
161
168
168
161
168
163
159
168
162
157
169
166
159
165
165
158
160
163
160
164
159
163
172
165
167
174
161
161
162
160
154
163
155
155
163
166
155
167
166
158
164
163
159
168
165
159
168
165
163
165
159
154
162
161
155
163
160
163
168
164
164
188
158
161
163
163
159
168
170
159
160
158
155
163
166
161
166
163
159
168
168
160
166
175
165
183
157
166
172
166
160
167
172
163
166
166
163
118
198
149
157
161
160
167
166
157
169
168
162
185
154
163
165
159
159
168
165
156
163
162
152
159
168
158
163
168
166
173
173
164
169
170
161
163
171
167
174
168
162
166
161
160
171
168
162
168
169
162
163
165
160
168
172
160
161
164
155
160
168
160
168
170
165
169
166
160
168
170
161
170
171
167
171
170
165
171
167
171
184
158
166
174
167
168
170
165
156
163
159
158
165
172
161
163
167
162
170
164
164
174
168
164
170
166
170
169
163
159
165
171
168
190
159
161
169
167
163
170
170
163
166
170
162
167
154
151
165
165
162
163
165
161
172
166
159
166
163
157
165
187
157
172
125
95
98
97
75
145
132
103
94
91
87
110
144
87
123
91
79
73
76
72
67
69
65
189
150
154
157
161
165
161
164
166
158
168
168
162
171
169
167
176
173
163
171
167
171
171
164
161
165
164
154
160
170
160
163
169
168
170
169
158
162
167
163
167
167
153
158
164
169
167
161
160
168
168
162
167
159
158
164
166
157
165
163
170
162
159
158
189
163
165
186
162
168
171
166
163
167
162
159
164
161
159
165
163
158
173
167
160
164
169
160
165
174
167
165
174
166
165
166
162
158
168
185
156
169
172
161
170
171
162
172
168
159
164
163
157
167
163
155
159
159
164
166
163
158
163
166
162
185
154
162
165
165
169
182
157
165
173
165
159
163
160
161
189
162
160
167
171
162
163
167
163
168
162
154
157
163
173
160
164
164
164
171
166
162
170
168
159
162
159
156
164
167
163
167
165
162
182
155
162
169
161
158
165
170
162
163
165
159
162
167
160
160
164
164
160
167
169
153
155
163
157
181
161
163
167
174
166
173
167
161
166
161
156
164
159
153
163
156
147
155
159
155
167
168
164
181
160
163
171
168
164
164
162
161
169
168
166
183
181
156
167
166
159
168
165
158
164
165
164
185
161
157
160
170
166
170
167
162
172
163
166
171
166
160
165
159
162
166
157
154
159
157
168
170
163
162
166
158
161
183
169
167
171
159
161
166
165
158
163
164
154
162
148
142
130
129
133
141
174
170
182
173
174
172
182
182
176
189
181
180
177
170
172
167
160
162
164
157
157
163
160
157
159
157
162
166
159
155
156
156
163
120
194
153
153
152
166
185
155
167
185
151
161
169
163
158
163
161
157
165
163
160
170
168
163
167
171
162
164
163
157
167
169
159
162
169
159
154
152
150
154
156
154
156
168
165
159
162
169
159
171
186
159
170
165
166
166
176
165
167
173
166
166
168
166
161
183
156
160
167
167
161
183
161
165
165
160
155
156
164
155
163
165
155
161
159
160
185
155
169
170
164
162
184
158
161
171
166
159
182
154
161
179
159
158
180
156
161
169
164
166
168
162
158
170
166
164
184
156
159
165
163
158
166
164
161
170
176
161
162
162
157
165
166
155
168
165
161
162
166
160
165
170
159
166
170
163
170
185
156
186
163
165
169
166
161
183
158
162
168
165
159
162
159
162
168
164
157
160
164
155
161
165
158
172
169
162
161
162
151
165
164
160
166
169
162
166
165
163
165
164
162
164
160
152
154
157
120
198
151
146
151
165
166
187
176
156
167
165
167
169
167
160
163
165
156
160
165
165
168
162
161
178
173
148
159
183
156
164
170
165
159
165
168
165
171
163
156
160
156
153
161
161
157
161
160
153
160
167
163
161
167
157
160
168
162
168
169
162
166
159
157
166
170
158
163
168
159
158
180
149
158
165
160
156
155
167
163
169
167
159
165
164
157
159
157
149
154
168
164
163
160
154
157
155
157
157
162
158
181
157
161
169
168
158
163
160
156
154
154
156
159
156
151
114
200
111
184
151
148
156
163
176
172
173
154
164
165
161
155
165
165
154
165
170
163
167
170
165
166
164
157
162
170
163
170
166
159
165
166
160
163
164
160
169
166
163
166
160
159
170
162
161
162
156
151
160
167
164
165
165
162
168
185
158
162
193
162
162
166
168
162
166
164
158
167
167
156
163
163
155
158
161
156
161
161
151
158
166
158
157
157
111
191
150
155
161
164
162
157
161
183
157
181
150
167
173
163
165
169
168
168
165
161
156
162
159
151
156
156
151
161
162
152
163
164
159
165
165
163
163
161
157
163
165
159
161
166
155
155
159
168
159
161
155
156
163
164
161
185
157
156
160
161
155
166
165
156
163
164
158
191
162
163
166
173
168
168
176
169
161
167
165
158
159
162
159
159
165
160
157
169
165
162
170
163
157
163
160
158
161
169
163
161
162
157
162
163
160
165
167
156
164
159
135
162
149
143
154
179
152
158
164
165
163
168
170
160
162
165
159
168
161
153
161
160
150
156
155
145
149
159
158
165
165
160
169
167
162
161
156
151
162
166
156
162
169
161
162
173
162
166
178
161
165
165
156
165
158
152
155
165
155
166
163
163
167
162
158
165
168
161
153
145
137
127
127
131
134
130
132
134
127
125
122
121
120
116
116
114
114
112
111
109
110
110
108
106
106
103
103
102
100
99
98
98
98
97
100
102
108
113
117
118
143
140
146
121
125
122
119
122
193
191
197
188
183
191
193
195
199
194
191
179
195
169
149
137
134
128
127
122
120
123
154
175
188
189
147
133
127
141
213
178
183
180
188
185
189
193
173
157
150
160
203
185
195
198
156
158
140
131
131
129
125
124
125
129
129
127
122
121
117
116
112
111
112
110
111
114
127
174
177
181
162
179
172
189
193
160
143
137
130
117
129
120
130
136
197
163
206
188
171
195
158
148
185
140
135
126
140
205
179
179
176
178
181
178
180
182
177
182
177
168
171
174
160
118
206
145
146
138
125
124
121
118
121
165
179
202
185
175
185
176
178
178
182
180
