96
146
153
84
203
145
74
209
147
67
206
137
139
138
140
141
142
143
144
147
149
148
150
145
149
146
150
145
150
143
147
144
145
146
148
145
145
142
146
143
145
144
146
147
147
144
145
141
146
143
146
143
147
144
147
145
148
143
149
143
147
145
146
145
149
147
148
144
143
141
146
143
145
145
145
143
146
145
148
147
149
144
146
143
145
143
141
143
147
143
147
145
148
143
149
142
146
145
149
145
147
144
89
199
142
80
194
143
76
196
137
142
137
142
145
143
145
144
147
77
209
140
83
192
140
136
139
140
141
145
144
149
143
148
144
146
146
152
146
153
146
85
205
149
65
96
118
141
140
146
144
148
144
147
81
208
148
66
96
119
66
209
138
140
138
140
137
141
141
144
147
144
148
147
148
80
202
143
76
202
145
72
206
141
137
65
209
143
71
202
136
138
140
144
145
146
146
149
149
72
98
124
149
76
215
148
66
95
119
135
139
135
139
140
143
141
145
147
147
146
141
139
138
139
137
143
142
148
144
147
146
151
86
206
148
70
206
133
129
132
135
137
139
141
147
147
150
146
149
142
140
142
141
141
138
138
135
138
140
138
140
139
141
142
143
142
143
146
146
151
143
147
142
143
142
146
142
148
144
148
146
146
143
145
148
149
82
213
146
70
207
138
137
133
135
135
137
135
140
138
142
139
143
142
141
143
142
139
144
142
145
140
145
142
145
143
145
141
144
140
142
138
140
137
138
134
134
132
130
129
137
137
137
139
136
139
136
141
138
141
139
143
139
142
138
141
139
143
139
145
142
148
143
149
142
142
141
145
142
145
142
144
140
146
141
145
145
150
147
151
147
149
76
210
144
75
206
147
69
206
137
139
136
141
143
155
153
70
98
126
68
219
151
144
144
146
142
148
146
145
144
145
144
143
144
146
147
149
149
150
147
149
72
215
141
138
65
205
138
136
134
139
140
146
147
82
216
154
145
145
142
143
143
146
144
147
147
151
147
148
147
148
149
75
217
146
69
97
115
141
137
139
140
142
148
152
72
219
146
69
99
118
141
143
145
147
149
151
147
148
146
147
147
80
206
145
71
207
140
137
65
204
135
133
135
138
140
142
145
144
147
145
147
89
196
142
79
199
145
69
204
138
133
137
133
137
136
140
143
144
146
144
144
144
146
143
146
142
145
143
145
142
142
136
130
125
124
122
121
124
122
125
119
120
121
118
120
117
118
118
117
117
115
116
115
116
117
117
119
121
120
123
121
123
120
119
119
121
120
118
117
117
114
115
115
117
118
122
122
121
122
123
122
117
116
117
118
117
118
119
118
118
117
115
113
116
114
114
114
117
115
115
119
117
116
116
116
114
117
117
117
116
114
115
113
116
114
115
112
113
112
114
114
113
115
113
114
114
115
115
113
115
114
115
115
116
118
116
116
116
115
114
115
113
114
114
114
115
113
114
113
112
113
112
112
112
113
113
114
115
116
114
115
114
115
113
114
113
114
114
114
114
114
115
117
121
118
120
124
125
124
121
121
120
116
116
117
118
120
117
117
118
116
118
117
117
118
117
119
117
115
116
115
115
114
114
113
115
115
116
117
115
116
115
115
116
114
114
114
113
113
113
113
112
113
111
111
110
110
110
109
109
109
110
112
110
111
112
111
112
111
110
111
109
110
108
109
109
108
109
109
108
109
109
108
110
108
110
110
111
112
112
113
111
112
112
111
111
110
111
110
110
109
110
111
112
113
112
112
112
112
111
111
110
110
110
110
110
112
110
111
111
111
113
111
115
113
114
114
115
115
114
115
114
115
115
113
113
114
113
115
112
113
112
114
111
112
112
111
111
111
112
112
112
113
112
113
115
114
117
116
116
116
117
117
118
118
119
119
119
119
118
118
116
118
115
117
117
119
117
121
119
119
118
117
118
117
118
115
116
116
116
118
116
119
117
118
120
121
125
122
125
125
126
127
127
127
125
125
122
123
121
121
123
122
123
123
124
123
123
122
120
121
120
122
120
122
121
122
123
121
124
121
123
120
122
118
120
121
122
124
120
121
119
120
120
116
118
117
116
118
114
114
114
113
113
114
115
116
114
114
114
116
115
114
116
115
113
112
110
111
111
109
110
111
109
111
109
112
113
113
111
112
110
107
109
108
107
108
110
107
109
106
108
108
108
107
64
143
100
120
109
106
105
104
66
148
110
103
103
104
67
148
109
107
105
104
69
143
108
103
65
144
109
103
61
148
107
103
68
138
105
102
101
101
99
70
127
75
124
102
97
99
97
100
100
100
102
102
101
103
102
101
99
102
100
102
67
138
103
80
65
64
63
63
63
64
66
69
72
68
72
72
123
106
106
104
58
157
109
106
103
105
68
143
108
104
59
155
108
106
104
106
66
151
110
107
106
106
57
163
109
107
106
105
56
160
109
104
103
103
102
103
107
107
108
111
109
113
111
110
111
110
111
111
112
112
112
114
111
112
113
111
113
112
111
113
112
112
112
113
113
112
114
113
113
114
117
114
114
118
115
117
117
117
119
116
116
114
116
114
114
114
114
114
115
114
115
113
112
112
113
115
113
115
113
114
117
113
115
115
117
117
113
113
109
109
108
109
108
109
107
110
58
168
112
112
112
109
113
111
113
113
113
114
114
114
113
113
114
116
119
118
120
117
118
118
120
115
118
118
116
118
115
116
119
118
121
119
121
120
121
121
119
119
118
118
118
118
118
118
120
120
121
120
124
119
122
121
121
123
119
123
123
122
121
123
123
121
124
120
125
122
125
123
122
121
123
123
124
124
120
123
120
120
122
123
122
123
124
122
125
122
124
123
120
123
122
122
122
122
122
122
125
120
123
120
121
121
123
125
121
123
119
121
118
120
122
119
123
119
122
123
120
125
119
120
121
120
121
120
120
119
120
123
120
122
119
119
121
118
122
119
120
120
120
122
119
123
119
120
121
120
122
122
121
63
178
122
119
63
175
121
117
64
171
119
117
66
171
124
117
64
177
125
122
118
121
71
172
126
120
122
120
122
123
122
125
119
118
118
117
117
113
119
118
121
118
123
123
122
125
121
126
121
124
122
123
126
122
129
122
128
125
124
126
122
126
125
123
125
123
125
121
124
122
125
123
123
129
123
125
122
125
121
124
122
121
125
122
124
121
124
119
119
120
121
121
119
122
120
121
124
125
128
123
129
127
126
129
126
127
127
126
129
125
129
126
128
124
126
128
125
131
129
128
131
127
127
128
128
130
126
129
126
126
126
125
127
126
128
125
130
122
121
124
120
118
118
117
120
121
120
125
121
127
123
128
124
124
127
126
128
125
126
125
129
128
124
129
125
127
129
127
129
124
129
122
126
124
127
126
129
125
128
129
126
128
125
128
127
129
125
129
127
129
125
129
125
126
127
124
130
124
129
125
128
131
128
129
125
128
124
127
127
129
126
128
130
125
130
125
130
127
130
127
126
130
126
129
124
128
126
126
126
125
128
125
128
125
127
127
126
130
130
131
129
129
127
128
130
127
130
124
128
124
128
125
127
129
123
129
126
126
124
127
124
125
129
125
129
126
130
127
125
126
123
127
123
127
122
126
124
126
128
126
131
127
128
125
126
126
126
130
127
130
129
131
128
126
131
126
129
126
128
128
124
128
124
126
125
126
128
125
130
125
129
127
126
128
125
127
123
70
53
126
64
179
124
121
120
123
123
131
65
179
127
120
124
123
122
128
123
135
119
124
127
124
127
124
126
127
126
136
122
134
122
123
127
126
127
126
125
129
126
126
126
127
133
127
129
129
127
131
126
130
126
126
125
124
126
123
125
121
123
124
124
128
124
128
125
130
126
127
127
125
130
125
131
126
126
126
126
125
125
129
124
127
128
127
127
123
126
124
125
125
123
126
124
126
124
127
132
128
132
127
131
125
128
127
129
129
126
130
127
128
130
130
133
127
131
126
130
127
130
127
131
130
128
131
125
128
124
127
129
128
132
127
128
127
127
128
128
130
129
135
127
130
129
133
128
130
129
128
129
128
130
126
131
125
128
127
129
130
127
128
126
130
128
132
131
126
133
128
129
128
126
134
127
129
130
130
128
128
130
127
129
127
128
130
128
132
125
126
129
127
133
127
129
127
124
127
125
124
123
125
123
136
120
136
126
127
131
129
132
127
128
130
131
134
133
134
