1
512
1023
2046
-919118
-918607
-917638
773
1044
55
4181
261985756
61
1281
2228
907
496
511
1512
-323623
-322622
1008
1497
1008
1497
1008
2013
496
-1238627
-536930680
-536930409
991
783
1566
999
273
1056
1003
275
546
1013
51319776
-1045321
-1043817
496
1477
261
1044
985
775
1046
991
151982839
491
-536212047
-268304426
-269083264
-269082212
995
540
997
540
995
1564
995
540
997
269
540
1001
781
1564
1007
783
1052
995
1052
993
1052
993
1562
991
1048
989
1048
991
540
991
269
540
995
271
542
999
271
1005
271
989
528
987
1042
981
1556
983
1558
981
267
1050
985
785
1568
987
785
1568
991
787
1570
1001
271
1013
1040
981
1044
981
265
1048
985
777
1048
993
118428144
1008
2013
496
767
1023
1806
975
538
979
540
981
1566
987
1056
995
1054
1003
265
2056
981
1044
981
1050
983
783
1566
987
1568
991
785
1056
1001
785
1056
1009
1050
983
1054
987
1570
989
1058
993
1060
997
1056
1007
781
1564
1044
981
1050
983
542
987
546
989
548
993
1570
997
1056
1003
779
1050
271
983
1044
985
1048
987
536
989
1052
989
1052
993
1056
995
1052
995
1564
999
263
1046
989
1246
1758
1760
1282
1778
3654
1008
1023
1534
2317
981
773
1044
985
779
1050
987
783
1054
991
273
544
997
787
1058
1007
787
1570
1019
-268042766
-268041714
985
1568
991
550
995
1576
1001
1574
1007
275
1058
1017
271
987
273
544
991
1058
995
1062
999
1066
1003
281
552
1011
277
1060
1019
271
536
991
1052
993
542
997
546
999
548
1003
546
1005
275
546
1011
151983070
1798
-469759278
-469758255
-469757744
-469756961
983
1040
981
1556
985
775
1046
989
265
1048
995
17765312
1554
977
1556
975
534
977
1562
979
540
983
269
540
991
785
1056
1003
-101059609
-101058826
979
1560
983
1054
989
1572
995
548
997
544
1005
269
1052
1015
268
989
540
993
1568
997
1056
999
544
1001
271
542
1007
185536774
995
1269
925
1008
511
1022
-524339
-523356
1048
983
1564
989
1056
993
1056
999
273
544
1007
781
1564
1015
2031
2542
-393250
-392267
536
989
1054
993
1568
995
1568
1001
781
1052
1013
773
1762
1050
991
1052
989
1056
991
544
993
544
999
1054
1005
84935426
985
1048
989
542
989
1568
993
1058
997
1056
1003
269
1052
1011
981
1562
985
1052
987
544
987
542
991
1052
993
540
995
265
1048
987
1244
1246
2165
1008
937
266460782
1768
-267842846
-267842361
1008
1519
2059
989
544
1001
273
1056
1011
779
1562
977
536
979
1054
987
1058
991
1060
997
789
1060
1007
271
542
979
544
981
546
985
548
989
550
993
550
995
546
1003
779
1050
271
975
1552
977
1042
979
532
981
538
983
1566
985
544
987
544
991
1056
993
1566
999
777
1048
-404365870
-605690430
993
1048
997
536
999
777
1048
1001
265
1048
1003
219091200
1022
2045
3058
491
1008
1279
1001
257
528
1001
257
1040
-1972746
-5387910
-5386662
1794
2065
997
277
548
1007
-250278417
-250277394
-786752836
985
2686
1497
-1900105
-1899082
-1898571
-1897572
496
1485
1995
496
1519
2506
773
1044
991
265
536
997
269
540
1001
273
544
1009
271
983
532
985
1784
2791
496
992
1503
2526
-536341644
-194586
-193563
-193082
1008
1493
1008
-2289848
-2289065
989
1054
989
1568
991
1054
993
1056
997
1052
997
267
538
1003
219152640
993
1267
1023
2046
-451159
-450376
985
1048
989
540
995
1566
1001
269
540
1009
777
1560
511
782
979
528
979
1040
979
261
532
981
534
983
1050
985
540
989
1052
995
271
1054
999
273
544
1005
781
1052
1013
-33554166
985
532
983
532
981
1046
981
1560
983
536
983
1044
983
775
1046
989
773
1044
991
1250
1781
2292
2803
3586
991
534
989
265
536
989
265
1048
991
777
1048
995
286200570
991
532
991
530
989
532
987
1044
985
1044
985
263
534
987
775
1046
995
185598202
271
991
1042
991
1556
987
532
985
532
985
263
534
985
263
534
987
265
536
993
271
1003
271
985
257
528
985
1040
983
773
1044
985
773
1556
987
781
1564
989
269
1052
997
118428650
1023
1534
2045
-268171803
-268170245
-1073017494
267
538
997
783
2524
267
1050
-3024124
17
3215
496
417
1711
493
1008
2007
496
985
1008
2005
1008
1495
511
1498
259
530
985
775
1558
985
781
1564
991
1056
993
277
1060
997
277
1060
1003
789
1572
1013
84873484
989
1052
991
542
995
1056
999
1054
1001
269
1052
1005
777
1560
2410
1008
-921646
252645624
1003
271
511
1534
2029
1008
-394290
-537006905
991
779
1050
995
252645626
1023
-268172817
-268171767
991
1056
991
1060
999
1060
1005
787
1058
1013
-61170
987
542
991
1058
995
1058
999
1570
1001
273
1056
1007
118489619
989
1054
989
542
991
1568
993
1052
993
267
538
1001
152044286
991
540
991
1564
989
1564
991
777
1560
989
781
1564
995
271
1003
271
271
995
1560
993
536
989
1558
989
1048
987
265
1048
985
779
1050
989
781
1052
995
271
1005
783
783
989
1040
985
1554
987
261
532
987
777
1048
987
286200560
1003
271
983
257
528
985
773
1556
987
777
1560
993
779
1050
999
51319280
51320063
3410
2002
1768
1271
2250
532
979
1050
983
1564
987
1570
989
1060
993
1062
997
1574
1005
275
1058
1015
780
999
1576
1003
791
1574
1013
118428636
1052
993
1568
993
1566
995
540
999
781
1564
1003
185598720
991
532
991
532
993
1556
995
1556
995
773
1044
1003
271
1762
1284
-1374500
-1374011
-326187
-325194
1050
991
538
993
1048
995
265
536
999
271
995
1260
2257
1008
1487
496
-268304426
-268303435
544
995
1054
999
269
540
1007
773
1556
985
1052
987
1054
987
1056
987
1054
987
1052
987
1050
989
261
532
991
532
7
1045
987
1933
1004
496
991
496
987
2013
1008
2009
1008
1505
-267975208
1001
1758
1796
2307
-1072961873
783
1017
-267911182
-1071578940
-1071578669
995
269
1052
1003
269
1052
1009
779
1050
985
-1449223
-1448712
-1448201
-1447690
-1446667
-1446156
-1445645
-1444622
-1443849
-1443578
983
779
1562
985
269
1052
987
273
1056
991
1572
995
791
1574
1005
791
1574
1013
84874214
1058
1003
273
1056
1007
781
1052
1015
271
993
261
1269
2292
-394077
776
-655136
783
999
-268103220
1008
1495
1005
1011
511
1022
2045
3068
3579
4090
4601
5624
-124446
-123461
773
1044
987
265
536
999
17765360
1008
2013
-1835083
-1834309
-1833286
-471594828
-471593776
991
1052
993
1058
995
1060
999
548
999
785
1056
1001
252645634
991
1288
1771
496
-263230
-1374761
-1373205
987
1042
981
1552
979
1554
979
1558
979
1048
981
779
1562
985
783
1566
993
271
1054
1005
783
1023
-267186736
-267186257
1008
2001
496
1519
2512
781
1052
1001
783
-268172824
-268171827
-267975217
-267974734
-268104755
-268630097
-268629074
-268628051
-268627028
-268626005
-268625494
-268624471
-268623960
-268623449
-268622666
1003
787
1058
1011
-1054994773
981
1044
985
1048
987
542
993
1568
999
273
544
1007
781
1052
985
1044
987
1050
989
1052
995
271
1054
1001
269
1052
1009
-67108358
-67107335
-67106824
-67106041
1003
273
544
1009
781
1052
1019
987
1056
989
1058
989
1058
989
1566
993
265
1048
999
152044284
985
544
991
1056
989
544
991
1564
995
777
1560
1001
271
1760
1248
1760
-2104105
1042
987
1554
991
259
1042
993
769
1552
-396317
-395806
-394783
-394272
-393761
-393496
-393225
991
269
540
997
783
1566
1009
-100662790
-100662007
983
536
985
540
985
1060
991
1572
993
789
1060
1001
787
1058
1011
-100662278
-637667665
-637666882
1013
771
1779
917
1519
2532
783
995
1044
993
1040
993
1042
991
1556
989
532
987
1046
985
265
536
987
265
536
989
219091188
1007
538
991
265
536
995
265
536
1001
783
1554
993
530
991
1552
987
1042
985
1556
983
263
1046
983
267
538
987
779
1050
991
219091704
1011
985
1040
983
1042
981
261
532
983
777
1048
987
269
540
993
781
1564
1003
271
985
263
1046
983
267
1050
985
273
544
989
275
546
993
279
550
1001
789
1060
1011
783
985
783
1054
985
785
1056
989
789
1572
993
281
552
1001
795
1578
1011
271
1023
783
989
546
991
552
995
1064
1001
793
1064
1007
277
1060
1017
271
991
544
991
1058
993
1056
995
542
999
269
1052
1005
271
987
1154
1519
2542
3527
265
536
991
265
1048
999
1539
981
1046
985
1562
989
1056
993
1058
999
1570
1007
271
542
989
1048
989
1054
993
1570
997
279
550
1003
281
552
1011
118428634
273
544
991
789
1060
999
281
552
1003
285
556
1011
151982860
991
1568
993
1572
995
281
552
997
795
1578
1003
793
1576
1009
151983494
1519
2294
2565
985
265
536
989
151982326
271
1019
271
987
1050
989
1054
993
1056
997
1056
1001
1054
1007
777
1048
1508
-926005
-925494
-924471
-923960
-922937
-921914
-920929
271
542
991
273
1056
995
273
1056
1001
783
1013
783
991
265
1048
991
779
1562
991
273
544
997
787
1570
999
277
548
1005
279
550
1013
787
1058
1019
783
3
783
997
542
997
544
1001
1056
1003
785
1056
1007
269
540
1009
783
1017
271
271
997
532
995
1556
997
534
997
263
1046
997
773
1044
1001
271
511
1498
1246
1760
1248
-526097
-525610
1023
1294
981
532
985
1048
985
538
989
544
989
544
995
546
997
546
1003
783
1566
1009
84935642
1052
997
1566
995
544
993
1054
995
271
1054
997
783
1054
999
783
1005
271
540
995
1052
993
540
991
1052
987
540
987
269
540
987
781
1052
991
386863352
783
991
1046
989
1044
987
1044
983
1556
983
1048
983
267
538
989
269
540
997
783
1011
261
907
-671086742
-671085719
-671084696
-671083913
999
271
542
1007
261
1244
1040
985
1046
989
1050
991
1054
995
1058
999
273
1056
1007
271
542
1015
271
993
267
1050
995
1056
999
544
1005
785
1568
1007
269
540
1017
271
1008
2001
496
1519
2508
252646132
993
2188
1008
1023
1294
263704579
63
785
3384
1989
1264
271
1280
997
779
256
997
2969
-393240
-392217
-391194
-268566591
-268566104
496
1507
-402652758
-402652247
-402651468
-402650445
-402649950
-804053589
-804053108
496
983
-536138351
771
1554
995
152043770
271
997
265
256
3444
4467
4724
4995
983
263
534
985
269
540
987
269
1052
991
273
1056
997
273
544
1005
271
542
1015
991
1054
991
544
995
544
997
1058
1001
1056
1001
783
1054
1007
219153156
993
1256
1271
511
1022
1533
2018
1008
-3674702
-3673699
787
1058
1011
787
1058
1017
1023
1519
2518
1493
2011
2031
3054
3565
4588
4859
1007
-33614854
-33613831
-33612808
-33611800
-34531376
-34531105
991
777
1048
999
271
271
1023
-392727
-392216
-268698407
987
257
1040
983
771
1554
983
261
532
989
265
536
995
271
1054
1001
273
544
1011
479
1008
2031
3054
4053
777
1048
1007
51381198
1273
-849446
-849175
1015
783
991
263
774
1797
-917769
-916766
-916255
-913829
511
782
511
1534
2557
-301986329
-302513707
-302513444
-302513173
997
271
783
991
267
538
993
286200054
993
1781
393
1279
987
1046
983
1046
983
536
983
1050
985
1050
993
775
1558
999
271
41
279
1008
2382
1008
943
2461
493
1007
793
1064
1017
271
1
496
271
989
777
1048
997
783
1007
1804
979
528
977
1042
977
1046
975
1052
979
1564
981
273
544
989
785
1056
999
-60476
1556
977
1048
981
540
983
1052
989
273
1056
997
787
1570
1013
509
1008
1499
1008
2031
2542
4346
983
769
1040
987
259
530
989
771
1042
997
-301789759
-536077909
-519957
997
271
1005
271
1007
787
256
3472
7059
997
261
1044
995
773
1044
995
783
1001
271
491
1023
1534
2586
997
267
538
1007
771
1042
989
544
989
1054
987
1056
987
542
985
1052
987
267
538
993
185598200
993
538
991
1560
989
536
989
1562
985
779
1050
985
269
540
987
785
1056
989
275
546
997
783
1003
783
1017
777
1048
989
777
1048
989
269
540
987
783
1566
991
787
1058
995
353308922
1013
773
1044
987
263
534
989
267
538
989
269
540
993
785
1568
1001
783
1013
989
257
528
989
257
1040
989
777
1048
995
781
1052
1001
271
542
1007
781
1564
1015
783
987
259
530
987
777
1048
989
779
1050
993
271
542
997
273
1056
1005
783
1054
1013
-337115823
-337115552
1778
2289
2560
991
277
548
995
791
1574
1001
793
1064
1009
219091210
5
497
1005
493
1005
785
1056
1011
783
1019
1015
271
999
542
1001
544
1001
271
1054
1007
269
1052
1011
783
1267
2190
1519
-263203
-262153
999
775
1260
2959
395
-535691822
2346
1519
2542
3565
4058
496
1519
2520
-268368416
-268367162
2293
496
1519
2030
2541
3564
4075
5052
1044
981
1048
985
779
1050
993
267
538
1003
-100927511
-100927240
985
540
987
544
993
544
995
1058
1001
273
544
1011
-33552673
1798
2209
-536347186
-803604038
769
1552
987
261
1044
989
265
1048
991
269
540
997
783
1007
271
783
491
-535558715
1001
491
511
768
2590
-268440627
-270147162
-270146187
756
496
1279
-3817228
29
4197
511
1294
989
773
1556
995
783
782
979
1042
979
1044
985
1560
993
777
-787209
-786147
997
1060
999
277
548
1007
785
1568
1013
783
993
1290
2313
3336
4344
5348
496
1007
1518
3414
496
511
782
981
530
981
1044
979
1046
979
536
979
1052
979
1566
983
275
1058
991
84873978
1023
1534
2557
-536608812
-1341386912
-1342759712
-1343285077
-1343284566
-1343283008
991
1044
991
773
1556
991
257
528
995
118489338
-5919832
271
768
991
4461
1048
999
1048
997
536
995
267
1050
995
265
1048
995
286200054
1764
1258
1260
532
997
1556
995
1556
997
263
534
995
252646132
2022
2533
3044
4047
261
1248
1756
1286
2309
3332
4355
5374
1008
2302
1001
257
528
999
257
528
999
257
1040
995
769
1552
997
471736539
1001
271
1005
989
257
1040
989
775
1558
989
267
1050
989
269
1052
995
1570
999
273
544
1003
275
546
1013
982
1052
989
540
991
1056
995
544
997
1056
1001
1052
1003
267
538
1023
1534
2557
2033
2544
-805046513
-1006632490
-1008738889
-1008738626
-1008737843
997
152044482
1754
-536479510
-536479013
1008
1791
1009
783
1017
1017
-268106267
-268105770
1008
1279
993
1048
995
1054
995
1054
999
1056
1003
273
1056
1005
269
1052
1007
151984118
151984629
151985652
151986433
151986704
979
1044
981
1048
985
1052
989
1058
995
548
1001
1058
1011
781
1052
989
542
991
546
995
1062
995
1574
1001
1064
1009
789
1060
1015
271
989
1058
993
1060
999
550
1001
1062
1001
275
1058
1009
118489864
997
542
997
1054
993
1056
993
1054
995
271
1054
999
286200060
1001
2184
496
511
1565
983
1568
987
1056
997
269
1052
975
1048
975
1052
981
546
985
1574
993
548
1001
783
1566
1009
771
1554
981
1056
983
1060
987
550
991
550
995
279
550
1005
785
1568
1013
783
987
1056
989
548
993
548
997
1060
999
275
546
1007
781
1052
261
757
1023
1512
1008
1499
1007
1518
2541
3324
985
259
530
989
773
1044
999
780
-2504231
277
256
6003
6514
7297
995
219091700
1003
271
1015
257
989
769
1552
989
769
1552
987
777
1048
991
265
536
993
185536760
1013
271
983
257
528
985
1046
987
540
991
1056
993
1058
999
275
546
1005
783
1054
1015
989
538
991
540
991
1566
995
544
999
1056
1005
273
544
1011
17826778
1050
993
1050
995
540
997
538
999
265
1048
1009
1523
2016
-268698675
-268697652
-268697389
-268696606
1001
259
530
511
-526919
-526408
-525897
-525386
-524363
-269616816
-269616545
991
265
536
997
118427900
1017
769
1552
985
259
530
987
265
536
989
779
1050
995
271
542
999
51319042
981
1558
981
1048
983
1054
987
273
544
995
277
1060
1003
273
544
1013
271
979
1048
979
540
981
542
985
544
991
1568
999
273
544
1009
775
1286
2309
2820
-804915587
-268173324
-268172813
-268171790
-268171519
995
236855531
989
769
1040
989
775
1558
989
265
1048
995
781
1052
999
785
1056
1009
-1557315807
-1557314816
1570
993
1056
995
540
1001
777
1048
1007
783
1248
1781
-1442840086
-1442839085
275
1058
1003
273
544
1007
271
-268308505
-268307722
-268303890
-268302867
-1072956485
-1072955974
-1072955191
987
257
528
989
261
1044
989
777
1048
995
781
1052
999
785
1568
1003
273
1056
1009
785
1568
1021
271
987
-1452849
259
256
2962
909
1008
1023
2046
2829
991
1052
991
1564
993
1564
993
1050
997
265
536
1005
185598212
989
1054
991
1056
991
544
995
1056
995
1056
999
319754494
2708
1008
1056
991
1058
997
1568
999
787
1058
1007
51319770
540
993
1566
997
269
540
1007
779
1050
981
770
1793
2064
995
118428652
118428923
987
257
528
985
771
1042
985
777
1560
987
269
540
991
783
1054
997
783
1566
1007
271
985
261
532
987
265
1048
991
269
1052
995
275
546
1001
275
546
1011
271
979
1046
981
536
983
538
987
542
993
1054
1005
269
1052
977
1044
979
534
983
1052
989
1056
993
1058
1001
781
1564
1009
773
1758
1798
2309
3302
273
544
1001
118428660
1023
-268305195
-268304412
1011
-67169282
-67168771
-67167748
-67167477
987
771
1042
989
265
536
993
269
540
1001
273
1056
1007
785
1056
1015
-67107842
-67106851
1796
2307
2818
3876
999
1058
1007
273
544
1017
-67107868
1562
1001
1052
1007
185536776
1019
485
1008
1997
496
1489
1008
2031
3030
271
1001
271
1007
1804
983
1040
981
1044
983
1048
987
269
540
991
273
544
999
783
1566
1009
-100665365
-100664380
1052
989
1054
993
785
1056
1003
-33614141
773
1556
59
769
2645
1008
1023
2079
999
269
540
1005
775
1558
991
1282
2285
1008
2011
496
2030
2541
3052
-303037009
-303036498
-303036227
997
271
993
1050
989
1048
987
1564
987
540
983
1560
981
1052
981
1052
983
779
1050
987
779
1050
995
219152634
979
1040
979
1046
977
1560
979
540
983
1568
989
275
546
999
789
1572
1009
-60466
1558
983
1048
985
1052
991
1056
997
277
548
1007
785
1056
979
528
981
1558
983
1052
991
1568
993
1568
1001
1568
1007
265
536
979
1560
983
1564
987
546
991
546
995
1570
1001
269
540
271
981
534
981
1050
985
1564
987
1058
991
1572
995
1572
1001
1572
1009
271
542
1017
993
1572
995
548
999
1064
1007
791
1062
1013
271
1
271
995
1056
997
548
1001
1060
1005
791
1062
1009
275
1058
1019
271
271
995
269
540
999
544
999
1564
1005
273
544
1007
269
540
1013
151983090
489
999
999
-268427842
-268426841
496
1501
1008
2013
1008
1501
496
991
496
991
1008
-268103234
-536732734
-536732239
1008
1503
496
1489
1556
993
532
991
1556
989
536
987
775
1046
987
777
1048
993
271
1003
271
271
981
1554
983
261
532
991
18
1779
4157
2031
3054
4053
783
1011
271
985
265
536
985
781
1052
989
785
1056
995
273
1056
1001
789
1060
1013
271
993
267
1050
995
267
538
997
1056
1001
273
1056
1003
273
544
1003
271
1054
1009
781
1052
1017
271
1023
1520
1008
2031
2302
983
1042
981
1044
979
1558
977
536
981
1050
985
273
544
995
275
546
1005
-67169779
979
1054
981
544
983
1060
989
1060
995
275
546
1007
1022
2045
3068
-129288
1007
783
985
1040
985
1552
981
530
981
261
532
981
773
1556
987
261
532
995
17827327
977
1044
975
532
975
534
977
1048
983
779
1562
991
84935167
975
536
979
538
977
1054
983
1056
987
787
1058
1001
785
1056
1011
271
981
540
981
1052
983
271
1054
987
783
1566
993
271
1005
783
981
1044
979
1560
981
267
1050
985
273
1056
991
271
542
1001
271
983
773
1044
985
265
1048
987
783
1054
997
781
1052
1011
-1635417
-1634414
775
1046
1005
271
989
528
989
1552
989
528
987
530
985
1042
983
1044
985
263
534
989
777
1048
993
219091190
991
532
989
1554
987
532
985
1556
985
1046
985
1560
989
265
1048
993
777
1560
1001
271
989
528
985
1040
1011
1290
2313
3096
1005
789
1572
1015
271
991
542
993
1052
993
546
995
1056
1001
273
544
1011
84935430
993
1052
995
1054
995
271
542
997
781
1564
1001
219153152
1023
1938
1519
2542
4106
981
542
985
544
993
1052
973
530
975
1560
975
540
979
1056
981
1572
987
1060
991
548
999
271
542
1044
981
534
983
1052
985
542
987
540
985
542
987
1570
987
1054
989
271
1054
995
219152634
989
1054
989
1054
991
544
993
1052
997
779
1562
1005
271
995
759
1252
496
992
1503
-268702770
-268701476
975
532
977
1050
983
542
987
1572
991
1060
997
275
546
1009
263
1046
979
1048
981
538
985
546
987
550
993
1064
999
1062
1009
781
1564
534
983
538
985
1568
987
1060
991
1576
997
1064
997
277
1060
1005
781
1052
1011
271
271
989
1052
987
1568
993
1060
995
1060
999
275
546
1005
118489621
993
546
995
1056
997
544
1001
269
1052
1009
271
271
995
1050
997
1054
997
1058
999
1056
1001
271
542
1003
779
1050
1009
783
1023
2028
496
1007
2030
2541
3564
4347
981
1552
981
1554
983
775
1046
985
265
1048
989
779
1562
1001
-100927509
-100926516
1056
995
1572
999
1060
1005
273
1056
1011
980
269
540
993
1570
995
1572
1001
789
1060
1011
-250539571
273
1056
1009
273
1056
1017
263
1286
2309
3083
511
1022
2023
779
1050
1005
263
534
511
1519
2030
3318
-304672308
1023
3256
3527
271
987
1052
987
1048
987
1052
989
542
989
540
989
536
993
263
534
1001
271
1780
2779
-1440320
-1440049
985
775
1046
991
265
1048
1001
-100796955
-100796684
977
534
981
538
985
540
995
267
538
979
1048
979
1052
979
544
985
1572
989
1572
995
277
1060
1007
269
540
979
1566
981
546
983
548
991
1062
993
1062
1001
785
1056
1011
271
983
544
987
1570
989
1058
989
1058
993
1058
997
781
1052
1003
84935628
2190
496
511
-131605
-131094
-130071
-129288
979
1558
979
1050
981
269
540
985
271
542
995
17765383
995
1044
993
1044
991
1552
989
257
528
987
773
1556
987
265
1048
989
269
540
991
319754482
1003
783
1013
511
1294
983
257
528
981
1044
981
1048
987
269
1052
993
1568
997
1570
1003
785
1056
1013
-268308308
-268308037
1015
783
1008
1519
2498
1050
985
265
536
997
773
2065
783
997
773
1556
997
259
530
997
775
1558
995
773
1044
993
777
1048
997
353308920
1011
1015
-267975197
-267974186
496
1273
2056
993
779
1562
995
319754488
1013
271
987
263
534
989
777
1048
991
783
1054
995
785
1056
999
271
1011
-267975195
-267974418
-267973635
991
271
542
997
273
544
1003
277
548
1011
271
983
257
528
983
1040
987
536
989
1048
995
1564
999
269
540
1007
261
-301989143
-303703340
-303702829
-303702333
-303701334
2007
496
1007
2008
779
1050
1003
267
538
1007
777
1048
1007
271
1252
1250
1264
2322
995
1572
1005
273
544
1013
778
995
538
995
1050
997
1054
1001
1054
1005
779
1050
1013
271
511
1022
-659598
265
536
1009
777
1560
1017
991
1252
1798
2069
979
1046
981
267
538
985
781
1564
995
273
784
1807
-704639815
271
768
509
1959
1007
1506
1003
999
-268365872
785
1568
1005
779
1562
1011
271
997
1048
995
1562
995
1048
995
1560
995
267
1050
997
267
538
1001
783
1009
271
-3285543
-3285032
-3284053
532
979
536
981
269
1052
987
779
1562
993
779
1562
1005
983
1042
979
1042
979
530
979
536
983
267
538
987
269
540
997
777
1560
985
257
1040
985
1042
983
1556
981
263
1046
985
269
540
991
273
544
997
787
1058
1007
787
1058
1015
271
987
1048
989
1052
989
1056
993
1056
995
1570
999
1056
1005
265
536
1015
271
989
540
991
546
997
548
1001
548
1001
787
1058
1007
152044514
152045537
152046560
151521222
151521493
979
1560
981
265
536
991
151983078
151983589
151984372
999
548
1003
273
544
1009
781
1052
993
1286
2309
2580
995
265
536
997
777
1048
1001
783
997
1254
1766
2303
3284
534
511
1500
353308920
1023
2014
1048
995
540
999
1054
1003
785
1056
1007
783
1054
1011
185536774
993
534
993
1048
993
1048
991
536
987
1050
989
777
1560
989
779
1050
995
219091194
993
1052
991
540
989
1052
989
1052
987
271
542
989
781
1052
991
353308918
-1579040
1254
1766
1284
3195
1008
1005
496
1007
2813
1277
3683
1451
2967
985
1793
2064
987
777
1560
995
51319036
471
1413
1534
-656407
-655359
995
775
1558
1758
1760
1766
-1047867
1008
1519
2506
1046
987
265
536
989
265
536
991
286200054
1007
271
977
1044
977
534
979
538
981
540
985
544
989
1572
993
791
1062
1003
277
548
1015
271
989
1052
989
1570
993
1060
995
1062
999
1062
1003
791
1574
1013
17764618
987
1052
991
544
995
1570
999
1570
1009
269
540
985
532
47
1275
4177
1008
1019
-1845270
-1844779
1008
1997
1050
989
540
991
1048
993
540
995
267
538
997
286200570
3016
496
-918572
-917522
981
267
1050
983
267
538
993
151982330
983
1554
983
1044
981
1556
979
1044
981
536
985
265
536
991
84936437
-872875624
-235405353
-235802142
995
1048
995
1048
995
775
1046
1001
152043772
985
-268305673
-536348439
-536347436
496
1489
1999
496
975
496
1489
273
1056
1001
273
544
1005
84873478
989
536
991
542
991
1054
993
1568
997
546
999
1060
1005
783
1566
1013
783
993
1564
995
1056
997
1570
1003
1060
1005
787
1570
1011
271
511
2069
985
534
983
1560
987
263
534
993
271
993
1252
-268236568
-268235557
496
991
496
1509
496
1503
-267779115
-714337
-713854
496
1493
1008
2007
2009
1008
2031
2542
2813
1007
783
977
1044
979
540
983
1568
985
1060
993
548
999
277
548
1011
-67107884
1568
989
1056
993
548
999
785
1568
1013
777
1800
2808
3815
1008
1501
496
-325679
-650844
-649859
1054
991
544
997
1058
1005
781
1052
1015
-33685773
997
1054
1001
271
1054
1007
152043782
991
1056
993
1056
995
1056
999
271
542
1005
777
1048
989
1766
1288
2582
511
1000
-786985
-786200
-785417
1013
-100662276
-100661253
-100660482
-100660211
987
261
1044
991
1560
995
540
999
1054
1005
271
1054
1013
-301727259
-301726268
534
993
538
993
544
997
1570
999
546
1001
785
1056
1003
779
1050
1013
271
987
546
993
548
993
1570
995
1058
1001
271
1054
1009
783
538
989
1054
993
544
993
1058
995
1060
995
1060
997
1058
999
783
1054
1007
271
2255
773
1556
985
265
536
989
777
1560
995
271
1005
1294
983
771
768
3351
1519
-1240664
-1240173
491
489
1003
259
1258
259
1258
1284
2307
3084
4093
271
511
782
1015
997
2180
-234879028
-235931267
1554
983
530
983
1044
985
265
1048
987
777
1048
991
252645624
987
1040
985
1552
983
773
1044
985
777
1048
987
265
1048
991
781
1052
1001
273
1056
1013
1019
511
1534
2045
-268434170
496
-788504
-787993
-2500132
-2499621
-2498613
-2497830
987
1044
989
1556
993
532
511
-1968672
-1967895
-1967624
501
-2364671
39
2685
1008
939
2223
3006
997
118489854
987
536
985
1052
985
1048
987
263
1046
987
777
1560
993
152043770
271
993
532
991
528
989
1040
987
1044
983
263
534
981
265
1048
983
271
542
987
785
1056
995
785
1568
1007
271
977
528
975
532
979
1050
983
544
989
1060
995
277
548
1005
273
544
1015
979
1046
981
538
985
542
993
1056
999
1058
1009
267
-335542538
-335542027
-335541540
1056
997
544
995
542
1001
777
1560
993
1252
1764
1764
1797
2308
2819
3828
496
985
496
1501
-268037751
1413
1997
781
1564
999
267
538
1009
1554
981
1046
979
1048
981
781
1052
983
785
1568
993
785
1056
1003
-33614833
979
1052
981
273
1056
985
785
1056
991
273
544
1005
1013
1050
981
1052
985
1056
987
789
1572
995
277
1060
1005
-61176
985
257
528
985
263
1046
987
267
538
993
271
542
997
785
1056
1005
783
1054
1015
983
1265
4169
1008
-268434452
-268433444
-270007899
-270006876
-270005853
-270004830
-270003843
265
536
987
267
1050
995
185536762
987
1044
985
1556
983
263
1046
983
267
538
985
785
1568
989
275
1058
997
185536768
985
259
530
985
265
1048
987
1564
991
277
548
995
789
1060
1003
277
1060
1009
787
1058
1019
783
985
1046
987
1052
993
1568
995
1058
1001
275
1058
1011
-33554166
989
1054
991
1058
997
1058
999
1570
1005
269
1052
1015
271
993
1052
995
1058
997
548
999
1060
1001
791
1062
1005
785
1056
1009
783
271
989
1052
991
1056
995
1060
997
1060
997
1568
1001
273
544
1009
271
993
1562
993
1050
993
1052
991
542
995
269
540
997
265
536
1001
783
993
1772
1766
1258
1031
2462
1403
-1073020575
2963
1023
1294
-268372550
511
782
991
538
991
1048
991
1048
991
540
991
779
1050
997
271
985
2821
3844
4335
-981545
-981276
-981005
1003
271
991
1052
991
1056
991
1566
991
1056
991
544
993
544
995
269
1052
1003
783
271
987
1562
989
538
987
1562
987
1052
989
1052
987
536
991
777
1048
997
84935418
987
1560
987
1048
987
1560
989
779
1562
993
775
1046
999
783
772
-4220723
-4219700
-4218715
269
1052
989
269
540
989
319754488
271
987
1050
987
1048
985
1048
983
1052
981
1048
981
1564
983
269
540
989
781
1564
999
271
1806
-369097734
-369097235
261
532
989
1048
989
540
993
1566
997
546
999
1572
1005
279
550
1007
275
546
1015
-285278769
-285278258
-285277747
-285277203
999
544
1009
267
538
981
1044
983
1048
987
1054
995
1054
1001
273
1056
1009
777
1758
257
1040
981
1044
985
1052
989
1570
995
546
1001
787
1570
1009
777
1311
983
1050
985
1054
989
1058
993
1060
1005
275
546
1017
1023
2014
261
532
991
263
534
993
556610258
977
1042
979
532
981
534
981
538
987
1054
993
1566
999
1564
-325155
-324662
496
1499
496
997
1008
1519
2030
3053
3544
496
1495
975
977
496
977
1008
1783
2566
997
271
1005
271
979
1042
979
1046
979
538
983
271
542
987
1058
993
275
546
1005
785
1056
983
1054
985
1056
987
1058
995
1060
997
1572
1001
783
1566
1013
-100794664
-100793667
789
256
-2102912
-2101216
387
496
1023
2046
3035
1058
995
275
1058
1005
271
542
1015
783
987
1050
989
1566
995
1056
999
787
1058
1007
785
1056
1017
989
265
536
991
1052
995
546
999
277
548
1003
275
1058
1009
783
1054
1017
271
991
1566
991
544
995
1058
1001
273
544
1007
267
538
1029
2940
385
1008
1023
-1241511737
1250
-786193
-785682
-784681
783
-396304
-395793
-395282
-529461
-528950
-527927
-526904
-658538
783
1009
261
-849967
1001
781
1564
1005
783
1566
1007
781
1052
1009
252645638
1269
1023
2046
3069
3340
999
263
1046
1554
985
534
987
1050
989
1054
991
1056
993
546
997
546
1001
787
1058
1011
118489864
995
1562
993
1560
997
267
1050
999
777
1048
1003
271
1252
1260
257
1254
1768
1770
-3080585
-3079584
275
546
1011
986
538
991
1560
993
1048
997
267
538
1005
118489348
989
1052
991
544
993
546
995
1056
999
273
544
1005
84934914
995
1054
997
1054
999
269
540
1003
781
1052
1007
271
1252
1252
1762
1764
1254
267119599
1776
536
997
1046
997
1048
995
1044
993
1558
989
534
987
263
1046
985
267
1050
985
269
1052
985
785
1056
989
787
1058
999
271
1009
271
985
265
536
981
269
540
987
273
544
989
273
1056
995
789
1060
1005
118428422
981
773
1556
981
1560
985
540
991
1060
999
552
1005
791
1062
1011
-60450
1056
997
1060
999
1060
1003
275
1058
1007
783
1054
995
1050
995
540
995
540
997
1054
993
271
1054
995
781
1052
999
271
271
989
1042
987
536
991
540
993
542
995
1056
993
1056
995
271
1054
999
265
536
1798
2309
3302
1764
1768
1286
1797
2804
271
977
1554
979
534
979
1562
981
271
542
987
785
1568
997
785
1056
1007
-134219795
-134218812
1048
989
781
1564
997
269
1052
783
23
2703
913
-391804
-805046483
-201326086
-201325101
1054
991
1058
995
544
999
275
1058
1005
271
1054
1013
271
997
273
544
999
277
1060
1003
277
548
1005
277
548
1009
286200070
991
544
997
546
999
1060
1003
277
548
1011
84873480
993
1052
995
1566
997
267
538
1003
777
1560
1009
271
1760
1250
534
993
1046
993
1044
995
769
1040
1513
2536
3313
3584
993
777
1048
1001
777
1790
983
1552
981
1556
983
263
1046
985
267
1050
991
151983082
151983865
987
257
528
985
775
1046
987
265
1048
989
269
540
995
273
1056
1003
84873474
987
777
1560
991
267
538
995
785
1056
999
275
1058
1007
783
1021
-267911184
-267910201
261
1044
987
267
538
991
783
1054
997
785
1568
1005
273
544
1013
-335609151
-335608368
983
1048
989
267
538
993
269
540
999
783
1054
1009
-67107575
-267795
-266798
542
997
269
1052
1003
271
1048
997
540
997
1054
997
1568
999
273
544
999
783
1054
999
319755222
538
993
1048
993
1052
993
1052
993
269
1052
995
269
1052
1001
271
1009
271
995
1048
995
1048
993
1560
993
777
1048
997
286200570
-1717292
-1716295
271
1005
1292
1007
-267844138
-267974682
-269421490
-269420707
1007
783
1054
1015
-134217191
983
1058
989
1058
991
550
999
787
1058
1011
-67108086
987
544
991
1572
997
277
548
1007
51319560
985
1054
991
1056
995
275
1058
1003
783
1054
1013
-100662312
1054
993
542
999
271
542
1011
775
1758
1560
987
540
989
1054
993
1056
997
1568
1005
781
1564
1013
783
995
546
999
548
999
275
546
1007
271
1054
1013
271
1023
1534
-268305183
1005
269
540
1013
-33553448
1764
768
1791
2302
3325
3596
23
-929983427
-931432415
1280
2846
995
1056
999
271
542
1005
84935636
538
993
1050
991
1050
991
538
993
777
1048
997
152043774
1023
1806
2077
997
353308922
997
532
993
532
995
1046
989
1046
987
1048
983
779
1562
985
265
536
987
273
544
993
219091706
1015
983
775
1046
985
269
540
989
273
544
989
277
1060
997
84873470
981
1042
983
1048
985
269
540
991
783
1054
999
785
1056
1007
-67108360
-67107337
-67106826
-67105825
781
1564
1009
17826770
540
987
540
991
1056
997
542
1007
777
1800
2823
3304
496
1487
496
1481
496
975
496
1519
2030
-804653626
-1609176702
271
-1183256
-1182233
-1181210
-1180231
532
983
536
989
1562
995
1052
1005
265
-1793
-1308
1008
1491
496
1497
496
1495
496
1519
2542
3025
1493
1497
1519
2030
2541
3564
-650798
-650527
1001
267
538
1005
773
1556
2010
1258
1008
1499
496
1007
1270
1541
993
271
1003
783
1008
391
-525639
1250
757
1780
2803
3826
4849
5872
6383
7406
7917
8428
8939
9962
10985
-1072423782
-1072423511
-1072423240
995
273
544
1001
84874228
84875006
261801440
85
3113
496
1023
2018
783
1005
778
-1339415663
-1339415170
-267843627
-267843144
-267580969
-267579972
511
1504
1052
993
775
1046
997
219152636
1286
15
2671
-1446463
-1445952
-1445681
991
277
1060
1001
84873988
983
267
538
985
785
1056
989
787
1570
997
275
1058
1007
271
1019
-267911180
-267910909
985
269
540
987
785
1056
991
787
1570
997
789
1060
1005
-60422
-59399
-58376
-57393
259
1042
985
263
1046
989
269
540
991
271
542
997
273
544
1005
271
542
1017
2010
1429
1008
431
1965
2476
-1048678
-4987118
-4986095
-541463832
-1077550127
985
275
546
993
789
1572
997
789
1060
1001
275
1058
1015
989
1288
2295
3078
1009
271
995
2172
1007
2506
496
1519
2542
4334
5357
5868
6891
7674
1015
271
1021
271
997
540
997
540
999
1564
1001
273
1056
1005
151982852
271
995
1052
999
1054
999
544
1003
271
1054
1009
84873992
-194093
-193070
-192799
1001
219153364
1556
991
775
1046
991
779
1050
993
265
1048
995
319754486
1009
989
773
1556
989
261
532
991
269
540
995
252645624
1009
503
496
1267
1538
987
773
1044
991
779
1050
995
151982838
1011
271
987
257
528
987
261
1044
989
265
536
993
185536758
1009
783
983
261
1044
985
538
987
542
989
544
997
546
1003
785
1056
1011
970
1566
979
548
983
552
991
275
546
1003
781
1052
983
544
983
1568
987
1062
989
1058
993
1060
999
781
1052
1009
773
1044
987
1760
-2365193
-2364190
-325667
-324662
496
989
496
1503
496
1519
-536614005
-536613018
769
1552
987
775
1046
987
265
1048
991
781
1052
997
777
1048
1003
783
977
528
973
528
975
1560
979
1564
983
544
987
1056
993
1570
1001
777
1048
271
1023
-394251
-393468
987
779
1050
989
781
1052
997
219091710
985
257
1040
987
773
1044
987
265
536
991
269
540
995
781
1052
1007
271
977
1040
981
532
983
1052
987
544
993
275
1058
1001
785
1568
979
1044
981
536
981
1564
989
1054
995
1568
1005
269
540
981
528
981
532
981
265
1048
987
269
540
993
273
1056
1001
781
1052
973
530
977
536
981
1050
979
1054
985
548
989
1060
999
785
1056
1009
271
507
-267974183
-267973204
536
981
1050
985
271
542
989
273
1056
999
271
542
1009
-605036855
999
269
540
981
1560
985
1054
987
542
989
1056
995
544
1001
267
1050
979
1040
977
1044
979
1560
983
1054
987
546
993
548
1001
787
1058
1011
777
1560
987
1056
993
277
1060
997
277
548
1003
279
1062
1013
-60897
995
1060
995
1060
1001
277
1060
1005
269
1052
1013
783
783
985
1056
987
544
991
1060
999
275
1058
1007
781
1564
1015
987
-1311497
-1309745
1250
257
1246
1250
2180
981
1008
-268302382
-268301389
1566
997
1052
1005
265
1048
1011
-33553458
1058
989
1058
993
1058
1003
785
1056
1011
-33553383
993
546
997
1058
1003
783
1054
1009
271
534
-397847
-1053233
-1052450
1492
261
256
487
3364
1008
511
-785437
-2097752
-2096729
-2096468
-2096197
987
261
532
987
775
1046
987
265
536
989
783
1566
995
273
544
999
219091198
1021
783
989
785
1056
995
277
548
1001
793
1576
1003
281
552
1013
271
1
499
1005
496
1493
1003
491
511
1534
2045
-129049
-128028
-127757
985
769
1040
987
261
532
991
777
1560
993
269
1052
999
271
542
1007
781
1564
977
1554
975
1046
979
1564
983
1056
989
1056
997
1054
1005
773
1752
2085
496
-131084
-130585
1011
496
1501
1008
2021
496
1507
271
1054
1015
151982858
999
1048
1001
538
1001
265
536
1005
265
1048
1005
219091202
999
1050
999
1564
1001
269
540
1001
781
1052
1003
777
1048
1005
271
991
1050
989
1562
991
1050
991
1052
993
540
991
1560
995
263
534
1001
271
1050
991
1048
987
1562
987
1564
987
1564
987
781
1052
991
269
540
995
783
993
1560
989
1046
987
534
985
534
985
1560
983
265
1048
983
779
1050
987
779
1050
997
783
1005
-717892
-716869
-715872
538
997
263
1046
999
773
1044
257
1280
2062
1023
2032
496
-1506398
-1505375
-1505104
979
1562
983
1056
989
1058
993
1056
1001
269
1052
1009
771
2327
983
1562
989
1564
989
544
989
542
991
1054
995
271
1054
1001
777
1560
-2233874
-270336567
-270336078
496
1501
496
987
496
1505
496
999
-268042762
-536348705
-536347682
-536346659
-804914264
-804913753
-805439638
991
781
1564
1003
981
1040
981
1560
979
1560
985
269
540
987
781
1052
997
-61186
979
1044
983
263
534
987
777
1560
995
248
973
532
975
1558
975
540
981
1052
989
779
1050
979
1050
981
1052
985
783
1566
993
84874186
542
987
271
542
987
785
1056
993
319754488
1013
257
789
1060
995
789
1060
1003
783
1013
783
991
781
1564
995
252646138
257
528
995
259
1042
995
773
1556
995
775
1558
997
783
999
271
1005
1013
-267840547
-267839542
1008
2005
1497
1008
1499
496
1485
263
534
993
263
534
995
151982328
-940374897
-655403
-654916
-261142
-260365
-260094
1003
267
538
1005
84935699
997
540
997
779
1050
1003
17826833
993
1054
997
265
536
1005
769
1819
983
1054
987
546
993
544
1001
779
1050
983
265
536
989
779
1050
999
17827341
987
265
1048
995
768
983
263
1046
987
263
534
993
773
1556
1023
2046
2317
977
1570
975
1058
969
1060
969
1576
965
558
967
566
969
1052
983
151982328
989
1054
993
783
1566
997
779
1562
1005
783
991
536
995
1562
995
1560
993
1048
995
775
1046
1001
271
995
1764
1248
2531
1760
774
-402651904
-403965205
-403964182
-403963193
777
1048
995
265
1048
1001
269
1052
1007
271
542
1015
-518585141
1011
17826058
987
1052
991
1052
995
540
1003
777
1048
774
1797
2308
1262
2045
995
265
536
993
779
1562
997
783
1003
271
1013
987
261
532
991
265
536
993
185536758
1009
271
989
771
1042
989
773
1044
995
779
1050
1001
50862009
530
989
1044
991
1042
991
261
1044
991
773
1556
995
219091192
782
-369625123
-369624612
-370543164
-370542381
993
1052
993
267
1050
1001
783
271
995
540
993
540
995
1054
995
544
997
785
1568
999
779
1050
1009
271
-536479503
1009
781
1052
1017
271
1023
271
3061
3593
999
534
999
1046
999
263
534
999
775
1046
1003
271
1009
271
999
1040
997
530
993
771
1042
989
769
1552
989
773
1044
989
265
536
993
219091702
1009
1023
-268172827
-268171808
-268171025
496
989
1499
496
1519
2542
3023
496
1489
496
-914012
-913501
-912445
1003
273
1056
1013
-67107884
534
987
1048
993
271
542
1001
781
1052
983
530
985
536
989
1052
991
542
1001
269
540
1007
777
1764
-2106652
-2106141
-2105652
1008
2003
1008
2009
-268430915
991
1254
1798
2309
-1309973
-1309462
-1308439
-1307460
1040
977
1042
975
528
975
1042
975
532
981
259
530
989
769
1792
2781
540
991
540
991
536
993
1560
993
773
1044
995
265
536
999
271
1762
1248
1252
-2105140
496
1519
2030
2541
2812
995
775
1558
1564
969
1058
975
546
981
1570
993
2208
-1340871775
-1340871288
1001
1008
1493
1023
1534
2021
1008
2066
1003
271
542
1013
987
542
993
544
999
785
1056
1007
269
540
985
536
987
1054
991
542
999
1052
1009
263
534
-133134
-132139
540
997
1054
1001
273
544
1003
783
1054
1009
783
1054
1013
271
983
1052
983
1054
985
1058
987
1572
989
544
995
271
542
1003
84934910
987
550
991
1060
991
273
1056
995
775
1046
981
1042
981
1048
985
538
985
1054
987
544
991
1054
993
1052
995
263
1046
2026
-806357577
-807807077
1254
1774
1005
993
257
1040
991
257
1040
989
261
1044
993
252646132
1005
271
987
1044
983
1046
983
1048
985
265
536
987
779
1050
993
271
1005
271
977
1052
979
546
983
1060
985
1058
993
785
1056
1005
781
1052
981
1040
983
1554
979
532
981
265
1048
985
779
1050
989
269
540
997
271
-1409285146
-1409284635
-1409283852
1009
777
1560
1017
271
1017
1800
256
3317
-1179701
-1443911
-1443640
505
-267714042
37
2738
905
496
1023
2046
3041
-193581
-192558
-191567
532
991
1050
995
1052
997
781
1052
1001
775
1046
987
1756
1252
-3017726
57
759
3647
2031
3054
4053
1008
1487
496
975
1008
-536481617
991
1052
995
540
997
1052
1005
269
540
1013
486
-269020758
981
1048
985
1564
987
1056
995
275
546
1003
273
1056
1013
-67108598
987
1058
991
273
544
1003
781
1292
2291
-268172841
-268172350
1007
781
1052
1011
273
544
1017
783
1023
271
997
540
999
544
1003
1056
1005
781
1564
1007
271
1050
983
540
983
1056
985
548
991
550
1001
791
1062
1009
51319776
273
1056
999
151982852
993
540
997
1570
1001
273
544
1007
787
1058
1011
781
1052
1021
989
257
528
991
775
1046
995
777
1048
1003
151982338
985
261
532
989
779
1562
993
779
1050
999
781
1564
1009
783
987
777
1560
989
781
1052
993
271
1054
1001
151982336
985
1048
987
783
1566
993
273
1056
997
785
1056
1007
783
979
1552
981
261
532
983
263
1046
989
263
534
999
-203033673
-203033402
985
783
1566
989
273
544
995
785
1056
1003
17765124
989
265
1048
995
271
542
999
271
542
1005
785
1056
1015
271
989
777
1560
993
781
1564
997
271
1054
1005
785
1056
1011
271
985
267
1050
989
1052
993
273
1056
997
273
1056
1003
51319776
269
1052
1011
271
540
993
544
995
1570
1001
546
1005
273
1056
1011
271
783
997
536
997
536
999
265
536
999
263
534
1005
271
993
1048
-1190924
1045
997
2443
271
1050
991
540
991
1052
989
540
991
538
993
779
1562
997
783
991
1248
1248
1284
1795
-518969
-517913
999
1056
999
273
1056
1001
781
1052
1001
319754496
783
993
536
991
1048
989
1562
989
265
536
991
265
1048
995
319754488
271
995
1048
995
536
995
536
991
1560
993
1052
991
269
1052
991
265
536
997
783
1005
783
1040
987
1554
985
530
985
773
1556
987
265
536
989
267
1050
995
271
1007
528
987
1552
985
528
987
1554
989
769
1552
993
769
1552
2010
1758
1756
1760
1764
-536869671
1008
-522794
-521771
-520748
-268824660
496
1499
779
1050
1009
185536774
511
992
483
-654413
496
1485
496
981
1008
2021
271
1021
987
261
532
989
265
536
993
1052
999
1056
1003
785
1056
1011
269
540
1019
271
989
1562
989
1056
995
785
1056
1001
273
1056
1011
781
1052
1019
-3209397
-3864813
-268434981
-268434203
-268305930
-268305419
-268305148
1005
787
1058
1009
219091206
1019
1007
489
1003
783
1054
1011
271
511
1490
1552
981
532
983
265
536
991
1052
993
273
544
1001
785
1056
1009
783
1054
1017
983
1827
997
1568
1001
271
542
1011
271
993
1054
997
544
999
1568
1001
269
540
1009
783
993
779
1050
997
271
542
1001
785
1056
1005
273
544
1011
118427914
995
1566
999
273
544
1003
785
1056
1011
151982344
991
269
1052
993
269
540
997
273
1056
1007
51319764
269
540
991
785
1568
997
273
544
1009
17765332
1052
993
1052
997
269
1052
1007
-67110937
-67110666
985
536
995
775
2579
-238818957
-239932113
-239931622
496
1489
1008
2005
1766
1258
1256
1256
1252
257
1246
1764
1254
1766
536
991
534
989
532
993
1048
993
536
993
263
534
993
261
532
1003
2044
3416
-905969196
-907942986
1254
1254
1768
997
-650304
-649793
-648770
-647747
-647236
-646725
-645702
-269014671
1008
1499
-267973156
1008
2007
1008
2031
2804
3587
271
977
1040
977
1556
979
265
1048
979
265
536
985
781
1564
993
783
265
1048
991
1052
989
1054
993
271
542
999
572400577
-1876491884
-1876491613
1003
271
1013
273
768
1017
261
768
1023
257
1001
795
1066
1007
791
1062
1007
783
1015
5
503
495
-267316773
-267316284
496
1493
1008
2007
-269347929
-503315502
-503314991
-503314208
997
773
1044
1001
271
989
-393491
-392484
491
-804708943
-804707938
496
989
1008
1501
496
993
496
991
496
-194836
-194565
1009
271
271
993
1052
993
544
995
1054
1001
273
544
1009
51319048
995
1560
997
265
536
1005
17827341
989
1560
993
1048
999
773
1556
981
536
987
1050
991
1052
997
265
1048
1007
769
1821
985
1054
989
1058
993
546
999
273
1056
1007
260
985
1058
989
1060
993
1058
1003
269
540
1011
985
542
987
1056
991
546
999
271
1054
1007
-134216175
989
271
542
995
271
542
997
271
542
1009
-33554168
991
1052
993
1054
995
1056
1001
785
1056
1007
783
1019
487
496
1491
-268896878
273
544
1007
-457293
265
536
979
1044
979
1052
985
1054
991
1052
997
269
540
1007
-134216712
-134216441
987
1562
989
269
540
989
269
1052
991
269
1052
995
783
1005
271
783
981
1044
979
1048
981
540
981
1052
983
273
1056
991
781
1564
999
17826760
1044
981
1046
981
1048
987
265
536
993
271
542
1003
51319044
987
773
1044
987
777
1560
991
269
540
995
269
1052
1005
84873992
993
271
1054
995
271
542
999
273
544
1005
271
542
1015
271
987
1564
991
1568
997
273
544
1001
273
544
1013
63
257
1453
403
496
-234880024
-234879001
-234878504
1008
2031
2542
84876528
995
777
1048
995
777
1560
999
271
1005
271
1017
769
1013
497
1008
2015
1008
1503
1008
219092710
1007
783
1017
265
1048
989
267
1050
993
269
1052
997
185536764
1015
1560
989
265
1048
991
777
1048
995
219091198
-2231903
-2230861
985
1556
987
1044
989
261
1044
991
261
1044
995
118489850
983
1558
981
1048
981
1050
981
1564
983
1562
987
269
540
997
17827329
983
1046
983
1044
981
1052
983
1568
987
1056
989
548
995
1572
1003
273
544
1011
-33553389
983
1052
983
1060
987
1572
991
279
1062
999
277
548
1009
-61176
987
1052
991
1568
993
1568
997
273
1056
1007
783
1019
-63529
-62534
496
981
-268104747
-268104236
-268103725
-268102167
987
1560
981
536
981
538
981
1050
985
269
1052
989
271
1003
485
1008
2005
1008
1791
1003
271
542
1013
783
991
1048
993
1566
995
542
999
273
1056
1005
783
1054
1015
271
997
269
540
1001
271
1054
1005
273
544
1011
84873992
84874263
999
783
1054
1001
273
544
1007
273
544
1015
783
3
991
1052
995
1058
999
275
1058
1001
277
548
1013
783
1021
1056
993
546
999
277
548
1003
275
546
1013
1023
-2766418
1973
911
1519
-262689
-2758283
-2757498
-2757227
1011
271
987
1056
989
1570
991
1060
993
548
999
783
1054
1005
271
987
1060
991
550
995
550
997
275
546
1005
152043778
989
1052
991
1056
995
1056
997
269
540
1001
777
1048
1009
271
-301988898
-301987875
-301986867
-301985866
1008
1493
-268762703
-268761680
-268761195
1008
1493
1008
1279
983
536
985
269
540
989
269
1052
997
269
540
1005
-67108337
981
1564
983
1056
985
1058
991
273
544
999
785
1568
1009
783
981
534
985
536
987
540
993
783
1054
1003
-34341923
-34340900
-34340629
995
783
1054
1003
269
540
1013
783
991
536
991
1048
995
540
999
544
1001
785
1568
1007
781
1052
1013
1023
1806
511
-3679306
-3679035
987
1562
989
1052
987
1056
985
1058
989
1058
989
546
991
271
1054
999
271
991
1560
989
1050
989
1048
989
540
989
540
985
1566
985
269
540
989
779
1050
997
271
893
991
1008
2013
496
991
1008
1501
1008
-268302893
-268301892
496
989
1008
2007
496
1519
2030
3053
3324
985
1058
987
544
987
1054
989
783
1054
999
783
1050
985
536
985
1564
985
540
983
1568
985
1052
987
1052
991
269
540
999
783
532
989
1552
987
528
985
1044
983
1044
983
1048
985
536
989
265
536
993
777
1560
1003
783
783
993
1044
991
532
989
1048
989
267
538
989
781
1564
991
785
1056
997
271
1007
271
1015
271
991
269
540
989
269
540
993
269
540
997
185536768
1017
271
989
269
540
989
273
1056
993
273
544
999
783
1013
783
989
261
532
991
777
1048
991
781
1564
995
219091704
1011
271
987
769
1040
989
775
1046
991
777
1048
995
267
1050
1003
17764612
983
532
983
536
987
1048
991
267
538
1001
777
1048
985
1560
985
1564
987
1056
991
1056
997
785
1568
1009
264
989
544
989
1060
993
1060
999
275
1058
1009
84873478
989
1052
989
1568
989
546
991
1060
993
1060
1001
275
1058
1009
271
184746218
987
1282
-268964663
-268963640
-268962633
1008
1495
1008
2011
303964919
1023
507
1011
-536343608
-536342607
-268430403
-536735292
-536735019
-536734748
1013
271
1021
-804585048
-804583494
983
261
532
987
777
1048
989
267
538
999
265
536
1009
-4736253
43
1795
4189
1008
-2106391
-2106120
995
1052
999
267
1050
1003
777
1048
1011
1560
991
540
995
1056
999
273
544
1003
781
1052
1009
271
536
993
542
997
1056
1001
269
1052
1003
269
540
1013
271
271
993
269
540
997
273
1056
1001
785
1056
1011
271
1021
259
997
1023
1294
1005
-67108335
989
1564
995
273
544
1001
785
1568
1011
536
983
1564
985
781
1052
991
271
542
999
781
1052
1011
1564
983
1056
985
1060
991
1060
997
273
1056
1011
511
2045
3034
540
993
1052
999
267
538
1009
-134216712
-134216441
993
1052
999
267
538
1013
505
496
1495
1487
496
1493
496
1007
1790
987
1044
985
534
983
1044
983
532
981
1046
979
536
979
1050
981
1052
983
273
544
989
273
544
997
118428618
534
983
538
985
269
1052
987
783
1054
995
785
1568
1007
-60460
769
1040
993
773
1044
999
265
536
1011
782
981
530
983
1556
987
265
1048
999
773
1556
981
1044
983
777
1048
987
265
536
993
777
1560
1003
271
983
779
1050
987
265
536
991
779
1050
999
783
987
532
983
1560
983
1052
985
781
1052
989
781
1564
995
271
1005
783
989
1052
991
781
1564
997
152043772
540
991
1052
989
1052
991
269
540
993
779
1562
1001
271
993
534
993
1048
993
536
993
538
995
269
540
997
779
1050
999
779
1050
1003
783
987
534
987
1558
987
1050
987
538
987
1050
989
1048
993
777
1560
997
271
1260
1771
2772
3795
4818
5089
1003
783
1060
989
1060
985
1574
987
548
989
1060
991
1060
997
219091196
271
987
1560
985
540
987
1564
989
542
991
1050
993
267
538
997
783
746
-130070
-129805
-129022
1009
-134216752
542
987
1568
993
1056
997
265
1048
1007
-33553660
981
1568
983
1058
987
540
989
540
993
261
1044
2030
3053
3540
496
-261670
-261183
1008
2570
995
265
536
271
983
1556
983
1050
983
1052
983
1568
985
1568
989
544
991
1056
997
267
538
1048
983
1050
983
542
983
1056
987
1570
987
546
991
1054
995
781
1564
1001
271
511
994
496
1519
1782
2565
1003
271
987
1007
496
981
496
1279
1013
271
987
1564
989
1056
993
277
548
999
785
1568
1009
84873480
987
273
1056
991
787
1570
997
185536768
987
269
540
989
269
540
993
271
542
1001
271
1013
532
983
1046
983
1050
987
1562
991
779
1050
1003
-67107894
534
983
540
987
542
989
273
1056
999
273
544
1011
271
985
269
540
989
275
1058
993
277
1060
1001
789
1060
1013
271
983
544
987
1060
993
277
548
1001
785
1056
1011
783
983
1562
989
269
1052
993
781
1564
1005
-67504153
-67503376
-67502593
993
779
1562
1001
772
991
779
1050
995
267
538
999
151982336
983
265
536
987
269
1052
991
269
540
999
118427904
985
273
1056
989
787
1570
995
787
1058
1001
84874194
269
540
989
273
1056
993
273
544
1001
785
1056
1011
783
983
1042
985
536
985
1564
989
540
993
1564
999
269
540
1005
-67108343
983
1048
985
1562
989
1558
995
261
1044
271
1015
-1977897
277
256
487
-939522213
-939521702
-939520679
-939519656
-1475997887
-1744170193
-1744169410
-1744168627
991
781
1564
1001
271
1558
983
534
983
265
536
983
1052
983
1568
985
273
544
987
787
1058
995
252646140
1015
271
985
536
989
269
540
993
1054
997
781
1564
1007
-33614896
1558
985
1050
991
269
1052
999
777
1560
981
528
981
534
987
1562
991
1050
997
267
538
1005
773
1044
981
534
985
538
987
1566
989
544
995
785
1056
1007
781
1052
1017
1560
981
1050
985
1054
991
544
1001
269
540
1009
-168036887
-168035833
989
1056
995
785
1568
1005
265
1817
981
532
983
1048
985
538
987
1566
995
269
540
1003
777
1560
983
1048
987
1052
991
544
993
273
544
999
271
542
1009
-33553450
1054
989
1056
995
1570
1001
273
544
1007
-251656589
991
273
1056
995
785
1568
997
789
1572
1003
277
1060
1009
271
1019
271
271
995
269
540
997
1564
1001
781
1052
1005
151982852
511
1551
987
261
532
989
777
1560
991
269
540
995
785
1568
1003
84873986
985
1050
987
1566
987
787
1058
993
275
546
999
151982336
983
1052
985
1568
989
1060
997
787
1058
1005
17765401
985
1572
991
1058
997
273
544
1007
-33553389
991
1564
995
273
1056
1005
84873707
84874706
496
981
496
1007
1790
1007
271
1040
989
263
534
987
263
534
987
267
538
987
779
1050
993
783
1054
997
785
1056
1007
783
1017
989
267
538
991
269
1052
999
118428414
987
769
1040
989
261
1044
997
271
1013
501
496
1493
979
1007
1518
2523
271
989
1044
989
1048
987
538
985
1052
989
1052
987
1564
989
267
1050
993
185598714
983
1052
985
1054
987
781
1052
989
269
540
999
783
-919078
-918077
1008
1491
496
985
496
983
496
1519
2004
1008
2031
3325
1019
2063
983
1048
985
1054
987
546
991
1058
995
1056
1001
271
542
1013
1562
985
540
989
1056
993
540
999
781
1564
1011
983
1050
987
540
991
544
997
785
1568
1007
84873988
271
991
528
993
1040
991
259
1042
991
263
534
995
263
534
997
219091704
1009
271
271
53
3627
1008
1023
2046
3059
1008
1495
1028
991
532
991
1046
993
1046
995
777
1560
997
777
1560
1001
783
1007
271
530
993
1044
993
534
989
267
538
991
267
1050
991
269
1052
995
219091196
271
991
1048
989
536
987
269
1052
989
781
1564
995
271
542
1001
783
1011
783
983
1556
985
263
1046
989
263
534
995
51380476
981
530
981
1044
979
1046
983
1048
985
1562
991
267
538
1003
-33949209
-33948165
985
1564
987
271
1054
991
273
544
1001
273
1056
1011
271
985
1052
985
1056
989
548
993
550
999
277
548
1011
266
991
1056
995
544
999
785
1056
1007
781
1564
1013
271
989
540
993
1564
995
1052
1003
779
1050
1009
985
1046
987
1560
991
1048
995
1564
999
265
536
1007
271
989
1052
989
1054
991
1054
995
269
540
1003
84935668
84937186
84937682
84938705
84149680
84149947
84150218
993
775
1558
2737
909
1451
3497
4488
1042
991
1556
987
1046
989
534
991
263
534
991
775
1046
999
783
2062
5479
5990
7554
987
1056
993
1056
997
783
1054
1009
978
542
989
1568
993
1056
997
783
1566
1005
17826835
991
1056
993
277
1060
999
277
548
1003
785
1056
1013
271
993
269
1052
997
271
1054
1007
84873992
13
257
-267054117
-267053634
496
1491
1008
2814
997
151982330
-2630235
1762
1248
530
989
1552
987
528
985
530
985
1040
985
532
985
777
1048
989
267
538
993
269
1052
997
781
1564
1005
783
1013
985
1560
987
267
538
991
777
1048
1001
783
987
261
532
989
261
1044
993
263
1046
1001
783
983
534
985
1046
987
775
1046
995
51380737
983
1044
981
1558
983
536
987
779
1050
991
779
1050
997
118427902
983
1046
983
536
983
267
538
987
783
1566
993
783
1054
1003
271
1044
987
1560
985
1048
985
269
540
989
269
540
993
781
1564
1003
271
782
987
1040
987
1044
987
777
1048
991
265
1048
997
777
1560
1005
271
981
1042
985
263
534
989
775
1046
995
263
534
1003
1552
983
530
983
534
987
777
1560
991
777
1560
997
779
1562
1005
783
987
265
1048
987
781
1052
993
271
1054
997
151982334
981
1050
983
1564
987
271
542
995
783
1054
1005
774
979
1564
981
540
987
781
1564
995
777
1560
782
-1841920
1007
271
1017
271
985
773
1556
989
265
1048
993
185537272
1294
985
528
985
261
1044
987
263
534
989
775
1046
993
777
1048
1001
783
987
777
1048
987
777
1560
993
781
1564
997
118428416
987
1052
989
781
1564
993
286200056
783
985
1052
985
1052
985
1054
985
1054
987
1564
989
267
538
999
271
1294
985
1552
1023
1519
2520
496
1519
1780
2051
1005
263
534
1011
527
987
540
991
1564
993
1564
1001
267
1050
1009
264
991
1568
995
1058
999
787
1058
1007
118427910
987
1056
989
1568
993
1056
997
783
1566
1001
152043776
983
1052
987
542
989
1056
993
1568
999
267
1050
-3034695
777
768
1015
1445
401
496
1762
1282
2281
496
979
1008
1495
1008
2001
496
1519
2030
2301
987
1568
985
1054
987
269
540
989
781
1052
997
783
746
496
1497
496
1493
1008
2031
3028
1008
2003
496
1501
1499
496
1007
1492
496
1499
1049
2916
1023
2046
3069
3838
4621
987
771
1042
989
261
1044
993
777
1048
997
779
1050
999
777
1560
1007
17765324
1556
985
1562
985
1052
991
1566
995
1054
1001
267
1050
1011
-100662316
1562
989
1566
991
544
995
1568
997
273
1056
1005
151982340
985
1568
991
546
993
1058
999
783
1566
1007
271
1050
985
1052
985
542
987
1054
981
1052
981
536
987
1040
991
1050
993
1050
997
265
1048
1003
773
1044
271
1005
265
1048
1011
271
-268040723
-268040232
1008
1495
-267711015
-267710528
-194070
-193581
-785453
-785182
1
271
991
1568
993
273
544
997
277
548
1005
151982854
989
1560
993
265
536
997
781
1052
1007
262
987
1044
991
265
536
997
265
536
1005
-67242009
-67241738
993
781
1052
999
781
1052
1009
271
979
1564
983
1056
987
273
544
993
785
1568
1003
17765391
981
1054
985
1056
987
1058
997
273
1056
1007
-67108088
985
540
987
273
544
991
275
1058
997
273
544
1005
151982854
991
1560
993
1052
995
542
997
781
1052
1009
151982850
768
1015
-267579433
-267578436
1008
2031
3028
777
1560
997
777
1048
999
271
1009
783
271
993
771
1042
993
773
1556
991
775
1046
993
779
1050
995
781
1052
1001
185536768
1019
271
987
775
1558
991
779
1050
995
185536762
1013
1556
989
773
1044
991
263
534
997
17826046
985
1556
985
773
1044
989
777
1560
997
84873470
987
1048
987
267
1050
989
267
538
993
779
1050
1003
271
1046
983
536
983
1050
983
1050
987
779
1562
989
267
1050
997
783
783
985
1044
985
1558
981
1050
981
1052
985
271
542
987
785
1056
993
275
1058
1001
783
1013
1019
501
-267317795
-267316790
496
1519
-263711
-262724
1052
987
1054
989
1050
991
777
1560
999
783
271
995
536
995
1052
997
781
1564
999
269
540
1001
781
1564
1007
271
271
997
1052
995
781
1052
997
269
1052
999
781
1052
1003
271
1013
1568
995
1056
999
785
1056
1009
989
1054
991
1056
993
1056
997
783
1054
1005
51380753
993
1056
999
781
1052
1007
-33554168
991
1564
995
781
1052
999
783
1566
1009
17765334
1054
993
1570
997
273
1056
1003
273
1056
1013
271
991
785
1568
997
789
1060
1003
277
548
1011
271
1021
991
781
1052
995
781
1564
1003
783
1054
1011
271
989
261
1044
993
773
1556
999
271
1009
1048
985
267
1050
989
267
1050
993
781
1564
1005
783
985
781
1052
989
271
542
995
219091196
1015
271
989
267
538
997
151982332
511
782
989
1054
993
1054
997
1050
1001
779
1050
1005
17826307
981
1044
983
1556
985
1048
989
1052
993
1054
997
1052
1003
777
1048
2476
-33550919
993
1560
997
265
536
1003
84874222
496
981
496
977
496
1007
1996
777
1048
993
777
1560
995
779
1562
1001
271
1009
-268434470
-271722272
7
2687
496
925
-1444489
-1443704
-1443433
1001
779
1562
981
283
1066
987
811
1082
993
313
1579
327
1599
837
1108
1013
152045513
1955
913
496
929
-264222
-1319487
496
1007
2030
2301
999
773
-3021684
385
1791
983
1566
987
546
991
542
995
540
1005
-33553454
548
995
1062
1003
783
1054
1013
-67108598
983
1570
989
1062
993
548
1003
277
