49
75
74
74
75
73
56
89
75
73
73
75
73
57
89
75
73
65
83
74
74
62
84
76
74
63
84
74
75
73
62
85
75
74
74
74
74
56
88
75
74
66
81
74
74
73
61
87
74
73
74
74
74
57
88
75
73
74
74
74
56
88
76
73
65
83
75
73
61
86
74
73
75
73
74
58
88
75
59
80
82
75
74
68
80
75
74
61
85
75
75
74
73
76
55
89
74
75
73
75
73
58
88
75
74
65
84
73
75
74
74
60
86
76
74
74
74
74
58
88
75
74
74
74
75
57
89
74
74
75
75
73
59
88
74
75
75
74
74
58
88
75
74
75
74
74
57
89
75
74
74
75
74
56
88
75
75
67
80
75
74
74
74
58
87
74
74
74
74
74
56
90
74
74
61
58
102
74
60
86
74
74
63
84
74
73
62
84
75
73
68
80
74
74
61
86
75
73
74
74
75
57
88
74
74
74
75
73
56
55
108
75
61
85
74
73
74
73
74
55
89
75
73
74
55
53
69
115
71
67
84
75
60
85
74
60
85
74
61
85
74
73
69
79
62
54
105
74
73
70
77
58
66
95
74
73
74
57
56
105
74
63
84
73
74
59
87
74
56
88
74
74
52
82
86
73
74
58
90
74
55
88
75
64
83
73
74
73
73
74
57
87
75
73
64
83
74
74
62
84
73
74
62
84
74
74
60
86
74
71
75
74
73
73
74
73
57
87
75
66
80
74
73
74
73
74
73
56
88
73
74
63
83
75
72
68
80
73
74
60
85
74
74
73
74
73
56
88
74
69
77
73
74
59
85
75
73
74
73
73
59
86
74
73
74
73
73
58
87
75
64
82
74
74
73
74
73
57
87
75
65
81
75
68
78
73
73
62
83
74
73
63
83
74
73
74
72
74
58
86
73
67
80
73
73
64
60
96
73
60
85
73
74
74
73
74
56
87
74
74
73
74
74
57
87
75
73
75
73
75
57
88
74
74
75
73
75
57
88
75
74
63
84
75
74
63
85
74
74
64
83
75
74
60
85
75
73
75
73
73
57
88
74
74
62
84
74
74
72
74
73
57
63
99
75
61
84
74
74
64
83
74
74
61
85
74
75
63
84
74
73
62
85
75
73
75
73
74
57
88
75
74
67
80
76
73
61
85
74
73
74
74
74
55
89
75
73
65
83
74
73
73
74
73
57
88
74
65
82
75
73
63
84
74
74
62
85
75
75
63
87
75
75
76
76
75
57
91
77
59
88
77
56
91
76
76
76
74
75
57
91
75
76
66
84
76
75
59
89
75
76
75
75
75
56
91
76
75
75
75
75
57
90
76
75
62
86
75
75
63
85
76
74
67
83
76
76
59
89
77
76
71
83
77
77
76
59
92
77
76
76
77
76
58
92
78
75
76
77
76
57
93
75
77
76
75
76
56
91
77
71
80
75
57
91
77
75
75
75
75
57
91
76
75
61
88
75
76
64
86
75
76
64
88
74
58
83
88
77
77
62
94
57
79
96
79
61
92
78
78
78
74
81
57
71
102
78
62
90
78
77
62
90
78
63
88
77
76
64
88
77
76
61
90
77
76
66
88
75
57
92
77
76
61
89
77
63
87
76
75
77
74
61
88
78
72
78
75
76
57
91
76
76
76
75
66
54
99
79
59
90
76
59
89
76
59
89
76
59
89
75
59
89
76
57
90
76
57
90
77
55
92
75
58
93
75
76
59
89
76
74
76
75
57
91
76
66
85
76
58
89
77
57
90
77
57
91
75
57
91
76
58
89
76
58
90
75
74
75
75
75
60
88
75
75
74
76
58
89
76
74
75
75
58
89
76
74
74
74
58
90
75
74
75
74
59
88
75
75
74
75
58
88
76
73
75
75
57
88
75
75
74
74
58
88
75
64
85
75
74
74
74
57
88
75
74
74
74
57
89
75
74
74
74
59
86
75
74
75
73
58
87
75
71
77
74
74
74
73
58
88
75
63
84
76
64
82
75
66
82
74
74
75
74
58
88
74
64
85
74
74
74
73
59
87
75
73
74
74
58
87
75
73
74
74
59
86
75
65
83
73
64
83
75
66
80
75
73
74
74
64
82
74
74
74
73
58
87
74
72
74
62
85
73
67
81
73
74
63
83
75
73
65
82
75
73
63
85
74
74
64
83
74
74
74
74
75
56
59
104
75
61
85
75
73
74
73
74
57
87
75
67
80
73
74
65
82
74
73
74
73
73
56
88
74
67
80
73
74
65
80
75
75
61
84
75
73
66
81
74
73
66
82
73
74
63
84
74
74
74
74
74
57
57
105
75
74
74
74
57
87
75
74
65
81
76
72
74
62
86
60
86
74
75
58
87
75
73
74
74
75
56
88
76
64
84
74
74
62
85
74
73
65
83
54
89
78
58
87
75
73
74
73
61
86
74
58
62
101
74
56
89
74
74
73
74
74
56
89
75
61
85
76
65
82
74
64
84
74
74
75
73
59
88
75
67
82
74
74
67
82
75
74
75
75
74
57
90
75
75
63
84
75
74
63
84
76
73
65
83
75
74
64
84
76
73
62
86
75
74
63
85
75
75
68
79
75
75
74
59
87
75
75
74
74
74
58
87
75
74
65
83
76
73
64
84
75
75
64
83
75
75
64
84
75
75
63
84
75
75
66
81
76
74
60
87
75
75
73
74
74
59
85
76
74
73
75
73
57
89
75
74
66
81
75
74
64
83
75
73
75
73
74
57
50
112
75
66
81
74
74
60
86
75
61
85
75
73
65
76
81
74
60
89
73
57
88
74
75
73
60
59
101
74
73
74
73
57
87
76
73
75
72
59
88
74
67
81
74
59
76
86
76
66
73
84
67
81
68
79
65
82
74
65
83
74
74
64
57
59
115
74
57
87
75
73
74
73
74
57
86
75
74
58
89
74
74
73
74
74
56
88
75
65
84
59
58
99
79
60
87
75
67
81
73
61
86
75
74
74
61
85
77
74
70
79
59
81
83
74
74
75
74
57
90
75
66
83
76
73
68
81
76
75
73
75
56
89
75
66
82
75
74
74
74
59
86
76
70
78
74
74
74
75
57
89
74
75
74
74
75
74
74
55
90
76
62
85
75
66
82
75
64
84
74
75
62
85
75
74
63
84
75
74
63
84
75
74
63
84
75
74
62
85
75
74
62
85
74
75
65
83
74
61
73
87
74
74
74
74
75
56
88
75
67
82
74
68
80
75
74
64
84
75
73
75
75
74
57
90
74
74
75
74
74
57
89
75
68
79
75
75
61
85
75
74
75
74
73
59
87
75
75
65
82
76
73
63
85
76
73
63
85
75
75
62
85
75
65
82
74
74
75
74
74
74
74
75
55
58
107
75
62
85
75
74
63
84
75
73
65
83
75
73
64
84
74
74
74
73
74
58
88
74
74
74
74
74
57
88
75
73
73
74
74
56
89
75
73
63
84
75
74
66
82
74
73
60
86
75
74
74
74
74
56
88
75
75
63
84
74
73
64
84
74
73
63
84
75
73
62
85
74
74
63
85
74
73
63
84
74
74
63
85
73
74
63
84
75
73
68
80
75
73
73
74
57
60
102
75
73
74
73
58
87
75
73
63
84
74
75
62
84
74
66
82
74
74
63
85
74
75
63
84
74
74
63
84
74
75
73
74
73
56
58
106
74
62
85
74
73
74
74
74
57
88
74
75
74
58
90
57
80
84
74
61
86
75
73
63
85
75
58
76
86
74
74
74
74
73
57
57
77
102
75
59
85
74
73
73
74
73
57
87
75
52
95
74
73
58
87
74
74
62
85
73
63
74
84
74
74
74
72
75
57
87
75
73
62
84
75
73
61
85
75
73
63
84
74
53
83
84
74
65
70
84
74
73
69
75
76
74
61
83
75
72
73
62
83
73
74
73
73
74
56
87
74
73
74
73
59
85
75
73
74
74
72
57
88
74
65
82
74
72
67
81
75
73
59
85
75
73
74
73
73
57
88
74
73
64
83
74
74
61
85
74
74
61
84
76
72
61
85
74
74
62
84
74
73
66
81
74
74
61
85
75
73
74
73
74
57
88
74
73
72
75
73
62
85
74
59
86
74
73
56
58
103
75
59
85
73
74
61
84
74
74
65
81
74
74
73
73
59
87
74
73
73
74
65
83
74
73
59
85
75
73
73
73
74
56
87
74
67
80
73
73
61
84
74
73
73
61
85
74
73
74
73
73
57
87
75
73
63
84
74
74
66
80
75
72
74
58
87
74
73
74
72
75
56
88
75
73
64
82
74
73
63
84
73
74
67
79
75
73
73
59
86
74
73
63
83
75
72
67
80
67
78
73
58
59
101
74
73
73
59
85
75
73
72
73
74
57
87
76
71
74
59
86
74
74
65
80
74
74
61
84
74
74
73
72
74
57
88
73
73
63
83
74
73
64
82
74
73
63
84
73
74
61
84
74
74
66
80
73
73
62
85
74
72
65
82
74
72
74
73
59
85
74
74
65
80
73
74
64
81
74
73
62
83
75
72
74
73
73
56
87
73
67
80
73
64
81
74
73
67
78
73
73
73
61
84
73
73
73
73
70
56
89
74
64
82
74
72
66
80
73
74
67
79
56
55
95
76
61
85
74
60
85
74
73
56
88
77
57
87
75
73
73
63
71
86
54
94
56
74
92
56
74
89
74
73
73
58
62
99
57
78
85
75
73
73
73
58
86
75
74
58
87
76
54
90
75
57
88
75
73
74
74
59
86
74
74
74
73
58
88
74
73
73
74
58
88
73
64
83
74
74
73
74
54
90
75
66
82
74
62
85
74
73
73
75
58
87
75
64
84
73
74
63
84
75
57
90
74
59
86
75
73
74
73
60
85
75
66
80
74
57
61
103
58
88
73
73
74
73
74
73
73
56
89
73
66
82
73
74
73
74
74
56
88
74
74
73
73
59
87
73
65
82
74
73
74
74
57
87
73
67
80
65
80
74
74
58
85
75
73
73
74
59
86
74
63
81
74
74
56
87
76
64
81
75
61
83
74
65
81
75
72
63
82
74
73
74
59
84
73
54
89
74
58
86
74
73
73
73
58
87
72
73
73
73
58
86
74
72
73
73
59
86
74
62
83
74
66
79
74
71
75
72
74
73
74
55
88
74
59
87
73
58
87
74
74
72
63
83
75
73
74
73
57
88
73
73
74
73
59
87
74
65
82
75
64
82
75
73
74
75
57
87
75
64
83
74
73
74
73
58
87
74
68
78
73
58
87
72
74
74
73
59
85
74
74
74
65
55
94
77
58
87
75
58
86
75
74
64
82
74
58
87
74
74
73
73
58
87
74
64
81
74
56
89
75
74
74
73
57
88
74
74
63
81
75
54
90
75
73
75
74
57
88
75
65
81
73
55
90
75
74
73
74
56
89
74
62
82
75
55
90
74
63
84
75
73
63
83
76
58
86
76
56
89
74
74
74
73
57
89
74
56
88
77
71
77
75
73
73
74
56
88
75
74
52
54
96
78
58
88
75
59
85
75
58
81
59
77
90
53
85
88
75
74
74
74
53
93
75
57
87
77
55
90
75
58
87
75
62
86
74
55
90
78
74
75
74
58
88
75
75
74
53
90
79
55
92
75
75
73
74
57
90
74
55
89
78
74
60
87
75
73
75
74
57
89
75
51
90
80
76
74
74
59
58
103
76
57
57
96
76
59
88
74
59
87
74
57
89
74
57
87
75
74
74
73
74
59
87
74
74
75
58
55
97
79
59
87
75
74
73
75
57
87
74
74
73
75
56
87
75
73
73
73
57
88
74
74
74
73
57
87
75
74
73
74
56
88
74
62
84
74
59
86
74
73
74
73
57
61
101
65
80
73
55
89
74
75
72
74
58
86
75
73
62
59
92
76
59
86
75
67
79
75
62
84
74
50
89
78
57
90
74
73
73
74
56
87
75
53
87
78
65
83
74
72
75
72
73
74
54
55
94
78
63
84
74
74
73
75
57
86
75
57
87
75
56
89
73
59
86
73
59
85
75
59
85
74
60
85
75
73
73
74
58
86
75
73
74
73
57
88
73
74
73
75
56
88
74
74
73
73
54
89
74
74
73
74
56
87
74
73
74
72
55
89
74
73
73
73
56
87
74
73
73
73
55
58
102
75
74
71
57
87
73
74
72
73
55
87
73
65
82
73
73
59
85
74
64
81
73
66
80
74
62
83
74
62
84
73
65
81
56
53
94
72
54
92
76
71
74
73
73
59
85
73
54
88
77
56
89
74
56
88
74
57
87
73
54
87
78
63
84
74
73
73
60
64
96
50
79
88
56
72
91
74
72
60
85
74
62
48
69
90
80
75
72
55
76
87
73
68
80
54
71
93
55
80
83
73
74
73
56
87
74
61
83
72
53
91
74
55
90
74
73
73
75
73
56
88
73
75
73
73
58
58
104
75
73
73
57
87
75
73
74
59
86
73
74
73
74
55
88
74
60
84
74
64
81
74
72
73
60
86
73
65
78
74
55
87
74
73
72
61
84
74
73
56
57
93
76
56
87
74
58
86
73
60
83
74
58
85
75
58
86
73
73
72
61
84
75
73
72
54
87
77
54
89
75
57
86
73
59
86
73
52
59
107
55
89
73
73
74
59
85
73
73
53
56
95
77
56
88
74
57
86
75
73
74
53
89
76
55
90
74
56
87
73
74
73
73
61
54
93
77
53
91
73
74
73
73
73
57
88
73
55
87
77
55
89
74
74
73
61
84
75
63
82
51
52
95
78
55
89
75
74
73
60
85
74
53
87
79
55
89
75
68
78
64
73
85
63
63
91
77
59
87
74
74
73
61
85
74
57
77
85
56
78
84
57
74
88
73
73
74
52
54
93
77
55
89
74
73
69
77
74
56
86
74
58
85
75
54
89
74
57
86
74
55
90
53
88
76
55
89
74
73
73
59
84
75
72
73
53
88
78
74
73
73
57
87
73
74
73
54
56
108
68
61
90
55
87
73
69
76
72
72
57
85
73
73
72
59
85
73
73
72
74
55
48
113
74
73
59
84
74
73
73
74
54
88
74
73
73
73
56
87
74
73
73
60
85
73
74
68
77
57
86
75
74
73
73
56
86
75
73
