2040
2823
1009
783
1011
783
1009
783
1015
783
1013
271
1017
271
1019
5
769
1011
783
1015
271
1013
271
1021
-263706
17500885
1007
51319040
1011
783
1009
271
1009
783
1015
271
1017
271
1021
263
768
1021
261
256
507
1013
783
-536869941
-536868918
-536867913
271
1011
783
1009
783
1007
84873472
1013
271
1009
783
1011
271
1013
271
1023
1013
783
-741748856
783
1023
257
256
783
1007
783
1007
489500892
1009
783
1007
271
1011
783
1015
1005
271
1001
259
530
999
773
1556
1003
263
1046
999
773
1044
1005
151982322
151983105
1003
777
1560
1001
219091712
1009
783
1013
783
1017
-100926604
-1313318
-1312821
-4601668
1
783
1021
271
-202511416
-202572090
1005
440156871
1019
271
1015
271
1003
169624261
1003
271
1007
271
1015
271
1013
271
1017
271
1023
1023
1013
511
1526
1783
1003
271
1015
783
1009
783
1019
271
1019
1023
2030
783
1009
783
1015
783
1023
271
1021
271
1009
271
479
3401
-2366760
1019
768
511
509
499
1009
271
1009
271
1017
271
1013
783
1011
783
1011
783
1019
271
1017
271
1021
1022
-1051668
-1051409
768
1
769
1011
783
1015
271
1019
271
1007
51380478
1009
783
1009
783
1009
783
1009
783
1017
783
1015
271
1019
783
1021
509
256
511
2046
3069
257
507
1013
783
1013
271
1007
187511516
1009
783
1009
783
1007
271
1009
271
1017
271
1021
271
939
-134216980
768
3
261
256
9
257
1011
271
1011
783
1015
271
1023
271
1023
783
1005
84873970
84874753
1013
388838104
1011
271
1013
783
1015
1023
2046
2555
1019
1021
271
271
1013
783
1015
271
1019
1001
773
1044
1013
1009
271
1007
271
1005
771
1042
1003
773
1556
1003
321728732
1011
783
1015
783
1017
783
1019
783
1005
261
1044
1003
151982332
1005
303964395
1009
271
1013
271
1009
783
1015
783
1017
783
1
783
1005
769
1040
1007
84873470
1011
783
1009
783
1011
783
1007
783
1015
783
1019
271
1017
271
1013
271
1011
271
1015
783
1011
271
1019
783
1013
783
1015
783
1019
269
256
3
781
256
5
773
256
7
773
1017
1023
1019
271
1015
783
1013
271
1013
271
1019
271
1019
271
1019
783
1019
267
256
7
783
768
11
261
256
15
769
1017
768
9
769
499
1508
1779
1009
17826046
1013
271
1015
271
1019
1017
271
305939145
1007
783
1007
783
1015
271
1011
271
1015
271
1021
269
256
5
779
768
1023
259
1017
783
1021
273
256
3
783
256
1
263
256
1021
271
1017
783
1017
783
1017
271
1015
271
1015
271
1017
256
511
1019
2530
-301986368
-301985359
271
1009
271
1013
783
1017
3291
-262416
1011
271
1011
271
1017
271
1009
2017
1534
-1040184914
-1043339399
185537280
1015
271
271
1005
185536772
1013
271
1021
783
1023
2046
-34867241
-34866218
-34865195
-34864694
-34864423
1023
256
1023
511
1
271
511
1526
2309
1009
-1049119
-1048862
-1047839
1021
783
1023
783
1015
271
1013
271
1015
271
1023
271
1019
783
1019
269
768
1021
269
256
9
261
768
1021
1013
783
1017
261
768
3
773
768
505
1019
783
1003
355283160
1005
151982338
1007
271
1011
783
1013
271
1023
783
1005
261
532
1005
271
1009
169747185
1009
783
1017
271
1017
783
1021
261
768
511
1019
271
783
1001
257
1040
1009
151982830
151983613
1005
84873460
84873731
1019
269
1052
1013
783
1009
783
1017
783
5
263
768
1011
271
1007
271
1
1011
339493581
1009
271
1011
271
1009
783
1019
271
1017
1015
271
1019
496
945
1791
509
1013
271
1011
84873476
487
3290
499
511
507
1017
768
9
257
1015
271
1011
783
1015
271
1019
783
1017
271
1015
271
1019
783
1021
768
7
265
256
1019
1019
5
1017
1009
271
1011
-134216731
775
768
1
261
256
509
1015
259
256
509
499
-659714
901
1371
1279
1009
783
1017
783
1023
783
1021
1013
783
1021
1023
-100661283
-100661012
1008
257
929
505
775
256
9
771
1013
783
1013
271
1013
-268433933
-268432922
-268432651
1017
783
1
265
256
511
256
509
1013
271
1019
783
1021
783
1021
779
256
1
773
256
511
507
1009
271
1013
271
1009
271
1
783
1019
783
1021
269
768
1021
781
768
13
777
768
1023
256
509
1013
501
271
1013
783
1009
769
1040
1015
271
1015
783
1013
271
1015
271
1023
783
1019
783
1021
777
768
1023
259
1007
-3023414
-3023143
1017
783
1007
84873968
84874239
1009
118427904
1007
219091206
1019
271
1015
271
1019
259
768
935
1279
1021
257
1007
288174810
1015
271
1017
271
1019
783
1005
303964915
1007
271
1007
783
1015
271
1015
783
1021
271
1017
783
1017
783
1019
503
2005
265
1048
1005
265
536
1001
471737061
1017
271
1021
783
271
1013
271
1019
1022
-167770146
-167769131
-167768118
271
1013
783
1017
773
507
2302
1023
1005
271
1009
783
1015
271
1017
973
2495
783
1011
271
1015
783
1021
271
768
1021
263
768
3
259
1011
783
1021
271
1021
271
1013
783
1023
2026
257
1040
507
763
1017
271
1019
509
783
1009
783
1566
1003
783
1054
1005
783
1566
1003
271
1011
785
1568
1007
781
1052
1011
783
1009
271
1015
783
1015
271
1015
783
1009
271
1009
151982856
1013
783
1015
271
1019
783
256
3
783
256
1
263
256
9
257
1017
261
256
1019
1
261
256
5
771
2838
1279
1013
783
1019
1005
764
1007
187511004
1013
783
1015
783
1017
271
1021
1011
783
1013
271
1013
271
1015
271
1009
511
1534
2317
1013
783
1019
1019
1009
271
1011
271
1017
783
1017
271
1023
17826044
1009
771
1554
1009
169747181
1013
783
1015
271
1019
271
1019
271
1021
367
1449
-134215763
-134214995
5
257
256
271
1015
2290
2022
3029
271
1013
271
1013
271
1021
1007
286200062
1019
271
1015
783
-234879503
-234878492
-234878233
256
507
1015
511
-1054459
995
261
532
997
265
536
995
773
1556
1001
777
1560
1001
773
1044
1001
781
1564
997
777
1560
1003
269
1052
1003
505290989
1017
783
1008
2302
1007
-234879023
-234878008
783
1019
783
1019
271
256
1
775
256
9
775
256
511
1019
1534
2029
3038
-3155767
1011
118427900
1011
783
257
1040
1003
136192747
1019
-403571823
-403571040
1011
271
1021
783
5
261
1007
271
1007
271
1015
271
1017
783
1021
511
774
768
5
773
768
1021
1017
783
1019
783
1019
509
1375
1433
2031
2302
1009
271
1017
783
1023
256
3
257
511
505
7
265
256
1023
256
1019
1023
1806
1011
783
1013
783
1017
771
1005
771
1042
1009
151982848
1017
783
-2628648
-2628377
1013
271
1009
783
1021
783
1017
9
773
1007
271
1011
783
1013
783
1019
347
2022
2935
153036431
1013
151982846
768
783
1013
783
1017
271
1011
271
1011
16317676
1011
783
1013
783
271
1009
271
1005
270409973
1015
271
496
431
1271
768
5
773
256
11
259
256
505
271
1023
708591817
1007
219091710
1011
783
1011
271
1013
783
1021
783
431
1519
2534
3302
5
783
256
17
267
256
13
261
256
13
769
1013
783
1
271
1017
269
256
1
783
1011
1514
1
271
1007
777
1048
1005
773
1044
1011
271
1009
219091714
1013
271
1023
1011
783
1013
783
1023
783
1009
271
1017
783
1013
271
1013
271
1017
271
1023
769
1023
-3156269
256
1
771
256
951
-524564
9
781
768
9
261
256
7
773
768
507
3
771
256
7
257
1009
271
1013
271
1011
271
1015
271
1011
783
1013
783
1013
783
1019
783
1021
11
773
768
509
1017
271
1019
271
1021
7
771
768
1013
783
1007
783
1011
271
1009
783
1015
271
1015
271
1021
1009
783
1017
783
1015
271
1019
271
2758
496
-2516581986
-2516580963
-2518289529
-2518289258
1021
273
768
5
271
768
3
779
256
5
771
256
1021
271
256
1
777
256
7
261
256
1009
783
1003
169746671
1013
783
1009
271
1013
783
1017
271
1023
271
256
1
771
768
1023
783
1015
271
1019
271
3
1008
431
2031
2302
1011
271
1011
783
1015
271
1011
271
1017
783
1015
783
5
785
256
3
777
256
3
261
768
1017
271
1019
271
3
783
219091198
1005
404627697
1011
271
1015
783
1015
771
1851
933
-336730187
-336729164
-336727642
783
1013
271
1007
271
1009
271
1015
271
1017
35651802
1007
271
1009
51319040
1009
783
1015
271
1015
783
1017
775
768
1021
1013
783
1015
783
1015
783
1019
5
771
768
1023
1015
271
1013
271
1009
271
1011
783
1015
783
1013
783
1015
271
1013
256
9
265
256
267
256
1
257
256
1534
17766656
1009
271
1013
783
1015
271
1015
259
2278
1008
-3156777
1019
783
1013
783
1021
261
256
1013
271
1017
257
441
2021
783
1015
507
499
271
1011
271
1015
271
1019
257
256
3380
431
-305803604
1009
271
1013
783
1015
783
1015
271
1019
1534
2025
-919835
1019
1009
783
1015
783
1017
271
-61207
1007
783
1009
783
1007
169746675
1015
271
1015
271
1017
501
259
84873984
1009
271
1009
783
1011
271
1021
-3815468
-5261884
-5261101
1017
783
1
1017
783
1015
783
1015
783
1019
783
1
779
768
1
261
768
511
1017
271
1017
271
1017
271
1021
779
768
7
257
256
1023
1015
1013
783
1017
271
1019
271
1015
783
1019
783
1017
783
1
265
768
1
265
768
5
261
768
7
769
1017
783
1013
2794
1279
1011
783
1017
271
1017
1019
3767
1506
4540
203301613
1003
151982848
1011
271
1019
783
1019
1005
783
1013
783
1007
271
1011
783
1017
271
3
261
768
1019
271
1009
783
1017
271
1015
783
1017
271
1023
259
768
5
257
-905972818
841
496
941
1279
1021
271
1017
-918035
-917026
-916755
1005
783
1009
185537282
1013
783
3
271
1007
271
1009
271
1015
783
1
1353
431
1791
1009
271
1011
783
1019
783
1015
783
1019
771
256
511
1015
783
1015
783
1013
271
1017
1359
945
-917034
-2495788
1007
271
1011
84873992
1015
783
511
1007
783
1011
271
1013
271
1019
1007
270409967
1009
303964401
1017
271
1013
783
1015
1013
271
1011
273
768
1021
1005
305938639
1013
271
1007
783
1009
783
1015
1019
271
1015
783
1013
271
1017
7
257
505
511
1518
-1444394
783
1015
259
1005
783
1009
252645632
1011
271
1013
783
1023
1011
783
1009
271
1017
783
1013
271
1015
271
1015
783
1021
1013
783
1011
783
1013
271
1015
271
1023
273
768
1021
1534
1805
1003
288174298
1011
271
1015
783
1021
257
256
3
259
1009
-1710345
1019
3804
1445
1791
1007
136192243
1015
271
1015
17764606
1015
271
1023
-134215730
-134214947
1009
783
1011
271
1011
271
1019
271
1017
773
768
1015
271
1019
783
1021
783
1009
783
1009
169747181
1011
783
1011
783
1013
783
1013
271
1007
783
1011
271
1013
783
1017
-1313305
-1312296
185536764
1007
271
1009
286200576
1007
783
1013
783
1019
271
1011
271
1019
1005
17764608
1007
51319556
1009
271
1009
271
1011
271
1021
271
1011
271
1019
507
783
1021
507
1023
-1182755
259
530
999
259
530
999
773
1044
1001
261
532
1007
777
1560
1003
185536764
1007
783
1017
371073263
1013
271
1023
272384707
1005
271
1003
271
1009
783
1013
271
1017
271
271
1021
271
1021
-33553445
-33552934
-33551931
775
1558
1003
151982334
1007
783
1015
271
1019
271
1003
769
1040
1005
118427900
1015
783
-68686096
1009
51319550
1015
271
1013
271
1015
256
7
769
1011
271
1011
783
1013
271
1013
271
1013
1007
118428410
118428681
1007
271
1009
404627699
1009
783
1015
783
1015
783
1019
271
1017
271
1023
2046
2317
1011
271
1011
271
1017
783
1017
783
3
777
768
511
1007
271
1009
84873472
1011
783
1013
783
1017
783
443
-234880276
1017
271
1
773
501
1518
768
511
1011
271
1017
783
1017
271
1019
783
1023
773
256
3
769
507
1023
1294
1
773
256
507
1015
1011
783
1011
271
1017
1515
271
1
1534
-3815501
1009
49934814
1766
-1974055
1009
783
1013
271
1019
783
1019
271
1023
509
1019
271
1017
509
1017
1023
1518
-1574438
-5258325
271
1019
-1446932
-1445919
-131096
-130825
1011
271
-1578024
897
496
1526
271
1013
783
1013
783
1017
783
3
269
768
3
775
768
5
257
1021
271
1023
773
256
1023
271
1013
783
1015
783
1
265
768
1021
1015
783
-268173848
3
769
256
509
1013
1015
-503315045
-503314789
509
1009
783
1013
151982344
1013
783
1017
783
1017
507
783
1006
1013
1014
261
256
1
261
768
783
1007
783
1009
783
1019
271
1017
783
1001
771
1554
1005
675037897
1015
271
1021
783
271
1005
151982848
1017
783
1272
2029
1005
236855533
1011
783
1015
1357
1445
2031
2530
3541
4552
271
1011
271
1017
511
1007
271
1017
783
1009
271
1015
783
1015
2832
959
1007
2030
3041
271
1013
783
1019
271
1021
257
1015
271
1017
783
3
769
1015
1286
1009
271
1009
151982846
1017
271
1015
271
1015
271
1017
1021
1013
1011
1013
783
1017
271
1017
783
1015
783
1017
773
768
9
773
256
507
1021
1009
3
261
256
1021
5
773
1770
496
1013
271
1023
783
1005
236856039
1013
783
1009
271
1005
783
1013
271
1019
271
1013
511
4764
-131626
151982846
1007
271
1013
271
1017
271
1021
403
-671087186
-672534120
-672533337
1
1023
1001
271
1017
271
1009
271
1015
771
1015
-436206867
1013
783
1021
1003
771
1042
1011
51319036
1009
185536768
1017
271
1017
271
1023
1023
-919577
-919321
5
769
1009
271
1013
271
1015
783
1015
271
1013
271
1021
509
1007
17764591
477
988
1259
1015
783
1013
783
1009
271
1015
783
1011
271
1017
1013
783
1013
271
1015
271
1019
783
7
267
256
3
773
256
509
1007
783
1013
271
1009
271
1017
783
1017
271
1023
263
768
1021
259
256
5
769
768
1015
1013
783
1011
783
503
1520
-1182738
-4472915
507
783
1021
259
768
3
259
1005
271
1013
783
1011
271
1015
783
1017
1007
783
1009
783
1011
271
1019
783
1019
1001
263
1046
1003
775
1046
1009
185536768
1009
271
1013
271
1
271
1005
1002
1273
1003
84873468
1009
271
1015
271
1019
3322
431
-3813990
-3813719
1021
256
511
1009
783
1013
783
1011
783
1011
783
1019
273
256
1019
256
5
769
1009
271
1007
783
1011
783
1017
271
1015
783
1019
1001
779
1562
1007
118428420
1009
185537282
1013
783
1009
271
1009
783
1011
783
1019
783
1019
773
1005
271
1009
783
1017
271
1011
271
1013
783
1015
271
1019
265
256
1007
783
1011
783
1011
271
1011
271
3
261
768
1015
271
1013
783
1017
783
1021
256
1023
1017
783
1013
783
1017
271
1015
768
1
789
256
9
777
768
13
779
768
5
257
1017
271
1017
1021
768
13
265
768
11
259
1015
271
1017
783
1017
271
1019
11
777
768
9
259
1011
783
1009
271
1017
271
1013
783
1015
783
1017
7
267
768
511
1015
271
1011
271
1015
783
1017
271
1
1023
1019
783
1011
271
1013
783
1019
783
1023
261
768
783
1003
118427902
1013
783
271
1023
-402651201
497
1015
1999
1008
2011
-1182259
-1181988
1015
271
1011
2022
2023
783
1015
271
1021
271
1017
783
1013
271
1017
783
1017
267
256
7
509
1011
783
1017
271
1013
783
1013
271
1015
783
1021
783
509
1007
33760674
265
536
1005
271
1009
438182643
1015
271
1021
783
1003
783
1009
151982844
1009
219091200
1015
783
1011
783
1015
783
1023
777
256
5
261
768
1013
51319042
1009
271
1011
271
1019
511
1534
-335541804
-337251394
-337250883
496
1411
1403
-1275066967
-1275066456
-1275066185
-1184314
1008
2292
-60192
-59169
-58160
-57377
1007
783
1007
271
1021
259
256
1021
783
1013
271
1
269
256
3
259
768
1019
2034
84873982
1007
203301107
1009
271
1009
783
1017
783
1
271
768
1
261
256
1023
1009
271
1013
783
1017
1019
775
1046
1005
783
1005
151982852
1007
185537280
1011
271
1017
783
1019
271
1
269
256
1023
773
256
5
259
1009
271
1005
271
1009
783
1017
783
1019
783
1011
783
1007
271
1011
783
1007
271
1015
271
1015
271
1015
271
1019
271
1
269
256
5
259
256
509
-1316901
-1316630
1019
783
1013
7
775
256
9
261
271
1015
271
1019
1017
-503315529
-503314520
271
1011
783
1017
1021
3067
4090
-2234647
1013
252646156
271
905
2528
-3944003
-7492976
5
773
1003
783
1007
783
1011
271
1015
783
1011
219091212
1021
263
768
1023
769
1007
271
1011
783
1011
783
1023
271
1015
271
1015
781
256
1023
265
768
13
775
768
505
1013
271
1013
185536780
1013
271
11
259
1023
1534
2317
1017
783
1023
773
768
3
261
256
1017
271
1011
775
1013
271
1015
271
1021
271
1023
783
1023
781
768
1023
509
273
256
1
271
256
9
771
1013
495
1008
2009
496
1497
1008
2031
261
256
509
509
501
495
-63009
-62006
496
1509
473772973
473773996
238893972
-163758746
-163757723
-163756710
783
1007
783
1009
271
1011
271
1021
779
768
1023
271
1009
271
1021
271
783
1007
271
1013
783
1017
271
271
1017
17764606
1009
783
1013
271
1021
1015
783
1017
1009
271
1005
781
1052
1015
783
1007
271
1011
783
1019
1019
3
775
256
3
771
256
1023
783
1015
271
1017
271
1021
1011
271
1017
271
1023
271
3
269
768
1
777
768
1023
1019
783
15
273
768
11
263
768
1021
771
1009
783
1015
271
1017
1023
509
1532
2521
1008
-704641075
-704640578
-704903256
-705821804
-705820789
783
1015
783
1017
771
256
511
507
783
1013
783
1019
783
1019
783
1017
783
1021
783
1015
271
1011
783
1015
783
1011
219091712
1021
84873984
1007
783
1013
271
203301611
1013
271
1017
271
1019
1007
783
1013
271
1017
271
1023
783
256
1
265
256
1023
783
783
1021
275
256
3
259
768
7
1021
785
256
3
257
1011
271
1021
783
1021
269
768
1023
1015
1023
1806
277
1060
995
259
530
995
269
1052
995
-194329
1008
1517
505
1009
783
1007
783
1017
271
1013
271
261
1044
1001
270409961
1013
783
267
1050
1009
271
1009
271
1013
271
1021
771
1009
471737071
1013
271
1019
271
1019
783
1015
271
1013
783
1017
773
768
1
1015
271
1021
505
271
1019
1013
271
1015
263
256
509
505
271
1017
511
1015
783
1021
1011
-268172308
-268172037
1023
771
1001
785
1568
1009
706617587
1013
1007
271
1015
1021
271
1007
303964907
1015
783
783
1009
185537280
1009
185536772
1013
1019
271
1019
256
3
275
768
3
777
256
7
771
256
1019
271
1
259
1011
252645630
1013
271
1009
185536770
1007
773
1044
1001
775
1046
1005
151982332
1013
271
1019
271
1007
777
1560
1007
779
1050
1015
783
1019
783
1009
118427902
1013
261
256
136192755
1011
271
503
1496
261
2079
496
957
2029
-2363191
1009
783
1019
783
1017
783
1007
271
1011
783
1015
271
1
783
1011
271
1015
783
1021
783
1011
783
1021
271
1019
1013
783
1013
783
1019
783
1023
768
1
261
1007
783
1009
219091714
1017
783
1015
271
1021
783
1017
783
1017
1021
1005
271
1015
271
1009
783
1009
783
1013
51319556
1019
257
1009
373047497
1011
271
1015
783
783
1007
639508727
1017
783
1021
271
1015
783
1021
1013
271
1003
263
1046
1003
185536764
1011
783
1019
1003
777
1048
1007
471737063
1013
783
1023
271
1009
783
1009
271
1017
783
1019
271
1005
783
1566
1009
353309442
1017
783
1021
271
1013
783
1019
783
1021
261
768
1
257
1013
783
1015
271
1009
271
1013
271
1015
783
5
263
256
511
271
1011
252645632
1015
783
1021
783
1013
271
271
1005
538845941
1017
259
256
271
1001
781
1564
1013
783
1009
783
1015
783
271
1003
270410475
1013
271
1001
556609762
271
1003
51319558
1007
783
1011
271
1013
783
3
261
1003
84873968
84874751
1005
404627699
1013
271
1015
271
1013
783
1011
271
1017
783
1005
783
1013
783
271
1005
169747191
1003
771
1042
883
893
1790
1013
271
1017
271
1021
1017
271
1019
783
1013
783
1017
271
1
259
768
511
1017
783
1017
783
1023
781
256
5
261
1017
271
1013
783
1013
271
1013
5
779
768
9
263
768
1021
1017
1019
783
1019
273
768
1023
265
256
271
1011
783
1
271
768
1021
271
1009
271
1019
507
118428424
271
1011
286200572
1009
271
1015
271
1
259
256
1017
783
1015
783
1015
271
1015
271
1021
503
503
3
777
768
9
769
1011
783
1017
783
1021
271
1019
783
1021
1021
1007
783
1017
783
1015
271
3
261
256
271
1013
783
1019
999
781
1052
1007
271
1011
271
1013
783
999
271
542
997
787
1570
1001
783
1566
1007
271
1013
271
1013
1005
779
1050
997
185537274
185537545
1003
783
1015
271
1001
773
1044
1005
271
1005
252645628
1015
271
783
1007
271
1013
271
1013
783
1015
783
1021
1015
271
1017
271
1017
783
779
1562
1007
471736553
1011
783
1023
271
1001
773
1556
1005
371073261
441
-2103908
-438310581
-840962805
-840962534
271
1011
271
1013
783
1015
271
1019
1009
271
1009
783
1019
783
1019
783
1
259
1005
271
1013
783
1007
783
1009
271
1009
271
1017
271
1019
783
1015
271
1
1009
286200574
1015
271
3
286200574
1011
783
271
999
787
1058
997
789
1572
1005
783
1015
783
1001
269
1052
1007
605954805
1013
783
271
1005
538845425
1013
783
1019
783
1011
783
1017
271
1013
507
1011
271
1019
271
1019
1021
1015
271
1011
783
1013
783
1011
783
1019
271
1021
269
768
1
773
256
1021
1019
271
1019
271
1013
783
1021
271
1007
271
1013
271
1021
1292
997
259
530
1001
769
1552
1015
3793
1511
2294
1023
505
51319560
1011
271
1011
783
1007
783
1007
337519343
1013
783
783
1011
783
1007
271
1011
271
1021
271
1019
777
768
511
1007
271
1017
271
1009
271
1005
783
1009
271
1019
271
1021
265
256
1023
257
1003
185536772
1003
783
1007
319754496
1017
271
1017
1011
783
1019
271
1023
271
256
1023
271
1023
783
1
775
768
1021
271
1013
271
1017
1009
404627705
1015
271
1019
507
783
1021
783
1011
783
1009
271
1015
783
1009
783
1009
271
1017
271
1011
783
1021
505
1021
1017
271
1017
783
1017
271
1
1013
783
1011
271
1011
271
1013
219091210
1019
507
303964913
1015
271
1003
623719132
267
1050
1005
505290983
1009
783
783
1005
271
1013
271
1009
271
2310
435
1504
2527
3038
51322061
1011
783
1013
783
1023
1806
1021
271
1011
271
1011
783
1011
2024
3029
51319554
1009
271
1013
1013
271
1017
783
1023
783
1007
271
1009
783
1013
271
783
1003
51319032
51319303
1007
783
1005
271
1054
1013
271
1019
590164190
1015
783
1017
257
528
1007
151982844
1017
783
929
1503
-4077383
1011
271
1019
271
1011
783
1017
271
1015
783
1019
1017
271
1011
271
1013
783
1019
783
3
269
256
5
771
256
3
771
1013
271
1021
271
1015
783
1019
783
1021
1023
7
273
256
7
261
768
7
259
1005
271
1017
783
1011
271
1013
271
1015
271
1023
1001
779
1050
1007
118427914
999
775
1046
999
783
1566
1003
781
1564
1011
271
1013
783
1005
271
1009
271
1011
783
1017
783
151982334
1005
783
1011
271
1009
271
1013
783
1019
263
256
1
271
1017
783
1019
779
768
5
267
768
1023
1013
783
1015
271
1
271
1017
783
1019
783
1017
277
256
3
277
256
5
781
768
11
777
768
511
1017
271
1013
783
1013
271
1019
768
5
769
1013
783
1015
271
1015
783
1015
259
256
1023
271
1013
783
1021
1021
271
-67108380
-67106989
385
2538
2809
999
259
530
999
259
-268891428
-268890419
271
1015
783
1013
271
1013
783
1015
271
1021
1009
-268436005
-268435222
1015
1003
219091192
219091975
1005
785
1056
1003
781
1564
1009
353308928
1013
783
1017
271
1023
271
1009
783
1013
783
1021
319754494
1015
271
1021
-167833367
2030
-1707792
1015
783
1021
271
256
1021
779
768
3
261
768
511
783
1011
271
1015
783
1017
471
1987
-1970261
-1969750
-1968737
118428414
1015
783
1007
783
1011
783
1009
783
1015
271
1011
783
1013
783
1017
271
1
775
256
1023
769
507
271
1013
783
1015
271
1019
1009
271
1013
1
773
1011
783
1011
271
1009
783
1011
271
1011
271
1019
783
1017
1005
151982846
1013
271
1017
271
999
265
536
1003
219091198
1001
303964901
303965172
1005
269
1052
1007
271
1011
271
1019
783
1007
404628205
1017
783
1019
783
1007
185537278
1013
783
1011
271
1013
783
1021
779
768
3
265
256
1
1017
-262164
-261381
1013
783
1011
271
1015
271
1019
509
1007
84873984
1015
783
1009
783
1009
783
1011
783
1015
783
1019
783
1023
1019
271
1019
271
1019
275
768
1023
269
768
3
771
256
3
769
768
5
791
768
5
775
256
7
257
1009
271
1019
271
1011
271
1013
783
1013
271
3
1013
-268369685
1021
1011
783
1017
783
1023
783
1003
271
1009
783
1009
271
1011
783
1015
271
1
781
256
1
259
768
505
1003
781
1564
1011
271
1013
-1576982
-1880624285
-1885753574
-2120633596
269
768
1023
259
399
1899
1278
1007
783
1005
783
1011
783
1017
271
1007
271
1015
271
1011
271
1019
267
768
1023
261
256
5
259
1009
271
1011
271
1013
271
1019
271
1019
783
1017
783
1017
257
1015
1011
271
1015
783
1021
507
783
1017
271
1017
271
1003
252646142
1015
783
1015
271
102638278
102638549
1009
783
1009
1343
417
1519
1790
1019
271
1015
1023
1009
271
1013
271
1009
775
1558
1005
489500898
205398211
925
1875
1505
271
1017
783
1013
271
1011
118428422
1011
271
1013
783
1007
783
1019
271
1015
271
1019
271
1023
267
768
9
775
256
9
257
1011
783
1013
271
1021
271
1021
236856049
1005
271
1007
371073261
1007
286200576
1017
271
1023
783
1019
271
-789241
1017
829
423
-301988390
-503313997
-503313214
1023
269
256
1
259
1007
657273058
1021
783
1019
1023
-503314475
-503314096
496
2046
-503313951
507
-268173054
1015
271
1013
783
1011
783
1011
783
1021
1021
1009
783
1009
271
1011
271
1019
1001
261
1044
1003
771
1554
1009
84873968
84874239
1001
404627687
1005
319754494
1013
271
1019
1005
319755012
1015
783
-134216757
271
777
256
5
263
256
1021
257
256
1013
783
1015
271
1013
783
1019
271
1015
783
1019
783
1023
511
1011
783
1011
271
1013
783
1019
783
1009
271
1011
783
1011
783
1017
271
1013
271
1013
783
1015
783
1021
509
271
1013
783
1003
102638301
102638572
1009
783
1005
783
1005
783
1007
219091718
1013
271
1017
267
256
219091712
1019
511
1534
2557
3568
-785442
-3144377
875
2542
3553
4336
1013
271
1019
783
1013
271
1015
783
1019
271
5
273
768
1023
779
256
7
773
768
1021
271
1021
781
768
5
777
256
3
769
2885
437
51319540
1011
271
1009
783
1019
1005
388838110
1013
271
1013
271
1019
271
1009
51319556
1005
84873986
1003
783
1015
783
1009
271
1013
271
1017
783
1
269
768
1023
257
1007
775
1558
1009
118427906
1011
271
1009
783
1017
783
2034
271
1011
271
1013
271
1017
783
1015
3
273
768
1023
256
5
257
1009
219091716
1007
271
1013
783
1021
271
5
-67107862
-67106855
-67105832
-67105333
-536866920
-536865913
271
1013
783
1013
271
1015
271
1015
783
1
271
768
3
261
256
3
259
256
271
1011
783
1013
783
1015
271
1015
271
1013
783
1017
509
1017
783
1015
783
1013
783
1017
271
1021
783
1
263
768
3
263
768
509
1011
783
1013
271
1019
271
1017
271
1019
271
1019
789
256
3
781
768
11
777
256
1023
1009
783
1011
783
1017
271
1017
271
1019
271
1001
257
528
489
-3153482
771
1282
2055
1011
783
1013
783
1015
783
1
1003
809255621
809256404
1011
271
1009
271
1013
271
1017
783
1
265
256
-150068531
1007
51319040
1009
151982854
1013
17764608
1009
271
1015
783
1015
271
1762
496
2030
-9600960
1019
783
1015
271
1019
783
1021
267
256
3
773
1879
929
2520
3543
-33550399
-33549105
1011
271
267
256
1
769
855
437
2031
3038
-57644
1019
151982334
1017
783
1023
1958
861
1437
1501
1994
-8809784
1008
-838859844
-838857813
429
1519
-704641110
-705956462
-705955679
1009
271
1009
271
1017
271
1017
783
1017
267
256
1
775
256
7
771
1017
783
1015
271
1019
271
1019
271
1017
3
269
768
9
259
768
511
271
1015
783
1009
783
1017
783
1011
271
1
277
768
1019
785
768
1
785
768
9
265
256
15
259
1015
271
1013
783
1015
271
1023
1023
1800
1517
-234878993
271
1011
271
1009
271
1015
783
1017
256
1023
505
1019
271
1011
783
1011
271
1013
783
1021
271
1013
783
1019
271
1023
5
259
1011
271
1013
271
1009
271
1013
271
1019
783
1
269
768
3
259
256
271
1015
271
1017
271
1007
271
1011
271
1011
271
1021
783
1007
118428398
118428669
1007
945447599
1015
783
1021
263
256
509
1013
783
1005
271
1009
185536764
1013
271
1013
271
1013
1007
-15850802
-15850019
1011
271
1007
769
2247
5271
1515
1019
505
509
509
1292
1001
783
1566
997
273
1056
999
785
1568
995
271
542
999
791
1062
995
787
1058
993
1062
993
279
1062
999
791
1062
991
281
1064
991
791
1062
1005
783
1054
1007
791
1574
1003
277
548
997
801
1072
1001
793
1576
995
1068
987
285
556
991
1068
991
1070
1009
3651
2009
1699435186
1699435969
993
279
550
995
281
552
997
789
1572
987
425
496
921
1517
1788
999
771
1554
1021
501
1011
491
496
767
1013
987
867
1431
2542
-939521111
-939520600
-63156613
1021
271
1005
271
1003
84873474
1009
783
1007
271
1011
271
1015
271
1013
271
1021
511
1005
151982842
151983113
1009
779
1562
1015
271
1017
783
1015
783
-33553944
-33553433
-33552665
511
256
31
769
1
781
768
1
783
768
1
777
256
9
273
256
7
777
768
5
275
768
3
787
768
11
279
256
7
787
256
9
275
768
17
777
768
21
261
256
509
1003
781
1052
1007
783
1054
1009
286200062
1011
271
1013
783
1019
271
1007
35529437
35530220
1003
270410483
1009
271
1005
271
1021
299884458
451866800
1011
271
1015
271
497
1516
1541
777
256
23
257
495
39
769
768
35
261
768
33
259
768
29
777
256
17
261
768
9
267
256
5
779
256
1
781
256
1023
269
768
1
785
768
7
271
256
23
777
768
19
257
256
511
503
501
497
497
1011
1013
497
499
1011
1011
1009
-535816239
497
1013
499
507
1013
505
1013
501
-535029301
1013
256
27
265
768
23
773
768
21
769
31
791
768
27
279
768
29
277
256
33
271
768
41
779
768
511
469
496
1487
979
971
1986
1066
977
558
989
1074
991
795
1578
993
283
1066
1003
271
542
1001
273
544
999
779
1562
995
779
1562
995
265
536
1003
265
536
999
777
1048
1003
404627693
1011
271
1015
783
1015
783
1019
271
1019
271
1013
271
1013
783
1017
271
1011
783
1011
783
1013
783
1566
1013
319754498
1005
271
1009
286200064
1009
783
1009
319755002
319755273
1003
279
550
987
281
552
987
1572
979
1060
979
1572
768
19
257
983
546
989
548
995
279
1062
995
279
1062
997
799
1582
1003
797
1580
1005
783
1007
271
1015
783
1019
783
1017
271
1011
783
1007
842810053
842810324
1009
271
1005
783
1011
319755010
1013
271
1017
271
1015
1019
277
256
1023
793
256
1023
271
1
271
1001
271
1005
271
1007
271
1007
801
1584
1019
263
2364
1008
2019
271
1017
271
1015
783
1009
271
1009
438182639
1009
319754711
319755734
319363174
1455
1473
2031
3532
4555
5578
6585
783
1007
271
271
1011
271
1011
271
1009
271
1013
271
1017
271
1019
271
1015
271
1013
783
1015
271
1
1019
1007
783
1015
783
1017
151982314
151982585
1009
271
1003
151982844
1007
783
1017
783
1013
783
1019
1017
1021
1015
-919100
769
1552
13
771
1009
51319036
1011
271
1013
783
1013
271
1013
385
3054
3055
267
256
3
771
1017
271
-67107870
84931570
496
877
1008
947
1007
1508
1009
783
-7367770
-7364037
-167770160
-167769163
269
256
1023
783
1013
271
1007
783
1011
271
1009
271
1011
783
1013
783
1013
783
1013
773
768
1023
1011
783
1015
118428422
1011
271
1015
271
1015
271
1019
271
1019
271
1017
271
1021
783
1019
271
256
11
777
768
9
259
256
511
1011
783
1013
783
1017
783
1013
783
1009
271
1009
783
1017
783
1013
783
1015
271
1017
271
1
271
256
1
265
768
1
257
1005
118427910
1007
271
1007
783
1013
783
1019
271
1011
271
1013
271
1013
783
1015
783
1017
783
1015
783
1019
271
1021
269
768
1023
267
768
5
769
768
1023
1013
783
1021
267
256
1
781
256
511
947
-268698161
-268697154
17764764
-469760118
-469759335
1017
271
1021
775
256
1023
263
768
1
777
768
9
775
768
1021
1019
501
271
1021
783
1019
271
1
511
887
885
2542
3053
-134213699
-134212676
-49338698
1005
219091714
1009
271
1017
1500
3522
4033
5036
787
1570
1003
271
1013
783
1015
783
1015
271
1009
825045202
825045473
1011
386863354
1007
151982332
1013
271
1013
783
1017
783
783
1009
286200584
1017
271
1003
783
1007
1044136143
1013
271
1017
1015
783
1013
271
1
771
256
507
1008
931
2030
-738256000
783
1007
1023
1534
-1312512
1015
271
1015
783
1015
783
1021
783
1023
259
256
1023
768
509
271
1009
783
1017
783
1015
783
5
1008
943
767
1003
51319544
1005
185537280
1009
783
1011
783
1019
783
1011
783
1013
783
1017
290271414
1009
783
1007
783
1011
271
1021
271
1023
263
511
1294
5
785
256
1023
781
256
5
265
256
1023
9
503
783
1023
271
768
3
269
768
3
257
256
509
867
1933
-671086664
-671085146
-671084123
-671083720
496
381
1790
1017
783
1021
271
1019
5
789
768
7
273
256
7
781
768
9
259
768
9
769
1015
271
1019
271
1019
768
1526
1785
2056
1001
773
1044
1001
257
1040
1534
2317
1003
-3289669
-3289398
1015
783
1015
1023
-785665
1017
271
1
779
256
1
773
768
1021
1013
271
1017
783
1011
271
1017
271
1019
505
1513
783
1023
771
768
7
257
1005
657273056
1011
783
1013
151982332
1009
783
1009
118428416
1013
271
1009
783
1015
783
1017
1023
1011
783
1013
783
1013
783
1019
269
256
1017
265
768
9
257
256
507
496
-201325106
-202638929
859
1425
2023
271
1021
783
1019
509
1019
495
783
1011
783
1013
271
185536776
1017
271
1021
271
1005
438182643
1009
271
1013
271
1015
771
1554
1009
842809553
1015
271
1019
271
1003
777
1560
1005
271
1007
783
1007
271
1015
783
1023
1011
151982842
1009
151982334
1017
271
1019
271
1005
-60448
151982334
1013
783
1013
271
592138430
1013
271
1009
271
1023
1003
219091710
1011
271
1007
271
1009
271
1017
1009
203301097
1009
783
1017
271
1017
783
1007
271
1015
271
1015
783
1015
271
1021
1007
271
1005
236855543
1009
783
1011
271
1015
783
1019
507
1009
783
1005
783
1017
783
1017
271
1019
783
1019
271
1017
783
1013
271
1017
783
1017
269
768
1
271
768
1023
1009
783
1009
84873992
1007
271
1009
271
1013
271
1019
271
1017
783
1019
1021
499
511
1528
2029
2540
2811
271
1013
783
1011
783
1015
783
1019
777
768
3
771
1007
203301609
203302392
1015
783
1009
783
1011
783
1013
271
1013
271
1017
783
1021
787
256
3
773
256
11
259
1005
783
1007
271
1011
271
1021
783
1011
271
1015
271
1015
783
3
1015
269
256
3
259
1007
118427908
1011
271
1007
271
1011
271
1009
783
1021
783
1021
773
1556
1003
303964913
1015
271
1015
783
1023
1806
1009
236856041
1007
783
1015
271
783
1003
773
1556
1003
265
536
1001
267
538
999
783
1566
1003
783
1011
271
271
997
257
1040
1001
84873454
84873725
1003
185536766
1015
783
257
1040
1005
51380986
1007
203301617
1009
783
1011
783
1019
271
1023
771
1007
270410481
1011
271
1013
783
1011
271
1009
783
1021
271
1007
271
1017
783
1011
271
1009
783
1019
271
1
1013
271
1019
783
1021
1023
2046
2819
3090
1003
151982340
1015
271
999
269
540
999
783
1566
1005
572400367
1007
271
1013
783
1021
1005
263
534
999
773
1556
1003
777
1048
1005
775
1046
1013
219091204
1019
271
1023
2032
3041
783
1011
783
1011
271
1017
783
1019
769
1007
271
1009
271
1007
271
1003
783
1009
783
1011
271
1011
783
1017
783
1017
263
256
3
257
-266104598
427
1519
1790
1009
783
1021
783
1005
783
1013
271
1013
271
1015
783
1017
783
1009
783
1013
271
1015
271
1017
271
1017
271
1021
256
1017
1015
497
271
1019
773
768
1
259
777
1048
1009
118427902
1017
1359
496
429
1273
768
17
259
1019
1015
499
1015
11
269
256
13
773
256
11
769
1015
783
1021
271
1019
783
1017
271
1019
5
259
768
5
769
1013
252646146
1009
1003
771
1042
1007
303964395
1007
783
1015
271
1019
771
1042
1001
773
1044
1003
236856035
236856818
1009
271
1011
783
1019
271
783
1009
169747181
1011
783
1015
271
1017
1005
271
1005
783
1005
84873476
1007
271
1009
783
1013
783
1013
783
1017
783
1019
1017
1017
783
1021
509
1013
783
1011
783
1017
271
1015
783
1017
271
1017
271
1
768
7
257
-4078672
-4077649
-4076626
-4075843
1009
783
1013
783
1013
783
1017
783
1015
271
1011
271
1013
783
1023
783
1021
781
768
1
779
768
1
257
1009
455946458
1011
271
1007
783
1009
783
1011
271
1023
269
768
1021
263
768
1023
271
1011
783
1011
783
1019
1007
102637805
1009
271
1011
118428420
1013
256
1
257
873
2532
3315
1013
783
1017
1017
271
1009
271
1013
783
1013
783
1019
271
1021
1019
1015
1019
271
1021
507
1015
1005
492
763
1013
783
1015
783
1021
271
1019
511
1017
1013
256
1
267
256
13
261
768
511
1013
271
1009
783
1009
271
1015
1
783
1007
783
1017
271
1017
783
1001
257
1040
997
773
1556
1001
169747179
1011
511
1007
847
425
2025
84873474
1011
271
1011
271
1015
271
1
1013
271
1011
783
1019
271
1017
773
768
1011
783
1011
783
1011
271
1015
271
1
277
768
1023
269
256
1
263
768
1013
783
1013
783
3
277
256
1
267
256
3
263
768
783
1019
271
7
269
256
3
771
1013
783
1011
271
1019
271
1011
783
1013
271
1013
271
1023
271
1019
509
1013
271
1005
783
1009
271
1009
51319044
1011
783
1011
271
1015
783
1021
783
1021
267
768
1021
261
1009
271
1013
783
1013
783
1011
271
1017
271
1017
783
1015
783
1017
783
1019
5
771
1011
185537288
1011
783
1013
271
1015
271
1021
783
1013
11
259
1007
17764608
1007
271
1011
271
1009
783
1011
783
1013
271
1021
1021
511
2547
-653859
-652842
489
1008
17766105
1005
783
1011
783
1009
783
1009
783
1013
783
3
511
-301988373
-301988102
1009
783
1013
783
1019
271
1017
783
1003
271
1005
185537278
1013
271
1011
783
1015
783
1019
505
783
1003
783
1005
271
1011
1785
1011
271
1015
1009
271
1007
783
1005
783
1566
1007
252645636
1009
783
1009
271
1011
271
1017
783
1015
1011
783
271
1007
783
1003
337518837
1007
783
1011
783
1013
271
1017
783
-1841205
783
1015
271
1017
271
271
1009
271
1013
783
1023
768
1017
271
1017
997
-1445429
-1444418
-2891372
785
1568
1003
271
1015
783
-268433453
-268432430
-268431409
783
783
1019
271
1015
271
1013
271
1011
783
1023
505
783
1021
256
511
512
261
768
783
1005
353308926
1017
783
1017
271
1017
783
1013
271
1015
271
1013
271
1015
271
1019
783
783
1011
271
1009
783
1019
271
1023
775
256
1
775
256
271
1019
259
1005
783
1013
118427902
1009
783
1013
271
1015
271
1011
783
1007
271
1015
271
1023
783
1
257
768
1
257
1530
1801
1019
1011
118427912
1013
271
1019
783
1001
783
1009
84873992
1011
783
1015
1013
783
1011
185537282
1019
1001
777
1560
1001
270410469
270411252
1005
252646142
1019
783
1011
271
1019
271
1003
777
1048
1011
185537282
1015
271
1021
783
1009
271
1013
783
1011
783
1019
783
509
1011
3315
3826
4335
4606
471
1238
1021
1009
271
1019
511
1520
2521
221065438
1009
271
1013
271
1013
271
1019
271
1021
261
256
1023
783
1013
783
1023
279
256
1017
271
1015
271
3
265
256
1021
271
1011
151982850
1015
460
995
1068
963
1082
1023
2044
1013
271
1019
261
256
1
271
1013
271
1009
271
1013
271
1015
271
1
1013
271
1015
783
1019
775
768
507
271
1017
256
3
779
768
1023
256
1017
1017
1
7
257
1013
1019
271
1019
271
1
273
256
5
265
256
9
775
256
1019
505
783
1021
783
1023
269
256
7
777
768
1021
1007
783
1011
783
1015
783
1013
783
1021
783
256
1021
775
256
1023
783
1023
267
768
1023
509
783
1009
271
1017
256
1017
1013
783
1009
783
1009
271
1015
783
1023
263
2280
2030
271
1015
783
1021
271
1019
1013
271
1015
271
1013
783
1019
783
1023
511
1011
271
1011
271
1015
271
1015
271
1019
271
509
1879
943
-167770900
1015
271
1015
271
1013
271
1015
271
1019
783
1023
265
768
1013
783
1009
783
1017
783
1017
783
1023
779
256
1023
773
768
271
1013
271
1011
783
1017
271
1019
773
1007
221126878
1015
783
1009
783
1011
783
1017
1017
271
1011
271
1019
1009
185537278
1015
783
1017
1003
777
1560
1007
252645626
1007
783
1013
271
1007
185536768
1534
2317
1019
1009
271
1001
257
528
1009
775
1046
1003
236856047
1017
-771750980
-773987158
1015
271
1017
-1314850
271
1005
271
1009
783
1017
271
1017
261
256
1005
783
1009
779
1562
1005
252646148
1013
783
1017
779
768
1021
1011
271
1019
1019
783
1023
1019
501
271
1015
271
1021
1023
923
2530
3027
-402649186
-403438438
1009
783
1011
271
1017
783
1019
1015
783
1009
271
1013
783
1019
783
1017
511
1015
271
1015
271
1013
271
1021
505
503
1011
783
1015
783
1
267
256
1023
257
1003
261
1044
1005
270409967
1009
783
1013
783
1021
270409957
1007
783
1015
271
1017
783
1001
572399851
1013
271
1015
271
787
1570
1003
286200570
1011
783
1021
1011
151982336
1009
271
1019
271
3
257
271
1011
151982332
1007
783
1011
271
1023
1003
779
1050
1003
505290989
1009
271
1015
271
271
1005
271
1005
673063155
1013
271
1019
785
256
1023
271
1023
271
1011
271
1013
783
1021
271
1013
271
1015
271
1015
271
1021
271
1021
501
1011
271
1
781
768
1019
1005
858599648
1015
271
1003
286200582
1015
783
1017
783
169747161
169747944
1009
783
1009
783
1015
783
1015
2006
257
1212
2128
1013
783
1023
261
1005
154018526
1007
84873986
1011
783
1021
783
1021
271
1005
51319536
51320319
1005
151982848
1013
271
1017
271
999
261
532
1001
773
1044
1009
185537278
1009
783
1019
1290
-536869467
271
1009
118428420
1011
783
1017
271
1007
151982854
1009
783
1015
783
1015
1005
221003979
1009
271
1013
271
1021
271
1011
556610264
1015
271
1019
783
1001
219091198
1013
271
1023
783
1015
783
1015
782
1017
271
1015
271
1015
783
1019
1015
1013
783
1019
1013
271
1021
271
271
1011
438182635
1013
783
1015
1005
775
1046
1007
783
1009
271
1013
271
999
773
1556
1003
261
1044
1003
771
1554
1011
118427900
1011
271
1015
271
1001
151982338
1009
271
1013
271
1019
1009
271
1015
271
1011
271
1015
783
1021
779
768
7
777
256
509
271
1011
271
1017
783
1021
269
768
5
265
768
1021
1013
783
1009
783
1017
783
1021
271
1021
783
1011
271
1015
769
1764
1494
2517
3288
4071
993
257
1040
999
771
1042
997
257
1040
997
773
1556
997
263
534
1003
267
1050
997
269
1052
997
787
1058
999
269
540
1009
271
1009
271
1003
438182123
1017
783
1009
84873468
1007
271
1009
271
1015
271
1009
783
1005
783
1007
271
1017
783
1017
1003
272384711
1003
271
1013
783
1013
783
1019
783
1009
783
1003
783
1007
783
1015
271
259
530
1011
303964903
1009
783
999
1782
1
275
256
3
777
768
5
261
768
1015
271
1019
271
1023
273
256
1023
779
768
7
259
256
505
1017
271
1
271
256
1
261
256
5
259
1011
783
1013
271
1013
271
1011
271
1013
271
1021
271
1013
783
1015
783
1
783
256
1
773
768
1019
783
1021
783
1011
252646142
1007
271
1011
271
1021
781
1052
1001
781
1052
1001
783
1566
1007
783
1013
783
1017
1007
639509235
1013
271
1021
783
1011
783
1009
783
1011
271
1019
271
783
1015
271
1011
271
1015
271
1017
271
1013
271
1013
271
1017
1015
271
1017
271
1009
783
1015
783
1023
271
1011
783
1005
303964909
1017
783
1019
203301615
1013
271
1013
783
1017
783
1023
769
1425
1279
523055838
511
1522
2031
2814
993
257
528
997
257
528
995
769
1040
997
263
534
995
259
530
999
263
534
995
265
1048
999
783
1566
1001
781
1052
1009
271
1009
783
371073761
371074032
1005
783
1011
271
1001
773
1556
1003
783
1009
777
1560
1005
185536766
1011
1011
783
1007
271
1011
783
1015
1005
271
1009
783
1005
51319554
1011
783
1015
271
1015
271
1017
265
256
509
505
1
775
768
1023
1009
271
1011
271
1009
783
1015
271
1011
271
1013
271
1015
5
261
1011
783
1017
271
1015
783
1019
783
1019
768
509
1015
271
1013
783
1013
271
1013
1023
1294
1007
783
1007
271
1007
17765124
1007
265
256
1019
783
1017
783
1021
503
499
783
1017
783
1017
271
3
781
256
3
773
768
7
769
1009
783
1011
221065952
1013
783
1015
783
1021
1003
771
1042
1007
151982852
1007
783
1013
271
1019
271
1003
783
1009
271
1011
783
1013
783
1019
783
1
118428416
1005
271
1007
271
1013
271
1023
271
1005
271
1013
271
1015
271
1023
1009
271
1015
271
1017
511
2036
-201323560
-201322555
337518833
1017
783
1017
783
1005
286200064
1017
271
1019
783
271
1007
353309440
1015
271
1021
783
1011
271
1011
783
1017
511
1530
2553
3574
4357
1009
271
1780
-268433973
-268432972
-268432461
-268431438
-268430159
511
1516
151982850
1013
783
1019
1001
203301613
1009
271
1009
271
1017
783
771
1554
1005
775
1046
1005
404627691
1017
783
773
1044
1009
151982332
1009
783
1013
783
1019
84873474
1009
271
1009
783
1011
271
1019
271
1013
783
1013
271
1017
503
505
256
5
259
1011
783
1013
271
1013
783
1019
783
1015
271
1015
271
1019
271
5
277
768
5
263
256
5
771
1011
271
1017
271
1011
783
1015
783
1013
271
1019
769
768
1021
1013
271
1011
271
1013
271
1017
1021
1011
-263205
-262934
1005
185537284
1019
775
1558
1001
84873974
84874245
1005
252645634
1013
271
1017
271
1001
1111245513
1015
271
1019
783
1023
271
271
1005
420417796
1015
271
1017
783
1017
271
1019
271
271
1007
271
1017
271
1017
783
1015
783
1007
783
1011
783
1019
271
1017
783
1009
783
1015
783
1015
271
1013
783
1019
271
3
773
768
1019
503
1017
783
1019
1009
271
1009
271
1009
783
1015
783
1011
271
1013
783
1013
271
1019
783
1019
768
9
769
501
271
1
781
256
5
259
1042
1001
-33553946
-33553675
999
775
1046
999
257
1040
1005
773
1044
999
769
1040
1001
261
532
1001
771
1554
1007
355283162
1015
271
271
1013
271
481
-1575970
-1575187
1017
1017
1021
277
768
1
773
768
1
259
256
783
1011
783
1013
271
1021
783
1015
271
1017
271
1015
783
1023
15
267
768
1023
511
511
-134217248
-134216233
271
1009
783
1011
783
1019
261
768
5
771
1009
271
1013
783
1017
783
1021
263
783
-201326102
-201325079
-268494673
-268494402
1023
1007
185537280
-1579045
271
1007
783
1015
783
1023
263
256
507
271
1011
783
1015
118428422
1011
271
1009
271
1011
783
1017
783
1013
783
1011
271
1017
783
3
271
256
5
773
256
3
769
1009
271
1015
271
1013
783
1017
271
1013
271
1013
271
1013
271
1021
271
1015
783
1017
271
1019
259
1015
783
1021
271
1019
768
11
771
489
1008
1791
1017
271
1017
271
783
343
1008
933
1499
-3155022
-3153999
-3152992
783
1007
783
1009
271
1013
783
1011
271
1015
271
1023
783
1021
271
1019
271
1011
271
1009
783
1015
271
1019
271
1015
783
1017
1021
1017
511
-1207958093
-1207957582
-1207956581
-1207955558
-1509944464
-1509943441
-1509942434
783
1011
271
1009
271
1019
271
1017
783
1013
783
1023
783
1013
271
1017
271
1015
783
1015
783
1017
9
263
768
13
771
256
509
5
777
256
5
259
-789526
-572529773
-572528990
1017
783
1019
271
1019
783
1013
271
1015
783
1011
271
1013
271
1013
783
1023
9
259
1011
783
1013
271
1011
783
1019
783
1017
271
1013
84873470
1009
303964919
1013
271
1015
271
1023
1009
783
1007
271
1009
783
1017
783
1017
-167771679
-167770656
-167770145
-335541328
-335540305
-335539796
505
1
781
256
1
783
1013
783
497
1502
271
1005
783
1009
271
1021
783
1011
783
1017
783
1023
-335542801
-335541804
-335540781
-336330326
-336329823
-336328023
1790
1013
783
-705167439
-705167168
1017
271
1019
271
1021
783
1015
271
1015
783
1011
783
1017
783
783
1015
271
1011
271
1011
271
1011
783
1019
259
1005
84873990
1011
271
1013
271
1013
271
3
261
768
-67108887
769
768
271
1021
271
1019
1019
1013
783
1019
269
256
1023
269
256
3
261
256
1023
1009
783
1009
84873984
1009
783
1011
271
1017
783
1017
271
1021
257
861
1441
1279
1019
259
-67108374
2798
2019
271
1015
271
1015
271
1023
775
256
1007
783
1011
783
1009
783
1013
783
1015
271
1021
771
783
1005
118428416
1011
271
1015
271
783
1003
261
1044
1005
252646142
1009
271
1009
271
1019
783
1011
783
1015
783
1009
783
1015
783
1019
275
256
5
271
256
1
775
256
3
769
1013
271
1013
1021
768
509
271
1009
271
1015
783
1005
271
1013
1009
51319550
1009
271
1013
783
1011
271
1015
271
1013
271
1021
783
1007
118427906
1015
783
1017
783
1003
151982836
151983619
1009
271
1015
783
1009
-787541587
-787540567
1007
271
1009
271
1015
783
1019
271
1003
275
546
1005
319755008
1013
783
1015
271
1007
286200576
1017
271
1021
781
1564
1005
252646144
1011
271
1017
783
1005
84873468
1011
783
1011
783
1013
783
771
1554
1011
118428410
1009
783
1007
271
1015
271
1021
271
1005
151982844
1007
783
1015
783
1015
783
1009
783
1011
271
1009
271
1013
271
1017
773
256
1023
523055334
1013
783
1
259
768
-13819008
1279
1003
51381656
2007
-4603686
973
1375
955
2031
3048
1011
783
1011
271
1015
783
1015
271
1017
783
1021
271
1023
775
256
7
259
1009
271
1007
271
1005
271
1017
271
1011
271
1021
509
271
1023
271
1015
271
1007
271
1015
511
271
1009
783
1013
783
1013
783
1021
271
3
773
1013
783
1011
271
1011
783
1015
783
1013
271
1017
271
1019
271
1011
783
1017
783
3
271
1013
271
3
273
256
3
771
256
1023
1013
783
1017
271
1015
271
1013
271
1019
271
1019
271
1
273
256
1
261
768
1023
1009
271
1013
271
1013
783
1019
267
768
1021
769
1011
783
1009
783
1005
783
1007
271
1015
783
1015
259
768
511
1518
-918560
-439099727
999
783
1013
783
1009
783
1011
271
1007
271
1007
252645642
1
777
256
1017
271
269
540
1005
783
1054
1009
271
1011
1007
783
1003
185536772
1017
1015
783
1015
783
1017
773
768
509
219091198
1011
219091202
1021
783
1013
777
1048
1003
779
1050
1005
271
1007
271
1021
783
1009
779
1562
1013
789
1060
1013
783
1001
271
1011
271
1021
271
1017
771
256
1023
13
773
431
2028
2539
1003
-267450400
1005
993
1008
1505
489
-262168
-260150
271
1015
783
3
783
256
1015
277
256
1
785
256
11
777
768
1
273
1009
501
999
-201325604
783
1011
271
1023
2024
118428398
118428669
1001
783
271
1009
271
1009
783
999
271
1017
271
1021
783
271
505282829
768
7
771
1007
783
1015
783
1007
771
768
783
1019
265
768
1023
259
768
1019
503
1502
-134278435
-134278164
511
1012
1013
1796
1009
-2363460
528
1023
1534
2041
1015
783
256
1021
783
768
9
259
256
1021
256
1015
768
1
269
768
15
789
1013
267
538
1005
453972226
1013
256
5
1023
768
13
273
256
7
259
505
1003
265
1048
1009
783
1009
1017
783
1019
783
5
263
1003
779
1050
1005
769
-268237324
1011
-150068525
-150068254
1001
185536756
1320
1475
1008
1791
