953
2603
1577
2079
2075
2081
622
955
1595
1259279932
1613
584
957
1090
1013
1594
925
574
967
1082
983
1084
1013
1076
967
554
981
1076
959
1572
967
1068
945
49
943
555
785
174
671
768
279
256
1
807
768
3
291
256
1
783
995
1080
1007
783
955
759
321
1154
351
1360
2182
329
257
289
761
1663
1007
2441
3735
116
370
370
2586
2045
639
1455
286
863
900
863
1907
793
1222
2061
341
2065
857
1228
2057
1573
2607
1652
973
626
977
889
1160
997
377
648
1001
1266
271
118
625
269
525
97
269
540
971
2611
2615
2607
1587
2103
2609
1593
1772
2127
784
1280
1798
274
291
1074
949
1080
969
797
1166
451
723
352
17
369
17
1977
1576
949
1056
973
1568
961
546
951
548
945
1560
953
1564
955
546
967
1066
981
797
1580
1003
271
997
271
1013
803
1074
1003
795
1066
1013
793
1064
997
2251
1461
1463
1483
979
1008
1993
1469
951
2016
-268043813
1013
-266605317
993
775
1046
1011
783
1009
783
964
1438
8171
256
1019
271
1011
0
237
774
1010
1115
1765
442
317
3285
4809
5320
997
257
1040
983
1779
5296
1283
256
25
801
768
5
809
256
7
289
256
1015
797
1068
1011
271
1005
271
1019
277
548
983
1771
551
211
1197
950
467
257
510
361
496
2015
3008
4031
4278
-2763001
-2762011
-2761538
-2760012
256
9
259
256
509
495
496
-637532756
-637530950
693
948
1005
-922145
-921136
1275
995
1308
2810
5339
6859
-267779602
-267778821
256
1
995
256
150
405
1102
2788
2817
340
1021
488
773
1181
1452
983
3300
993
783
1017
271
1011
257
518
256
33
771
497
1011
481
2000
2473
1495
52427743
975
560
969
1068
987
1060
993
552
989
267
538
985
1294807782
1294808053
1005
487527158
9
827
791
837
275
329
795
845
265
327
1279
271
1007
271
1009
574
997
95
739
864
226
913
1001
1072
79
1468
333
1811
2347
-805301202
543
1417
543
2960
1294
977
534
965
1042
965
1044
967
1048
967
1560
959
528
1011
1272
1564
993
1056
985
277
1060
981
1564
989
1056
973
1770
783
1001
271
1019
271
1021
797
1580
995
1056
987
1048
1017
271
1001
319754771
1007
1336
1777
2854
271
1009
473
-266918936
-265607752
1471
1947
1008
943
767
1011
271
1001
783
1013
271
1015
783
1007
84935140
84935429
256
1005
271
1009
783
1019
283
554
989
544
987
1566
985
1050
997
71
739
1014
4007
786
796
244
1047
939
939
1461
1485
1489
1485
1997
1471
1989
1473
1989
959
1481
969
1008
1499
-797472328
1008
1499
496
1499
752
1238
752
1760
23
773
256
25
257
493
271
913
1993
307
1212
1557
2057
1541
1533
1539
1543
2599
1575
2595
2095
2079
2101
2111
2625
1607
628
979
1138
979
1603
2113
2643
375
2157
889
1160
1007
369
2133
1134
985
2119
2617
2093
861
1742
290
914
17
369
17
800
943
2077
2077
2587
2085
1589
1587
2113
2121
2653
-2129718336
2609
631
1797
351
922
351
1929
1594
949
582
947
1602
951
1604
957
2573
2061
2079
2089
2095
2103
1595
2631
343
2131
3021875741
1597
271
1013
1802
365
1279
1292
1798
347
1615
2107
1589
1108
1009
687
239
580
1358
546
953
574
955
1082
955
568
965
2041
578
973
580
981
309
2063
2589
2607
1158617620
1788
325
2131
1158615314
1158616097
1023
1614
1003
315
1253
290
1790
309
1269
276
1794
783
999
1060
991
536
75
1445
329
2797
451
1678
512
267
377
377
3482
2107
2111
2621
1158
971
2141
1164
955
2109
1674
951
1607
1156
939
1583
2097
1666
957
383
271
945
2653
2635
2611
2087
2085
2087
-384887875
-384887426
453
1221
2063
1112
949
2567
1086
927
845
406
321
273
169
437
256
511
2005
1056
993
521081026
994
1268
800
828
1133
163
1338
860
256
229
1159
205
873
1868
371
627
227
1013
1876
1372
1354
885
1386
860
1366
1842
806
806
760
1238
1782
339
929
1238
700
1061
189
754
1762
825
256
163
587
143
1075
153
321
768
117
787
1743
1542
1031
1116
531
107
1049
99
529
103
537
103
545
103
1063
113
573
113
1212
343
893
349
395
865
891
1252
863
395
345
913
855
893
698
1603
117
571
111
1073
115
1577
109
1565
111
1561
115
273
768
113
1761
-263100885
-263091480
977
845
1342
1008
1404
1030
955
1724
2054
311
256
17
305
291
321
793
821
256
43
305
768
21
817
256
23
305
256
19
813
256
25
825
768
25
825
293
845
295
311
289
825
768
31
313
256
21
315
256
5
303
768
5
862
951
333
299
906
299
1971
271
542
1007
487527168
1013
783
1015
783
1013
271
1009
271
1011
271
1019
293
275
783
11
813
768
19
271
1023
293
768
13
793
256
7
783
768
-149949443
768
880
2406
275
1695
1465
259
768
43
773
1013
1013
507
-264557084
43
265
39
771
505
256
59
1035
63
1549
69
1561
77
1057
85
559
83
1047
67
523
69
789
256
45
779
768
43
783
768
29
781
256
146
420
785
400
779
769
151
779
1485
256
33
293
256
45
809
256
41
299
256
49
813
256
45
1595
49
309
825
1152
1188
1210
1226
875
875
732
1651
109
1188
662
1182
636
1073
83
1089
63
1065
83
1589
83
632
561
69
1063
79
1069
65
1053
77
1061
69
1049
73
1587
81
1678
1083
89
1065
91
557
67
1047
69
539
59
1746
446
439
773
440
773
1249
505
256
43
257
768
43
267
768
51
789
768
51
795
768
49
281
768
57
1057
65
573
69
1672
638
1156
1162
1081
65
565
73
1650
309
256
49
1120
1650
1148
642
1168
1162
845
847
1144
325
313
1172
1168
1180
1694
660
831
305
825
291
325
809
325
891
784
377
1277
2310
783
256
15
309
256
23
303
256
23
309
271
309
279
829
768
25
303
789
325
285
837
301
849
819
1154
345
297
845
811
321
309
835
815
311
295
323
256
43
823
297
313
297
329
305
833
317
634
317
305
1128
829
815
821
256
47
305
815
821
283
329
805
335
293
821
768
33
303
256
27
815
256
7
809
256
29
309
580
31
1171
285
321
522
321
991
1774
1011
1062
995
386863852
1
552
975
487526660
999
813
2097
313
256
1017
311
265
301
775
1005
783
3
783
1011
805
256
2445
496
3745
1009
1794
1798
1050
985
1558
993
785
1568
997
271
1005
271
1021
453972744
1013
787
768
5
787
768
19
797
768
23
809
256
33
269
256
35
789
256
25
269
768
31
781
256
31
781
256
25
259
256
33
257
507
256
49
793
256
55
795
256
59
269
245
2200
295
881
807
363
801
361
797
343
277
341
777
339
271
845
795
341
783
843
805
339
277
843
785
319
269
325
261
313
1275
823
773
309
261
271
987
549
217
820
267
927
768
1416
538
1023
2028
783
1011
118491584
256
43
785
768
31
267
256
45
277
768
37
267
256
33
269
768
31
781
256
19
783
768
17
783
256
37
295
768
41
805
768
25
279
768
29
277
768
13
271
768
11
269
256
9
267
538
995
773
1556
997
269
1052
1001
286200570
1007
797
1068
1009
271
5
833
773
839
273
853
793
337
283
843
805
331
287
321
257
7
301
256
27
825
256
11
817
768
19
301
256
9
295
256
13
811
768
23
293
256
15
805
256
13
797
256
3
817
1495
2006
2517
3886
2085
983
1056
979
1076
256
23
803
256
33
301
256
21
283
768
1021
271
15
283
768
303
256
43
825
293
311
805
319
293
317
295
833
823
321
815
839
301
831
295
317
817
1106
813
256
43
309
256
39
813
768
35
819
256
25
301
256
53
1156
1688
1128
1126
315
768
33
287
256
11
793
256
29
289
768
1003
774
1115
3173
84873466
84874387
496
3055
270410740
-2367075
1534
503
509
63
1559
75
543
83
543
63
1045
83
1549
65
1053
67
1047
61
1041
61
1569
83
1069
75
1571
71
1053
75
1045
59
791
256
49
267
256
57
273
256
35
1319
278
1078
345
1203
441
768
19
777
256
27
265
768
31
781
256
25
783
256
29
269
256
33
797
768
39
795
256
45
807
768
55
829
329
1162
1168
1160
1077
67
1065
57
277
768
49
279
256
37
773
256
55
261
256
37
259
256
35
779
768
35
267
256
47
797
256
45
797
256
57
279
256
47
793
768
27
281
256
31
265
256
31
779
256
49
279
768
51
799
256
45
773
768
507
53
257
1008
2023
1008
2005
-262293928
-262293607
1325
-570423802
15
301
256
13
271
1017
271
5
-234880558
-237381700
-242245215
-245671159
1938
1900
1175
4754
1092
15
323
2085
1091507399
1393492376
265
788
899
267
913
1279
666
1930367854
263
1804
877
1153
849
267
3
389
660
3
1292
893
256
1021
271
11
33
871
815
879
283
865
291
349
293
841
773
347
781
841
317
528
1307
2328
2057
307
768
29
1732
299
779
835
1791
308
1628373356
256
17
1628
1186
385
768
43
399
256
31
1196
923
851
718
694
387
273
1196
917
343
411
287
387
768
79
1726
413
327
895
283
690
891
267
1170
871
797
855
297
351
789
843
299
847
295
614
855
815
622
839
803
835
256
1017
293
768
25
297
1275
309
900
1014
659
517
387
517
496
1497
1582
1019
269
540
983
286200357
1009
1070
1013
271
1017
803
1586
1021
303
768
5
1057948506
277
271
9
783
19
295
768
23
297
256
1011
291
562
13
271
256
1023
783
943
1439
917
1951
1433
927
1268
1007
773
11
769
1040
1005
781
768
989
554
1005
783
977
1552
991
542
5695
37
0
159
531
927
531
2954
1427
496
421
901
1518
2069
961
1566
959
570
975
564
975
1082
971
1594
973
1082
951
1074
977
566
963
297
783
1003
860
1273
2280
269
271
947
2037
1545
1616
967
2093
2063
1585
2129
371
642
999
2131689818
2131691070
1611
357
1627
369
1641
1767
1272
2629
853
2637
855
2093
335
412
816
626
497
1250
2033
951
2575
1594
979
2083
2097
1581
1597
341
1617
276
345
261
881
793
353
811
887
299
369
295
357
256
29
345
273
337
265
321
277
329
291
847
295
337
811
831
303
331
303
835
295
831
793
799
256
21
291
920
961
785
403
993
1250
1495
271
1
269
256
13
17
813
256
31
801
256
31
307
256
39
307
768
45
823
811
811
256
47
823
256
43
315
256
49
303
768
37
295
768
43
813
768
23
805
768
47
803
768
47
307
768
41
295
768
47
307
768
35
297
768
39
287
768
27
807
256
23
805
256
25
805
256
27
289
768
21
293
256
11
795
768
15
805
768
19
817
768
19
817
279
825
768
29
307
805
837
797
825
768
29
825
277
817
256
17
817
256
19
309
256
33
1154
-249071196
1017
813
768
1021
305
768
1021
307
257
1168
1172
843
807
829
256
33
821
768
41
819
256
39
825
256
45
309
768
37
813
768
47
807
256
35
797
768
37
795
768
37
799
768
35
289
256
37
799
1070
91
980
489
746
947
3424
4203
1009
-201326106
1021
259
1535
1326384913
1790
1294
1806
1274
867
426
283
785
305
1191
730
983
1788
843
2637
841
1263
1326387522
1787
786
857
781
351
797
355
299
363
303
877
307
861
807
859
301
845
289
331
797
321
805
315
281
813
287
315
285
317
809
839
295
1658
337
303
831
768
37
831
793
311
811
315
768
45
309
256
43
299
256
29
817
256
43
1134
555
61
1055
49
1033
55
269
768
1023
256
1021
1
771
506
492
347
5682
528
987
1554
21
269
256
1017
793
768
1009
271
15
807
768
19
311
256
19
805
768
23
817
256
39
813
768
13
309
256
21
299
256
29
817
821
288601061
306
925
1258
903
536
979
1598
979
291
562
971
1579
839
2627
1268
1125061418
1125063200
311
2061
84935540
1124
551
73
579
81
545
69
1045
67
1041
45
517
53
777
768
61
779
256
69
525
55
1041
83
525
79
525
67
1029
67
1750
1461
953
1971
1461
1451
1455
1989
1467
1977
1449
1967
1007
957
1447
176
880
1130
345
1186
2720
1936
511
1963
271
1023
1796
1792
5254230354
768
7
381
771
395
263
43
941
283
883
265
897
768
1023
355
1789
1286
1798
353
256
1011
1798
341
267
859
257
347
781
865
791
861
795
347
277
863
797
859
287
345
793
851
297
357
301
347
309
857
285
847
805
327
789
825
256
13
823
256
17
297
361
143
671
359
267
769
133
267
1008
2006
1979
1473
5767
2607
835
2095
1602
969
1072
965
1070
959
1062
957
554
959
1588
963
1072
965
572
965
2075
1612
977
1577
2599
1606
973
2081
1561
2587
2073
2085
2103
333
2107
1589
2599
1583
2095
2069
843
1626
102
266
538
356
81
437
81
864
929
2561
2041
2553
1529
2043
2051
2597
1585
2141
1168
991
401
1667
-1794173709
399
1663
2651
2107
2097
1569
2093
1585
1599
1605
2123
2117
1607
1605
2105
2101
2617
2099
1140
979
1656
987
2135
369
2143
1656
987
1605
2113
2099
1693
1286
1168
1864
2777
2035
1559
1555
1571
2077
1583
2097
2109
859
2143
1294
1015
1286
1284
1792
1284
1804
345
256
11
869
777
345
265
329
769
783
1017
783
1
801
256
11
825
787
833
283
839
287
835
291
315
803
811
768
23
291
768
9
789
768
9
789
256
5
781
768
9
787
256
13
787
256
23
261
256
23
781
256
31
805
256
27
799
256
31
795
768
23
269
768
21
267
768
25
777
256
17
781
256
21
261
953
1941
1447
1445
947
949
951
943
1979
1979
1467
955
1469
955
1475
1489
953
1451
3028
5070
501
256
993
496
525
773
768
59
271
256
57
273
256
47
785
49
541
41
783
256
41
291
768
45
291
768
19
791
256
27
799
768
11
281
768
1017
1565
194
1664
1771
783
1011
779
1562
943
1047
965
1070
963
1560
985
2055
580
961
1070
961
1064
957
1072
961
1084
949
1580
963
1578
969
1604
965
1084
985
1080
965
1072
971
1072
961
556
965
1066
961
1064
969
1576
953
1056
973
1058
965
281
552
975
564
979
1068
983
552
977
1062
975
542
949
1052
971
1056
957
232
1340
186
1427
2469
4959
5963
7766
256
5
771
768
3
775
256
3
769
256
509
256
7
261
-132117
273
768
47
827
768
41
311
256
25
805
768
23
799
256
17
789
768
13
279
768
17
265
768
13
271
256
21
793
256
29
801
256
37
289
256
35
801
768
39
797
768
39
285
256
31
793
256
27
281
256
23
269
256
27
781
256
23
789
768
25
273
768
27
793
256
39
285
768
47
783
768
41
789
256
43
279
256
33
277
768
15
269
768
27
797
256
1015
793
234
887
2977
993
781
1564
1007
271
1007
487527174
1013
783
1019
337
821
829
815
827
295
815
256
21
799
256
17
795
256
15
261
501
1009
1007
1017
1052
991
1054
989
785
1056
1001
801
1072
1003
271
542
1005
550
991
1048
987
1042
953
1070
951
1064
945
1574
945
1058
945
554
947
1066
959
1070
963
1076
965
1590
961
566
965
1078
947
1072
945
1078
953
801
271
957
272
862
186
909
-3548279
-3544684
271
768
41
773
256
43
263
768
39
775
768
37
277
256
33
773
768
33
769
256
29
265
256
41
773
3
289
768
5
983
1293
470
1336
564
975
1088
961
560
967
1070
957
1580
951
1576
949
1080
939
795
297
440
784
280
622
2219
534
271
973
548
971
532
963
1727
1967
939
931
1955
933
1949
1441
3053
4044
1552
961
1262
-261656
1008
1791
1021
505
7
768
21
769
256
19
257
9
-82837073
-82836025
273
256
29
815
768
33
807
799
301
813
295
256
41
811
256
43
811
256
11
777
256
9
275
256
13
805
768
1023
801
256
23
291
768
7
281
256
7
273
256
9
271
1015
783
256
1009
271
1003
783
1007
785
1056
1009
805
256
1021
809
256
1015
271
1015
1078
993
783
1003
552
991
1578
965
532
963
1128
1746
342
1017
2550
983
1046
993
777
1560
995
1054
1007
285
556
1005
337519343
337520126
1005
787
1570
997
263
534
1003
773
1044
997
257
528
995
353309442
1
587
793
766
1005
491
496
987
-268042774
-268040294
1381
1008
385
1405
1008
389
-1841223
-1840234
265
1048
993
1566
993
1048
991
1564
987
540
983
536
989
546
983
1048
997
289
560
1005
793
1576
1001
785
1056
993
269
540
993
1048
269
540
991
550
991
789
1572
1005
271
1009
386863868
386864139
1003
118490347
999
1060
989
548
997
1064
989
300
1376
218
1431
271
1003
1058
987
536
985
1042
271
1
783
1017
-1319495
-1318478
271
1013
271
1
271
1023
51382504
1019
271
3
267
256
1021
275
256
1023
793
768
7
261
256
5
1
263
768
1019
783
436
829
2463
1019
1763
1013
271
1011
271
1013
219153380
219153651
1005
773
1044
271
1001
785
1568
993
787
1058
997
271
1294
2317
3340
4123
1021
511
1549
793
256
17
269
256
21
291
768
21
797
768
15
785
768
7
259
19
267
256
17
257
1017
785
256
1023
256
3
785
256
9
777
256
3
-1578530
1008
1493
496
985
1008
2025
499
-1314357
1008
2021
499
-535950394
-1072820330
-1072819819
-1072819308
-1072818285
-1072818282
771
256
1023
785
256
25
271
768
17
263
256
511
1023
1279
7
265
256
11
773
1013
511
1298
256
15
771
256
511
782
3
785
768
511
1023
2814
27767850
27768361
27769384
27770167
1011
1023
1534
2828
1011
271
1019
783
1019
1023
1812
768
31
771
256
15
771
256
9
275
768
21
257
9
256
1
507
-167769688
769
1762
532
999
783
1007
271
1011
271
1009
773
1044
1534
2551
1015
1009
1007
768
1007
496
985
496
1499
496
499
795
1578
993
259
530
1965
1007
496
981
969
957
1975
943
1451
939
1465
1463
1469
953
953
1473
1471
1973
1453
1447
1447
1457
1477
1487
1985
951
957
1979
1461
1459
1143
598
646
-838921977
293
819
1724
321
799
833
277
829
279
321
275
825
768
19
317
789
321
285
345
795
849
783
841
773
849
1263
1829704450
1009
933
1204
1243
589
309
1741
1631
955
1160
957
2169
1220
947
1736
951
2175
439
1236
2699
2207
2663
2195
2259
2245
1268
2233
2221
2709
2181
2171
421
799
917
407
1206
2117
903
287
927
2109
2087
1154
931
2087
345
1212
337
1720
2557
315
287
921
1090
917
568
917
554
917
1954
263040654
959
1716
417
1710
2097
359
1704
837
1694
1082
6
704
260
1148
6734
8028
271
1007
-268434481
-268433464
271
1017
271
1015
1011
-234880060
-234879789
1013
1023
2036
1013
503
-268236319
-268234278
499
509
501
-267579945
-267578944
496
507
773
1017
1040
977
1044
985
1054
987
1056
999
283
1066
1011
271
1017
783
991
1052
985
1048
985
1058
987
1054
985
550
989
554
991
281
1064
993
275
546
999
791
1062
989
785
1056
993
1572
989
261
532
993
1050
987
1048
987
1040
989
769
1040
999
271
1054
1009
219091198
1001
259
530
997
269
2293
-267779610
-267778582
496
1483
1469
1544
285
256
27
789
256
29
783
1011
271
5
267
256
9
789
256
13
805
256
19
799
256
13
279
256
3
305
768
15
807
256
5
275
768
1019
11
793
256
17
779
256
23
781
256
17
261
1005
51318772
781
256
7
281
768
1
271
1015
783
1009
51381224
51382007
1001
773
1556
1001
261
532
1003
51320297
496
1264
15
781
256
15
777
256
19
269
256
17
769
23
263
256
33
785
256
45
801
256
49
285
768
47
285
256
35
267
256
21
263
256
11
769
499
1179
1945
-655489
-655224
1021
789
768
7
275
256
15
269
256
7
269
256
1021
261
256
1
509
1023
1011
271
1019
775
256
1013
491
-132120
-132099
275
256
1021
256
9
769
5
777
256
13
269
256
15
269
768
17
265
256
1019
263
768
5
777
256
5
775
256
3
773
256
7
777
256
287
256
13
779
256
5
256
5
257
256
11
773
1019
507
509
17
267
1015
2987
267382250
267383265
768
13
269
256
21
775
256
25
785
768
21
257
259
256
23
277
768
35
789
256
7
271
1
-738197040
496
1495
1008
1495
2003
1008
2009
-266393633
-266393146
-265606179
-265605688
496
985
1008
1495
496
1481
1999
1483
1487
496
1487
496
1485
496
1495
496
1507
1007
1008
1491
496
975
496
2827
256
11
783
5
-2364177
2669
1806
-1524686438
272
997
1310
287
1009
915
1714
995
2159
1682
953
2569
333
1601
1676
947
355
1595
1185
2167
1645
2119
2627
2601
1128
941
1090
977
1088
979
277
564
975
1066
1005
277
564
1005
283
1082
991
1011
119477483
119478450
1444
1747
1815
57
272
291
409
785
173
431
1197
690
969
1200
957
1621
668
957
1178
981
2127
1676
985
2151
381
1202
604
979
1519
285
1008
303
1008
313
1833
1843
1857
1361
1335
827
1855
4510
259
1248
1521
550
217
641
1533
895
1918
-3724541603
-3724541092
507
1290
983
1562
987
1044
983
287
384
1788
1259279172
1259280958
833
2107
1389
1622
830
1062
1115
1366
851
2027
1058
981
1604
987
1594
983
809
1080
989
1578
993
295
566
999
271
1011
305
1088
1017
271
1019
271
1007
3
271
989
1557
206
-249599497
-249597981
-267448355
-267447348
1008
2031
3535
1519
1990
1008
1477
2475
487
1510
2303
768
11
273
256
5
271
1007
1279
33
807
256
19
259
768
7
271
31
267
15
781
7
1015
1023
1034
769
256
11
1021
256
271
19
511
2323
256
7
261
256
17
781
256
11
783
256
5
773
256
7
21
297
256
17
281
768
1011
768
9
277
256
1023
271
256
23
811
256
15
795
768
3
9
781
256
17
273
256
13
259
256
7
789
768
19
783
256
13
263
256
511
11
259
768
29
307
256
19
293
256
33
273
256
1021
769
1040
1
-917252
1015
275
256
3
267
768
7
785
768
9
787
256
1
269
777
256
13
781
256
13
763
11
781
256
7
257
768
1023
1017
789
256
1021
277
768
1017
271
271
1011
483
1269
1013
271
1017
203362775
203363798
203364801
1008
2031
2800
496
1499
496
1483
1809
256
33
277
256
23
265
256
1023
1036
779
1008
511
980
2985
4515
783
1023
791
256
5
289
256
15
281
768
17
785
256
19
801
768
9
785
256
1015
481
1504
-268431982
-268430959
-268429938
1019
783
768
768
1
271
1
768
13
285
256
5
271
7
777
256
3
265
1019
256
5
273
256
7
773
256
1011
23
789
256
23
789
256
503
-132630
-131607
-130126
963
1467
1433
1961
499
797
768
11
1277
783
1011
271
995
807
1078
995
289
560
985
1582
991
564
989
293
564
991
799
1070
995
297
568
999
299
1082
1007
815
1086
999
801
1072
1003
813
1084
997
289
560
997
285
556
995
1068
1003
799
1582
987
548
999
797
1580
1001
487527176
1013
271
1013
118428422
118429205
989
538
987
267
1050
995
1560
21
615
890
769
396
769
496
783
1023
1791
23
265
21
781
256
21
271
256
31
271
256
15
777
256
499
496
1519
1775
23
271
768
1023
511
1072
1501
252
1768
2588
3611
4098
496
989
496
991
497
-267579937
-267579440
-267974185
-267973184
1008
2003
1008
2021
1011
-266525768
2003
979
1008
1493
1008
1489
496
979
496
969
496
991
1015
1015
499
-267186205
-267184691
-267184200
-267183689
-267182704
-267576973
-267576702
1019
769
503
496
993
-534050525
768
51
825
256
29
299
256
25
281
256
1017
1023
789
256
13
285
256
15
801
768
19
789
256
5
773
256
1019
261
256
1023
773
768
546
971
781
783
951
1058
938
1919
775
256
5
785
256
15
791
256
25
791
768
41
805
768
13
277
256
7
779
768
1021
1023
1326
357
256
31
347
293
371
807
869
817
871
768
43
373
301
877
303
889
307
887
768
33
367
295
371
811
367
793
879
279
869
279
367
287
861
817
387
768
37
361
293
883
285
869
256
17
877
783
859
785
51
377
803
881
768
25
865
781
337
267
337
275
343
783
845
269
341
271
321
275
339
275
837
785
339
271
315
267
313
267
325
265
297
768
11
313
768
5
305
275
311
795
319
256
21
809
768
13
293
256
15
293
256
271
1019
797
768
1015
781
1564
102
414
686
356
793
257
163
793
4050
4321
511
4460
496
973
1491
496
1483
496
983
501
273
768
1023
271
1015
286200343
985
548
983
1054
989
1070
989
1060
985
295
566
989
572
977
574
985
311
1571
851
2635
2117
833
2103
1280
347
2139
353
2125
2619
2067
2063
2049
2581
2083
1557
2061
2057
586
953
1064
953
1084
949
1555
2525
819
783
947
1092
937
1531
2073
2585
1553
2073
1543
2549
2555
325
795
951
784
266
1144
1844
2745
2533
319
1208
2039
1547
2577
2059
2093
1142
971
2143
877
1660
995
-2096163611
-1861283071
2131696212
2123
1605
2113
1587
341
2109
337
2123
349
2139
849
2637
853
2645
1288
2317231286
301
572
1007
1272
1784
845
2643
333
1267
1792
812
321
1589
1286
1094
991
807
1078
967
317
948
826
1074
1973
979
1066
973
548
951
1070
981
803
1074
985
1070
979
1580
995
783
1001
817
2589
1798
841
783
292
355
281
859
295
329
261
325
768
3
783
1009
487526666
1023
807
1590
1001
783
1015
783
1007
496
507
771
256
3
511
3200
954
496
780
1005
769
1040
1005
256
1015
783
1019
271
1017
783
1011
271
1009
265
536
783
997
773
1044
999
265
536
1017
768
5
271
256
3
273
256
1019
259
768
1
265
768
1017
783
1021
273
768
1023
271
13
781
256
13
269
768
1013
271
271
1011
271
1007
1511924726
300
891
503
-1174402115
-1174398539
271
1017
261
1276
991
1998
1514
2025
2807
802
768
7
277
256
1017
783
1023
512
192
1385
2604
273
1504
1987
29
257
256
33
777
768
33
773
256
507
1023
431
2302
1001
783
997
271
1011
271
1015
783
1011
17828275
496
985
496
1497
969
1483
991
-850126
768
19
809
768
13
285
256
3
783
1019
271
1011
819
1013
781
768
783
256
17
791
768
21
277
256
11
769
51319566
768
1021
507
1530
1801
7
283
768
15
287
256
19
277
256
1023
279
861
1279
341
1263
853
2133
853
259
1276
871
2159
377
768
3
879
256
1021
280
903
256
15
913
275
403
256
17
399
768
39
905
768
19
895
295
889
293
899
256
51
377
303
1157
73
1224
1208
619
63
1192
1166
345
313
843
399
715
785
397
789
428
789
471118
309
768
55
819
768
53
819
768
63
585
63
1071
63
1158
1176
1184
1079
105
1736
849
885
1198
1589
113
1063
99
539
89
1041
79
525
69
1166
1008
373
1279
981
1064
969
552
1003
797
256
3
823070962
256
37
783
957
285
256
997
556
993
257
1040
1001
271
1013
511
1534
-267316254
496
1499
3020
3523
-267577895
-267576855
793
768
19
315
799
325
281
311
291
827
256
29
825
256
17
821
768
1023
305
768
17
829
271
619
512
781
103
785
268
175
768
12
257
2047
1286
1780
794
1800
353
768
3
367
1279
891
785
917
271
921
815
949
303
951
797
953
821
742
447
813
949
263
417
277
427
768
13
425
275
1238
1180
961
2681
1655
2691
2189
1268
943
2221
427
2215
-3017924257
-3017923011
1627
2115
2111
2099
2621
2129
1166
967
1609
2639
1613
2113
618
971
2613
2085
2589
2079
1581
1603
2095
1555
2075
1094
947
1080
953
2067
1309
813
895
353
-1476391554
-1476389051
-1476387757
1011
271
1015
783
1007
281
552
997
269
540
1001
777
1048
989
1564
1001
783
1566
1001
281
256
993
1580
1005
801
1584
1011
1802
841
2619
-2096163611
-587399947
993
777
1049
1011
1346257159
999
793
1080
1003
1068
1015
1347
245
1252
1847
2191
2715
2215
2709
1194
989
381
2149
373
2163
881
1152
1003
1561268467
511
1000
-262977
566
981
299
1082
987
544
975
556
965
548
987
277
256
955
552
967
548
1011
556
1007
271
989
829
1612
1023
303
574
991
289
256
985
299
1569
2079
1573
1192
1588
353
441
608
1527
2059
2097
2085
2087
1142
989
867
1138
989
636
1005
271
1009
1282
1802
286
399
277
897
267
419
283
409
283
907
768
27
905
777
371
768
21
897
783
883
768
23
375
256
13
379
805
895
285
381
281
379
279
375
256
13
863
789
869
789
365
793
381
768
7
365
256
19
373
787
877
287
881
256
39
385
807
385
256
19
355
781
875
777
323
257
325
775
323
267
317
281
839
783
837
777
783
9
839
1269
299
265
825
256
11
825
768
3
833
263
327
256
13
311
768
1015
299
768
1021
768
21
823
256
7
293
256
5
811
256
3
783
1009
783
1007
151982332
396
984
273
379
2085
319
1783
817
768
11
304
315
768
1023
821
781
335
797
837
256
25
299
275
271
27
313
256
15
809
256
33
801
256
13
89
523
575
273
266
653
256
783
496
911
1005
256
264
1480
5807
499
913
1696
1003
-1542520439
0
17
927
768
41
923
256
43
1173
47
405
256
73
937
783
1161
89
419
291
1193
69
1742
1677
81
435
317
425
823
399
351
1774
738
790
1296
1780
1185
73
706
939
301
419
768
115
897
921
785
271
935
783
359
256
45
-1693511302
267
933
256
1011
915
1279
409
1261
2109
2153
515
784
181
919
440
953
1191
879
1140
899
271
903
1162
877
1676
885
895
783
899
1573
385
271
891
387
783
913
903
783
921
1601
405
1228
1645
1704
965
2163
2135
2625
2089
2599
1581
2091
2087
871
1726
2587
1581
2085
1575
2097
2055
1559
2611
1591
2121
2621
1565
2579
2073
1569
304
823
179
883
783
877
496
359
1008
861
847
2300
271
445
758
5158
285
256
5
285
256
7
789
256
9
281
256
1023
768
21
789
256
21
775
768
23
261
256
33
259
256
983
1493
256
51
785
256
43
783
256
43
269
1005
273
428
991
785
345
681
940
1961
281
256
1
1005
791
1574
999
286200802
783
1017
783
1017
496
1487
496
969
1471
1491
1008
1507
768
31
783
256
41
777
768
507
768
27
295
768
15
273
768
1
783
1023
771
768
536
48
1720
302
1686
2357
540
865
1050
871
542
875
554
885
1056
887
777
271
899
275
271
905
281
271
915
797
783
909
1062
905
538
899
263
271
967
530
783
1
453972218
7
299
256
3
293
256
9
295
256
17
809
256
35
303
768
39
307
768
43
293
768
41
301
256
61
317
256
45
815
768
59
1138
299
768
33
303
768
33
801
768
35
295
256
7
297
484
1778
2005
1875
2886
975
2116
1172
973
1230
1493
495
-265739348
1459
1978
1463
1221
3112
1791
995
1570
1023
617
256
509
261
618
261
1284
271
1019
271
1019
783
1011
271
1019
271
1003
271
1017
783
1013
783
1015
271
5
299
256
15
815
256
11
299
768
11
279
256
1009
799
1070
993
281
552
993
544
977
1289
1598
221
1187
260
1538
-6561998
82
1455
3751
271
993
3326
3807
1726
1791
1001
819
2101
1280
1290
827
1610
995
1080
985
297
1080
991
568
951
575
693
61
273
180
173
256
1628378861
1695486818
1789
871
2149
2627
329
1593
1638
59
1489
313
1666
2261
1058
979
566
985
1074
987
1569
311
2089
315
1585
2115905252
1292
327
1789
31
307
768
33
301
256
45
319
291
323
291
325
287
813
256
27
289
256
29
811
256
25
299
256
37
823
768
35
305
256
37
321
309
843
805
839
289
317
256
3
287
256
1021
783
1015
789
1060
1007
810
285
371
913
3394
2779
1435
1429
1437
1945
1437
1441
1455
1451
1449
1435
1459
1975
1961
1437
923
496
2403
1293
-588559
511
256
9
257
768
507
963
1947
-875044123
-875043612
-875043101
-530471
527
243
1012
1848
-603977136
1711
1966
475
2311
761
1016
3020
4043
4968
6502
6773
995
271
1013
1021
993
3024
4113
665
1015
1784
1009
-1314061
-1313614
1519
2022
1017
769
487
497
23
775
256
27
261
1013
275
-266336321
-4469365
-14469805
-14468281
-267651096
-267650305
768
5
783
1019
185537274
185538057
1007
269
256
15
281
552
1017
263
256
1270
937
1588
971
1602
965
1086
983
1094
957
1082
985
1092
977
580
991
2595
319
1591
329
2099
313
1577
333
2119
1286
855
2121
2095
329
1583
1612
981
295
566
983
1596
1011
327
1603
969
1580
967
556
973
1066
985
277
1060
989
1076
999
307
1090
999
309
1092
993
815
1086
1011
789517072
789517855
1003
295
566
995
805
1588
1005
297
568
997
297
568
1005
783
1009
271
1015
783
1015
1015
271
15
301
768
5
811
256
1
285
256
1023
271
1005
269
1280
271
987
783
116
272
370
768
114
1953
672
1595
963
2496
1465
496
1264
1
785
256
1023
271
1021
271
1007
271
1011
289
560
997
277
548
1007
271
1013
271
1005
809
1592
979
538
957
528
975
1056
39
653
19249322
2113
2115
1577
2133
1729041968
865
1136
985
2111
2093
2097
345
388
800
528
989
1227
1084
973
1090
979
1094
979
1092
985
2083
833
2617
321
1597
329
1603
311
2089
1125060912
1125061183
1001
297
1080
1005
1076
987
805
1076
997
297
568
1017
783
1015
271
1011
783
1013
809
1080
983
1054
985
542
999
1066
1019
599
761
259
394
261
-301986374
785
317
1183
2461
5466
1447
1790
1498
4027
4522
5033
5544
11101
12124
12455
7781
7836
1416
275
950
275
1519
2542
4642
893
2008
1205
1949
2460
3994
5514
5515
296
1797
5094
7109
-67103031
4856
-100657454
-100656447
537
237
1981
2322
2833
768
11
775
256
7
769
1023
2010
-402646932
1023
3951
5455
7715
571
3345
2038
999
2511
1008
-1615344873
369
369
496
25
783
1003
1284
305
576
9
1137
1395
1112
257
1163
768
977
1590
1001
568
1001
570
985
1080
985
552
1005
1072
979
783
1003
798
831
789
329
783
845
1791
835
1789
321
1279
783
1015
1610
987
291
256
1009
271
1011
783
1005
815
1598
1007
1802
319
1773
837
785
843
263
317
263
317
1271
817
1088
989
521081604
521081875
973
383
521143096
521144335
521146309
1046
969
536
983
546
965
540
987
556
975
1572
989
805
1076
997
809
1080
987
990843698
1269
823072309
7
321
256
999
811
1082
989
809
1080
979
797
1580
997
1602
997
1596
991
297
1080
997
1600
1009
325
1783
1282
1798
839
2611
823
2093
825
2091
327
2107
1091508742
1270
957290231
273
1056
997
781
1052
993
257
528
1001
1564
993
487527170
5
301
256
15
299
256
25
813
256
37
311
256
25
293
256
23
799
768
11
781
768
3
263
1015
1005
496
1481
1983
1493
496
1796
2812
3323
3834
4842
5837
521
225
482
2013270141
2013274931
1008
1497
1008
1509
25
263
1007
1008
1501
496
979
1008
2005
1008
2253
1782
4323
1280
1012
1582
1958
2346
4744
495
-268174358
-268173335
-270669579
2022
4016
7073
8096
9104
5516
7525
-3537397
503
-2890282
-2889085
447
516
5752
5783
1376
505
257
505
496
3270
2555
256
768
11
277
256
1007
271
256
5
779
768
487
767
1023
783
768
1023
1013
769
1252
2275
3276
5310
1296
526
2461
490
785
281
387
768
2935
874
769
440
769
1818
511
818
803
1670
803
2235
1058
999
1080
971
568
977
1082
979
305
576
993
578
1005
305
576
1007
990843694
990844976
1290
1800
1284
1788
831
256
1015
2069
317
1595
841
2627
333
1611
325
1273
1098
981
1192169780
265
313
768
1013
825
1608
1003
809
1080
991
1586
989
1582
987
1580
19
1175
273
1339
1854
2871
3894
4911
1265
3058
1015
13
787
256
9
1016
1527
5019
6042
7065
7678
7983
785
428
785
1519
2512
4036
981
496
2536
3047
3546
897
1534
2097
509
457
1252
1264
1021
493
-133140
-130081
265
1548
211
1787
511
854
1528
493
2526
2543
6275
1023
974
481
992
2996
-234877789
9
1017
483
994
1505
1530
73
279
1315
4561
1007
283
256
1021
256
1023
2030
950
445
464
2352
256
15
261
1011
1001
1008
4550
511
774
768
9
787
768
21
283
768
31
807
256
23
783
768
9
261
979
2853
835
1331
819
992
1983
1009
263
256
13
271
1013
789
1572
997
257
529
342
1535
2301
511
869
-202243125
-202242122
422
462
1570
199
1787
1014
256
503
499
-266862110
-266861839
126
1017
505
-267974693
-267973670
-267973401
256
13
771
256
2556
3708
-529319
-529282
0
267
1813
5766
265016421
511
3318
2617
1052
993
1048
989
1052
977
1050
975
534
983
1042
989
279
550
985
283
554
1011
783
1011
1806
841
779
829
267
317
275
313
768
1019
271
1005
773726961
1009
271
1007
271
1001
271
1001
271
1011
319
768
17
321
265
829
1275
783
1
588190739
995
269
540
983
1058
939
783
512
142
269
502
445
3564
1007
771
2787
5313
320
271
1018
275
-536868898
271
1019
269
256
1017
773
-1709843
-1709832
777
505
491
1514
2301
768
1023
2016
3039
3550
4573
6613
386863868
1011
285
556
1011
1078
1769
2851
483
994
3457
4991
5502
7509
8020
11087
-268433495
-268432984
-268431991
-268429945
-268427907
473
-268432445
-268431422
-270930053
-273560251
-273559752
-273558729
-273558473
257
1038
4057
515
236
969
488
809
965
256
128
511
1506
1566
991
1048
995
265
1048
993
261
1044
999
773
1556
1007
17765361
17766384
256
7
771
1013
989
3529
4026
5049
6066
1023
-706881100
-706880597
767
1021
271
1023
1040
261
1023
773
768
21
785
256
17
273
256
15
769
256
1023
1023
2821
256
5
3
787
768
1021
1011
271
768
3
771
501
768
-402652720
-402651426
102
389
1157
1512
975
2718
3741
-268433975
-268433464
-268432953
-268431930
-268431659
491
1002
1029
797
768
21
275
256
509
1011
1522
2539
-5786707
-5785720
-5784692
261
256
481
992
1993
2504
3467
1764
-1181224
-1180201
-672268390
-672266856
-672266375
-672265352
-672264331
783
1015
785
768
7
995
2800
-588323
-587301
-586278
-585263
501
271
507
256
2046821445
2046822365
986
273
279
1169
2703
134
438
785
377
768
3516
543
741
23
485
69
1271
1542
2557
-129049
-128538
-126730
-126219
-125710
-124715
-134339427
-134338149
-134338146
259
256
505
-671088186
2164329471
2164329960
496
-1578022
-1576503
-1576020
1279
1001
1512
3538
3809
1021
273
256
7
789
256
3
783
256
7
273
768
1019
2014
-1050164
-1049178
1905
2818
2823
771
5
771
256
9
259
256
1013
503
2042
501
-268499499
497
503
507
9
259
499
-536410680
-536409657
-536409146
-536408635
-536408130
-536407117
-738649711
1019
-1185814
-1183257
-1448491
-1710381
509
511
-1577491
1534
2045
4081
507
598
937
1704
1534
-603977756
-604765748
-604765492
11
773
256
1021
1508
1783
256
13
769
1007
1008
1879
1008
1879
1534
1534
3026
5072
756985
1771
4282
224
1752
2122
4134
4645
5156
5667
6680
1008
1519
2030
3053
539
509
2698
783
997
1040
473
-268433496
-268432473
-268430939
-268430428
-268429645
256
11
773
1023
2031
3557
-1053206
-1052184
-1051925
1807
4142
257
1254
219
1277
11
789
256
11
277
768
1023
271
1023
2016
3039
-738192959
-738191936
-738190913
-738190642
2499
987
1498
2521
-2366013
-2364990
-2364222
19
283
256
23
768
507
273
256
29
791
256
29
793
768
23
267
11
261
256
13
263
768
17
259
261
501
1008
2031
3054
3823
1015
9
799
256
11
803
256
9
281
256
7
783
783
256
271
1015
783
787
768
11
783
256
11
267
256
1021
279
256
27
785
256
1021
259
1040
259
768
21
769
777
256
3
257
768
3
-33557504
-33557233
256
775
256
1
768
511
1023
263
768
11
269
768
773
256
256
13
261
256
1015
1023
2046
3051
4062
1019
261
768
7
779
256
11
267
256
13
267
256
219091698
219091969
1005
280
-268046870
-268046102
11
256
3
259
768
1017
783
15
777
1023
261
256
9
265
768
1
771
256
-536869933
-537924167
-537923900
256
787
1023
1030
257
256
511
768
19
511
767
1023
1791
17
779
768
25
263
768
768
1005
1023
1534
1805
11
781
256
-790038
-789531
511
768
35
257
768
37
259
1009
496
1491
2031
-402650172
256
19
259
768
1015
1023
-1052177
-1051921
9
263
256
256
11
781
256
9
769
19
279
768
31
273
768
33
269
256
507
1013
491
1008
-167770150
-167769157
1008
1039
783
256
17
273
256
511
1019
777
1
271
3
1023
2042
33
261
256
33
261
1023
1015
1021
271
256
1023
21
265
256
1001
1048
993
271
1013
277
256
995
781
1052
975
2581
1557
2095
1595
2101
2095
843
2599
2083
2103
2591
2589
2621
849
2631
337
1629
1326388449
331
1589
2083
1096
989
1096
979
1321
1080
207
1157
1019
271
997
271
1054
997
783
1003
544
15
607
781
777
257
183
793
496
1023
1504
-787007
-786496
-785473
-2101334
777
256
21
269
989
1006
1214
1568
3551
5075
503
493
-326707
507
1021
256
1023
499
271
1
271
1019
271
1011
1522
2543
773
768
1
1023
2046
3069
4068
5091
6099
-1439305
-1438794
-1438283
-1437500
1003
261
266
1023
2046
5071
6083
7106
7129
259
21
781
768
5
769
256
2046
3069
3078
781
256
259
768
1023
1534
1015
1279
1
283
768
1015
783
1009
286200058
286200841
1003
783
1003
420417814
256
3
803
768
7
287
768
29
805
768
9
803
256
13
287
768
1021
271
256
3
256
15
805
256
11
783
256
11
271
256
1021
271
1019
35
1404
775
1051
1283
601
2135
2646
3661
1005
1008
1776
19
257
499
503
-369098276
-369097253
-369097242
769
993
-471074419
-471073908
-471073651
13
257
289
256
11
271
768
19
269
256
511
1516
1009
501
-132116
-131129
257
1021
496
-1046038
-1045527
-1044504
-1043993
-1042970
-1042459
-1041691
25
269
256
11
271
768
3
275
256
7
1023
1279
29
789
768
1524
-264216
-263203
263
785
1521
281
256
33
783
768
507
2020
2803
1015
257
768
1
997
496
1495
496
-335542838
-336856652
-907280994
-907279973
1023
-4128838
-4128339
1009
-267318305
-267317824
496
981
1999
3021
-503311952
271
1485
140
920
645
2890
5525
1792
281
411
768
2617
996
785
241
1163
416
960
273
349
1175
1871
1777
293
399
768
399
1279
3
271
-436206612
-436206101
-436204567
-436204080
507
-3550400
-270043636
-270042613
-270041590
4064
4575
5598
-519743
-518177
1017
987
1834
1276
97
103
615
966
501
496
991
1008
3541
-1705054
-1704041
1008
1477
2500
-335545439
239
-134215846
-134215833
67
779
575
769
1035
611
1008
2464
-603976391
-603976299
1640
1986
2849
20499642
20500665
20501684
14321238
2557
3068
3579
1023
2263
1526
2493
6030
6293
768
9
261
768
11
259
1007
271
7
-266768
-266257
1019
1023
2038
-921108
-920627
-920116
-920111
-525842
-2628656
995
1759
1278
233
1275
3986
-1843741
-1842973
13
771
256
511
256
7
263
1011
-268236833
-268235323
-269420645
-269419634
257
256
25
783
1054
1001
773
1044
1005
490
1513
2522
1001
1008
1491
1008
-63031
-63010
285
256
17
783
256
273
256
7
267
768
1021
783
1003
783
1001
1564
995
1562
1007
271
1009
777
1048
1007
773
1786
783
1021
777
256
15
785
256
13
789
256
19
279
768
9
265
27
265
768
1023
1023
2046
2557
2568
777
256
15
267
768
11
777
256
13
265
2029
-526354
-525843
-524335
-523314
271
1017
509
511
767
256
1021
265
256
256
275
768
17
773
768
21
775
511
1534
267
768
1005
271
768
1
-3416113
-3415857
19
781
256
13
769
23
263
501
489
496
999
505
1021
256
17
1968
2479
2581
360
1128
1484
187
1142
2165
511
6541
2046
1011
271
1019
271
1023
783
1017
256
5
773
768
17
781
768
19
271
768
17
783
256
17
265
768
5
771
256
3
2046
256
11
783
256
31
791
256
31
259
256
29
773
511
1534
-1047081
-1046080
1008
1499
1008
1997
2517
1534
2045
768
509
511
1008
-267974181
-267973413
13
773
768
19
779
768
7
257
-394768
-393234
-570818124
-570816614
783
1007
185598446
185599225
256
1015
2005
969
989
1009
1013
501
1009
1008
2007
496
979
-266525229
-266524742
1008
1485
1491
1017
509
768
509
1021
1023
2014
4060
9343
1947
2970
2973
269
256
1023
511
1518
-267841560
1019
507
989
-3721903
492
273
353
433
689
433
-436205664
-436205185
1008
2005
496
989
1011
507
503
495
496
985
496
991
493
1023
1208
317
1191
2446
2871
3382
2752
11
793
256
1021
896
1008
4478
1449
2348
3355
5366
261
256
11
269
256
11
267
256
13
781
256
15
777
256
15
261
5
789
256
9
783
256
1800
1288
327
771
325
769
999
562
993
293
564
993
291
562
983
1580
985
1576
983
1062
969
1566
999
1578
981
283
554
993
801
1072
983
546
987
1058
971
1556
951
1556
967
1046
987
1578
493
257
145
265
1008
271
256
372
1508
265
1048
1003
771
1554
1005
118428416
1009
783
1009
271
1015
783
1019
17
809
768
37
821
256
29
303
256
29
295
256
15
789
256
9
271
768
1
265
256
9
273
768
1
785
256
17
275
768
13
275
256
19
283
768
15
281
768
13
789
768
9
269
768
9
1017
265
256
9
277
256
23
287
768
25
277
256
11
781
768
9
271
2247
209
461
257
181
265
496
1008
1879
511
-469759538
-469758515
-469757506
783
1011
271
1017
271
1019
261
256
1
-1973291
-1972796
-920105
-919337
9
777
256
3
259
256
768
11
779
256
511
1016
785
256
19
263
5
267
256
15
787
256
1023
-787990
-786967
-786466
-267841065
-267840578
1008
-919082
-918074
-917589
496
981
1008
1520
237
1787
3786
1008
1495
496
983
496
1493
1008
1499
496
987
1023
256
511
1007
1008
2011
-266527269
-266526786
1008
1497
496
2491
789
-267840817
-269419862
-269419369
-269417835
-269417574
1023
1496
3034
496
975
496
1505
783
1023
1015
-436205080
783
1021
783
256
13
269
256
15
771
256
505
503
738
516
887
403
-1449098
-3290268
-3289772
-3288813
1471
1469
2031
3032
271
1007
271
1017
271
1021
17826280
17827061
768
7
269
256
1
263
256
256
25
785
256
37
281
256
35
279
768
23
261
256
21
783
256
7
257
19
313
256
9
291
256
1017
271
1011
783
1007
783
1005
1067
196
1294
205
653
1511
4928
1023
997
440
785
1519
2542
3039
-267781138
-267781081
1059
55
281
256
45
781
256
33
265
768
23
259
256
25
769
256
511
256
23
257
1023
256
21
777
768
19
773
768
13
769
256
511
509
271
1019
265
768
5
785
768
19
795
768
13
785
256
3
265
768
1019
271
1011
467
1963
1461
1975
955
1995
1479
967
1461
947
1441
1457
1467
1459
1455
-1073744118
285
3715
4636
5621
1371
1876
2893
271
1023
783
1011
271
1007
-116390976
-384626770
507
1015
499
493
1008
1503
1008
1495
496
1489
2003
1008
1487
1487
496
983
-265867802
-266397221
-266396226
1008
2005
3036
3531
1008
-525866
-525605
768
1019
1023
501
507
511
256
501
1003
496
1499
1008
1493
1008
2011
1008
1501
-266392086
1013
505
1011
1013
491
499
491
1008
1499
496
977
1023
271
1017
783
1019
511
-469759523
-469758506
1001
2024
-1314342
-1313321
3
495
-3021880
-3679845
-3679342
768
256
1021
1021
9
273
768
7
1011
1522
2545
3568
-389664
-389173
1467
5773
771
1021
256
5
263
768
11
779
768
505
1023
1534
3050
3306
511
4061
256
1003
285407990
768
9
779
256
11
777
768
1017
1007
1008
2031
2036
777
768
1
-1182234
-1181451
7
775
256
7
769
1013
3821
382
1018
1019
983
971
496
981
496
991
1008
2007
496
973
3776
973
1052
981
1572
995
797
1068
999
287
1070
1009
386864115
1005
817
1088
995
570
989
801
1072
989
297
1080
1001
271
1013
1804
825
279
851
277
335
787
839
263
305
256
1021
588189964
588190235
1005
219091200
219091983
1001
1036
521
230
631
783
116
272
370
1488
1183
3221
256
202
1349
1744
2255
2766
3215
785
285
673
2950
-167768224
-167767953
-201325600
-209477751
-209477746
259
1
259
21
257
511
507
499
110
-1006569112
-1006568572
227
796
1022
1105
1376
1040
213
1279
3523
4014
5548
6567
11
257
7
271
256
1021
781
256
505
503
1008
1997
496
1005
11
789
256
7
781
256
1011
271
1023
1015
-167771382
256
37
789
768
33
785
256
1023
1023
-369096761
-369095738
-369094963
791
256
19
791
256
15
779
256
-3285025
789
256
11
779
256
501
35
259
21
769
1973
2996
4000
-2232969
-2231952
256
1023
491
1008
1493
496
1493
496
983
496
753
1013
1269
1023
265
256
1
785
256
1023
777
256
1023
1011
259
256
7
261
768
9
769
256
19
261
768
1003
2026
3049
1023
1492
967
1473
3128
3428
999
263
1046
1003
769
1550
2333
999
789
1060
1009
271
1001
271
542
1001
785
1568
987
1042
979
1040
768
9
257
511
11
789
768
17
787
256
13
785
256
11
265
27
259
768
19
259
256
1021
1015
1023
1530
256
5
261
5
777
256
1
261
256
256
13
773
256
787
768
25
271
768
1023
-267778067
-267776026
-267775243
1009
261
532
1015
265
768
9
273
256
1003
271
7
783
1023
279
768
13
797
256
9
1023
3050
6033
779
1050
993
271
1001
271
1017
279
550
997
4241
1008
2005
496
989
496
981
496
985
1008
1483
2542
3325
1013
783
1009
185537248
185537519
1009
271
1009
185536776
1013
329
777
99
835
1820
1259279156
1259280958
849
2641
1359942482
256
35
877
293
371
283
875
287
881
281
875
795
371
779
871
269
355
256
23
351
273
859
267
341
795
349
256
21
863
293
363
289
357
795
857
785
335
265
768
1015
289
768
23
785
768
21
271
768
21
275
768
13
275
256
21
277
768
25
279
256
25
799
768
35
799
256
27
293
256
13
277
256
19
787
256
9
259
256
509
1021
4008
1008
4055
4566
-267575883
-267574880
496
1483
1008
2019
1023
-3555876
-3552920
1987
1991
965
975
1008
1999
496
1497
496
985
1023
256
7
303
256
1021
783
1015
271
985
803
256
130
484
657
39
769
128
39
1967
550
969
1064
975
562
979
1080
981
1086
981
2081
2613
323
1599
1288
345
777
363
271
881
795
889
768
23
375
256
35
377
785
879
256
11
999
861
2129
2123
343
1613
869
1652
1001
875
2143
879
2665
2098140417
257
768
37
379
277
879
799
889
768
43
678
883
819
879
313
883
799
355
801
857
295
855
299
345
293
103
1059
1781
2862
277
1787
256
17
805
768
13
293
768
21
801
768
25
291
768
13
803
256
11
801
768
21
783
768
21
795
256
5
793
256
15
281
768
11
795
256
17
285
768
11
279
768
9
785
256
3
777
256
5
779
256
3
1023
413
1433
1449
2023
-593464
-592469
299
570
1011
821
1604
1007
923734790
1015
271
1013
783
1009
271
3
1192
446
327
2646
746
991
772
2306
3814
521081598
5
299
256
9
815
768
1
297
768
9
309
1785
311
1275
821
263
1277
289
845
293
327
297
837
809
323
291
317
256
29
819
281
319
281
829
279
313
277
313
768
21
311
787
313
297
843
299
321
291
317
256
21
309
256
15
299
256
9
287
256
13
271
1013
783
1015
783
1015
271
1023
785
768
1023
11
267
768
31
283
768
29
277
768
29
277
256
25
267
768
27
273
768
31
267
768
35
781
256
35
265
256
33
781
768
35
267
256
27
779
768
23
257
1007
-267054117
-267053110
1008
1497
1008
1505
503
33
257
507
499
-267580453
-267579964
-268303898
-268303571
1695
3458
496
3478
3981
256
511
509
503
1017
95
950
819
1000
819
1031
1483
499
501
505
497
1019
1011
29
261
256
31
257
256
35
263
256
33
265
256
49
779
768
51
1553
61
1571
61
1573
59
799
256
31
779
256
27
263
256
17
769
768
17
777
256
19
263
256
19
269
256
7
2066
987
550
983
1052
987
1566
979
1560
983
532
981
1562
981
1054
981
1562
983
1050
981
1564
991
795
1578
1007
271
1013
1243489286
987
1064
987
556
973
548
76
1732
330
311
1176
311
2277
1046
959
1052
961
540
963
1062
963
1060
967
556
973
1072
975
572
987
1088
999
317
2107
1796
1290
853
2143
1784
1800
1460606191
1294
1796
873
257
375
256
23
893
768
15
375
783
889
1787
783
1013
917
256
45
397
768
39
903
768
43
907
256
51
913
256
41
1679
55
1173
59
1240
1742
921
256
47
401
256
45
911
295
395
295
389
801
389
291
901
287
385
256
35
895
301
907
825
911
768
45
901
289
385
793
897
256
17
891
768
19
385
256
13
689
256
875
785
269
487
768
13
2571
1282
1280
1794
1280
1796
271
1019
1292
907
768
1
399
256
3
399
263
405
771
393
768
7
405
275
419
793
415
275
413
256
15
411
256
15
405
256
11
421
256
21
935
256
29
427
281
431
285
429
768
21
413
277
417
269
409
768
15
407
256
9
919
779
919
267
913
797
423
293
429
768
29
423
277
403
256
15
921
768
7
909
1791
397
768
1005
897
414
348
1197
79
925
79
1763
1963922270
1963924056
3760071906
783
1013
855
783
853
783
341
275
857
809
355
809
349
795
333
269
317
787
286200586
1017
799
768
5
271
9
293
256
7
797
256
11
291
256
23
799
256
23
799
768
27
797
256
29
791
256
35
265
256
1023
256
509
768
509
768
25
781
768
29
267
768
41
267
256
41
267
256
49
783
256
57
267
256
509
509
1008
1489
1485
1481
2911
883
1393
496
891
496
375
1381
1379
1375
1885
865
1375
1375
1008
391
496
385
1377
863
1879
1363
496
355
1673
0
269
151
525
5
1279
3563
4586
2045
431
1023
269423897
269424680
1005
271
1011
783
1013
271
1019
271
1021
289
256
3
293
256
5
799
768
1
285
768
5
793
256
7
783
768
9
789
768
1
1
768
13
805
768
27
817
791
305
256
13
803
768
5
1154
768
971
1062
979
536
977
1056
979
544
987
554
983
1066
989
289
560
997
805
1588
1005
923735805
1802
13
865
777
345
267
859
265
853
267
863
263
351
261
353
775
869
779
871
785
873
256
35
895
256
33
883
801
883
797
891
256
17
379
781
883
257
367
768
144
794
273
398
659
785
142
659
768
991
1286
877
2675
1802
1288
1800
381
1275
381
256
11
911
267
403
256
23
919
805
419
768
43
423
835
1268
1278
1772
935
295
411
809
917
295
929
801
923
821
931
256
29
411
256
39
1220
413
817
417
291
407
807
405
805
917
285
393
256
33
909
256
47
411
768
67
935
825
411
256
49
395
795
899
768
43
897
297
389
271
383
428
820
682
313
410
313
256
1005
347
256
5
353
781
349
261
353
256
21
873
256
25
879
791
877
285
373
256
41
881
256
43
893
809
879
805
363
807
359
307
883
311
877
303
361
817
1694
1137
79
704
1724
1129
65
1682
335
309
331
305
839
795
331
1016
1598
305
1195
271
15
813
256
17
799
256
15
289
768
13
795
256
17
799
768
25
285
256
29
811
768
33
301
256
43
819
768
45
815
256
47
301
768
45
293
256
55
555
55
289
256
51
793
256
47
281
256
45
785
768
45
789
256
57
791
768
53
533
57
535
57
533
57
277
768
51
781
256
51
265
467
1473
1469
1987
957
1979
1459
1463
1967
1967
1959
939
937
1963
1447
951
951
1463
937
1961
3529
5061
507
499
1011
1005
495
-267573782
495
1023
2535
1008
2003
1983
-906034148
791
1298
1576
1623
2034
4080
4187
615
1127
1488
779
769
155
779
1008
768
501
495
493
-268042262
-268041239
-268041226
17
523
485
1034
327
2782
-3875534330
-3875533819
-3875533308
-3875532297
503
497
496
991
-268173338
-268172315
-335281185
779
256
1015
773
256
13
769
768
21
769
55
269
256
57
1031
59
1547
511
505
495
1008
1501
496
985
496
1499
1008
1499
1008
1503
491
1013
495
-265474076
-265737760
-266132515
-266131516
1008
1505
501
55
769
1015
1007
496
1497
1008
1491
1485
496
1487
134
370
388
787
904
787
1955
3440
4463
5165
1264
128
1023
55
273
768
49
777
768
41
771
768
39
777
256
35
783
768
39
269
768
41
785
768
41
789
256
41
277
768
37
789
768
37
789
256
29
785
768
27
781
768
21
775
256
19
271
256
13
259
256
13
265
768
17
791
256
23
293
768
21
797
768
13
281
256
7
267
256
1019
783
-8158266
-8153421
256
33
267
768
33
777
256
9
773
256
3
781
256
1011
773
934
458
693
245
502
1028
1156
5204
6726
1017
1013
1015
1015
499
495
1015
1019
256
1021
1042
11
603
777
783
769
151
783
1008
271
-469761038
-469760023
511
1422
2445
509
1011
1015
511
5
1023
771
768
3
257
256
5
783
1023
2543
5541
7537
1483
1469
992
2003
2786
995
795
1051
1011
783
1017
84873448
84873719
17
777
768
27
261
1005
491
1008
1495
496
975
496
999
-2895649
768
45
803
256
17
283
256
27
275
256
1017
273
768
31
785
768
9
775
256
3207
256
9
799
256
1021
279
256
21
807
768
21
271
25
803
256
11
289
256
1021
271
999
783
1005
785
1056
987
795
256
162
508
1178
487
769
487
1008
1981
1056
977
1050
987
1060
987
1062
993
801
1584
1005
805
1588
1011
890180386
890181660
1292833618
785
865
787
869
768
21
869
768
41
865
269
853
789
325
267
327
1277
282
841
1269
321
791
851
777
341
793
857
285
353
267
343
281
865
797
345
1277
857
265
855
271
849
273
861
289
357
309
361
768
7
349
269
353
813
877
1787
1292829454
391
256
15
909
779
393
1791
379
1773
869
2137
1621
1617
2123
2121
1778
1896814327
1762596087
347
1591
1595
2107
653
455
303
1650
2751
2511
1553
2065
1557
2595
1587
2629
333
1581
3156091643
991
277
548
1001
783
959
261
384
1911
761
2463
979
1044
977
1040
987
1048
993
1568
1001
795
1578
991
538
985
1042
849
275
845
265
323
771
1292
1804
323
261
1191
1054
1309
2316
1547
305
1563
315
1587
841
2611
2603
329
2123
853
2635
329
2123
1628377351
271
3
271
5
395
256
11
909
773
899
768
1023
371
1263
365
636
1013
357
1791
967
1563
1573
2109
2107
2103
2093
2069
2083
2621
333
2117
1792
1798
1790
1292833102
1279
349
1791
1794
1282
1024398383
987
1600
987
1080
969
817
256
154
264
785
317
265147574
973
1058
971
1062
975
1064
987
1584
987
1070
987
283
554
993
289
560
1001
823070978
7
319
277
831
269
317
269
307
256
1023
783
1007
386863360
386864143
1001
273
544
997
265
536
991
773
1044
999
118427904
1019
783
1015
1997
1473
1479
1925
496
927
1421
1451
84874469
84875252
1001
775
1046
999
783
1054
995
785
1568
997
789
1572
1005
271
1009
1183
1
1537
1589
2615
2619
1134
973
2127
1617
2135
2661
-3554795281
1013
417
261
-1727068929
-1827726772
2155
1649
1690
977
399
1661
413
1663
917
1700
1003
417
1677
415
686
985
925
1708
987
2167
1706
979
1200
967
2163
1645
1639
1182
975
2161
2175
2707
417
1677
921
2693
2155
1686
953
1670
971
660
977
695
196
1339
2200
1985
632
945
1138
947
1138
947
1575
2591
2599
2601
1591
2117
2647
2663
377
1637
2661
889
2669
885
2665
2653
1144
991
2127
2643
357
628
995
867
2653
271
1005
4583141660
4583143442
847
2113
2103
323
2097
321
2095
2089
319
1585
1583
309
1585
1292
1288
1804
1278
815
1598
1001
815
1598
999
271
983
291
1174
966
1592
553
907
553
3514
1405
2031
451
1445
1441
2495
1477
1989
1481
1993
496
997
1003
1008
2001
496
1491
1008
3587
945
544
949
1060
955
1072
953
1578
961
558
969
560
957
1582
951
1064
947
544
953
542
965
548
955
1058
955
1068
965
1064
963
1060
979
1070
967
1064
961
556
961
1592
957
1080
963
1088
959
2563
1591
1104
975
1096
963
578
949
1086
955
570
939
1084
921
1088
68
1795
279
4146
1048
925
809
271
921
805
271
921
1586
935
1582
929
289
271
927
564
945
801
271
955
1084
955
570
951
2059
1563
1100
977
1545
582
971
2085
2081
1598
963
1586
965
1586
977
574
979
2585
1581
2619
594
981
1606
981
572
983
297
1080
979
558
979
1584
997
819
1602
1005
811
1082
1011
795
1578
995
277
1060
983
1064
959
1060
973
554
953
1650
1246
336
3029
15
773
481
1485
496
979
496
979
1481
1481
1267
256
511
7
769
11
257
507
1011
-3686952
-3684924
-268562493
-535491077
769
256
1023
505
1001
-267448865
-267447864
-267058201
-267058168
797
287
1242
213
1279
271
5
663
259
1819
2126
999
2593
331
428
803
785
193
1183
1264
1333
572
217
673
397
1588
949
1074
949
1080
949
1078
963
1088
961
1094
963
2065
1569
2087
2607
2099
2611
2101
2101
1569
2077
1561
2067
1604
977
1090
979
1559
1577
825
2603
311
582
993
1092
989
576
981
1080
995
315
2101
957288732
957289515
991
1068
985
1574
971
532
969
1044
-1314963
1542192121
1440
1961
1294
1011
29
327
279
317
287
317
256
21
817
256
13
813
768
1017
289
768
3
807
768
1017
807
434
481
785
311
1711
1454
2451
791
1062
1023
275
768
1015
271
1023
783
1017
815
768
13
811
768
15
803
256
25
803
256
27
295
256
23
805
256
21
285
256
23
801
256
25
289
256
33
815
768
59
1672
652
1077
69
561
57
293
256
37
279
256
37
269
256
33
351
1257
3309
5064
1487
2467
1504
3304
1798
1276
837
2617
588
985
580
983
1596
987
580
965
819
410
272
785
223
1711
-1711272849
496
957
1969
1455
1459
1459
1455
1969
941
935
1447
1961
1971
1459
1461
1475
1467
1983
1467
2958
5420
1459
1459
953
1477
1562
670
1205
1460
132
972
785
373
2250
1056
991
556
991
1066
991
1588
995
295
1078
993
813
1084
1001
2015241968
1282
1288
1806
284
341
271
339
785
853
777
335
271
859
281
861
283
363
256
23
353
785
859
785
855
279
859
795
861
256
33
363
821
873
256
33
855
803
859
789
857
783
847
783
808
133
16
279
1684
2761
997
313
1579
1024397600
1024398860
1092
981
2067
2071
1096
977
2591
2587
1567
1561
2593
1575
1589
1577
2077
1561
2079
1561
1549
2059
2561
841
1190
843
1178
1505
835
1692
323
1186
337
1160
843
1692
1511
1503
2001
1439
570
883
1102
881
894
1593
87
1682
867
2477
2487
2005
855
1170
2543
339
1692
1497
1096
885
1088
879
1084
871
566
929
123
159
1563
959
2647
1040
843
528
847
1562
857
1050
865
1566
873
548
865
1054
867
1572
873
1064
879
1056
883
546
883
536
893
269
271
899
269
271
909
544
907
1048
917
542
911
1048
929
795
271
941
1068
949
568
955
1076
953
1584
963
556
969
1068
957
1062
963
548
961
1052
965
544
973
1568
963
1052
981
552
987
1580
991
1578
983
1056
973
1056
967
1042
973
536
953
204
529
273
191
1169
1001
965
1977
1463
1471
957
1475
6004
1467
947
1965
1445
2499
1008
3564
889
815
783
837
1122
532
61
692
271
845
819
1142
1092
869
321
1154
321
1158
321
1664
2005
1997
315
1176
325
1194
337
1690
2561
2077
2079
2067
337
1208
2023
315
271
933
321
1172
622
985
784
261
765
1893
785
271
905
297
783
885
799
783
903
295
783
903
299
783
927
2025
2043
2049
2069
1557
1573
2101
2103
839
2111
845
2107
327
2105
327
1593
331
2113
1359942907
349
837
412
837
1487
271
1011
783
1015
783
1011
271
1011
271
1009
271
1015
271
1011
809
1080
1011
783
1011
783
1015
301
768
1023
271
1019
813
256
11
309
277
317
781
309
256
5
305
768
13
813
768
5
297
256
1
301
783
321
287
329
803
845
283
317
291
313
256
5
297
256
1
285
768
1015
791
256
997
901
644
372
1366
275
853
279
853
801
345
793
857
811
365
768
33
353
256
43
361
305
373
815
1182
875
839
381
256
55
367
811
869
285
865
289
361
793
1127
49
377
299
1653
63
895
831
377
309
373
817
1178
1204
639
59
377
315
877
256
39
875
801
349
295
865
781
793
1381
3065
993
3475846863
1788
1800
791
313
289
313
768
43
825
303
309
256
43
825
768
37
815
256
29
293
256
33
809
256
29
793
768
25
279
256
33
293
768
51
305
768
43
285
256
41
283
256
41
789
768
33
275
256
23
263
256
1
259
484
1785
395
953
1210
931
1953
1443
1439
1439
1961
1445
1439
1437
496
933
1425
1427
1423
3376
2860
1917
925
1929
903
1771
2283
357
909
257
909
496
901
1008
1008
5602
7646
7902
13
799
768
1013
277
768
17
809
256
75
968
1021
1277
1021
3027
257
528
1013
297
768
1015
293
768
1013
271
9
309
1267
303
263
812
841
775
272
325
259
331
1263
1270
792
345
777
861
789
351
283
351
269
857
301
875
819
365
301
365
313
883
301
883
289
871
807
365
283
365
283
877
309
889
817
891
256
51
1714
1147
47
881
289
871
787
353
269
349
263
332
197
315
608
813
857
1830
291
1571
1290
1288
37
385
256
35
891
