59
109
100
74
110
100
68
107
103
102
97
96
98
98
100
73
105
99
74
111
103
100
98
97
100
98
96
70
104
100
75
108
100
98
98
99
100
96
96
70
108
103
75
108
99
72
110
104
102
100
100
104
105
91
107
102
105
106
101
96
107
102
79
113
101
70
110
106
71
110
102
102
106
105
99
100
101
102
101
99
68
107
101
76
108
103
61
133
101
73
105
98
70
107
104
73
106
100
101
102
104
98
99
59
142
104
101
98
98
101
102
95
80
105
98
76
109
98
71
107
102
102
98
91
101
102
101
98
97
98
99
103
100
98
97
97
101
98
95
72
106
101
76
109
98
98
99
99
97
96
96
95
100
99
94
94
97
72
109
96
76
107
103
71
109
101
98
97
100
100
97
97
98
99
103
70
103
101
74
111
104
101
99
99
102
102
98
97
99
100
71
103
97
81
102
103
73
106
99
70
106
103
101
98
95
96
99
98
96
96
96
97
101
99
95
99
98
100
102
99
97
101
103
100
101
99
98
103
103
99
98
87
74
112
103
70
105
101
74
108
101
69
100
104
73
109
99
70
101
105
74
105
100
97
99
101
99
95
97
98
101
100
98
96
99
101
98
98
97
96
100
102
97
96
97
99
100
100
97
95
99
100
98
97
96
95
101
99
99
96
99
99
100
100
97
97
99
101
101
98
97
100
100
99
71
106
99
76
110
100
98
97
97
100
100
95
95
71
107
102
100
97
95
73
108
73
106
99
98
100
101
95
96
96
96
99
98
95
94
98
98
98
97
95
94
97
97
94
93
69
102
100
74
102
96
97
84
103
98
95
83
75
110
99
96
94
94
96
98
97
97
94
98
100
98
95
95
96
97
99
98
93
94
99
99
96
97
95
95
101
99
94
95
97
96
98
97
89
99
101
104
102
99
96
99
101
99
97
98
98
100
102
99
98
98
72
108
103
71
104
101
74
108
98
70
103
100
102
97
92
93
93
100
77
107
95
70
107
104
102
97
95
98
98
97
96
97
94
98
100
95
95
98
97
98
97
95
93
95
98
97
95
94
94
100
100
96
97
97
98
101
99
99
98
98
100
102
97
96
98
102
100
99
96
96
100
99
97
71
103
74
109
97
74
106
99
101
100
101
95
96
99
102
100
99
66
132
105
102
98
96
97
100
100
96
93
97
98
100
99
95
95
99
100
98
97
96
96
101
102
97
96
97
98
101
100
97
70
95
108
101
75
104
98
74
108
97
69
96
100
73
107
97
94
97
98
97
94
95
94
97
99
95
93
94
93
95
98
97
94
97
98
100
99
95
94
97
98
98
95
69
100
102
76
106
97
70
95
103
72
106
96
95
99
97
98
95
94
95
98
99
98
95
93
96
98
95
94
93
94
95
97
94
93
90
99
71
105
97
69
103
99
99
96
94
94
94
98
97
96
95
97
97
99
95
94
95
99
97
97
94
94
96
99
96
94
93
95
97
100
93
97
96
98
97
72
102
96
73
108
99
70
99
96
70
105
97
71
91
99
96
97
70
85
103
96
97
98
97
94
93
95
98
97
94
95
94
97
98
96
93
96
96
95
93
93
92
96
98
96
94
94
96
99
101
98
94
96
99
84
110
99
97
99
99
102
98
96
96
99
99
69
97
70
116
105
98
75
103
95
70
105
98
70
92
98
72
104
97
95
91
91
94
94
92
92
90
92
95
95
91
92
93
96
95
93
91
91
93
96
96
95
91
92
71
106
74
101
92
69
104
99
95
92
92
95
95
96
93
92
94
99
99
95
92
94
96
99
97
93
92
94
96
97
95
92
93
96
72
87
107
93
68
102
82
68
63
91
87
101
100
98
95
95
95
95
98
96
93
95
98
97
96
94
95
97
101
99
95
96
69
107
103
77
95
99
73
107
98
72
104
96
99
98
96
94
94
92
69
103
98
71
95
92
75
107
100
95
96
100
98
96
93
92
95
99
99
98
97
100
97
103
98
96
98
99
99
98
94
94
87
107
98
97
96
96
99
99
95
93
92
96
97
97
92
92
95
96
98
97
92
94
97
96
97
94
95
96
100
99
93
94
96
95
100
97
94
94
97
99
97
95
94
95
98
71
104
97
67
104
100
71
101
93
72
103
97
70
98
93
69
103
96
94
90
90
89
93
67
94
95
93
73
102
95
69
100
91
92
92
93
92
90
91
93
97
94
94
93
96
98
96
94
95
95
83
68
108
91
72
89
91
81
89
83
89
82
94
82
89
86
84
89
103
72
106
96
92
98
99
97
95
91
93
97
96
95
93
90
93
100
95
97
97
96
98
100
97
94
95
97
98
100
94
95
69
109
75
105
97
96
97
98
96
93
94
94
97
97
95
91
94
96
98
96
94
91
94
96
96
94
92
93
94
96
95
93
66
101
101
73
106
96
94
96
96
96
95
90
90
98
98
93
93
94
96
97
96
69
101
98
62
132
97
93
91
96
96
95
91
69
103
98
73
104
95
94
95
96
96
93
91
94
98
99
70
103
99
100
102
102
98
98
99
103
103
102
101
104
77
116
107
104
68
111
107
68
137
103
103
104
101
99
98
80
112
104
60
138
104
104
102
99
98
99
101
103
98
78
108
102
103
101
93
101
100
103
103
99
97
76
105
106
101
98
98
104
101
98
98
98
101
103
99
97
100
87
110
103
99
98
102
104
99
100
98
102
70
109
102
69
107
104
104
100
67
98
100
100
82
105
95
70
108
99
72
103
99
101
102
104
100
101
104
105
102
102
101
102
106
104
101
90
107
102
75
96
102
71
107
101
102
96
97
98
99
100
96
95
98
102
101
100
99
98
101
103
99
97
98
99
99
100
98
95
100
101
100
98
96
99
100
101
100
95
97
95
104
97
97
97
98
99
100
94
94
98
99
98
97
95
93
97
72
104
72
104
99
98
99
95
92
95
98
98
98
96
94
96
100
98
95
95
96
98
100
97
94
96
98
100
98
97
94
100
101
98
96
96
97
100
102
97
97
98
99
100
99
94
95
99
99
98
95
96
97
99
100
94
95
94
94
98
94
91
93
95
95
97
95
91
96
99
98
98
97
95
98
100
98
96
98
96
101
100
94
93
96
97
98
97
95
92
97
98
95
94
93
93
97
97
94
93
94
94
97
99
95
94
97
97
97
98
68
102
99
101
98
96
68
102
98
101
97
95
96
97
98
98
97
95
98
100
100
97
96
98
99
100
96
95
94
97
100
98
93
93
95
97
98
94
90
92
95
95
94
91
91
94
97
97
93
92
96
70
107
101
97
94
97
99
100
95
94
95
97
98
97
92
94
97
97
96
94
95
95
99
102
98
94
98
100
102
100
100
99
101
104
102
98
99
60
140
103
97
97
97
100
101
96
96
96
97
96
96
92
90
93
74
108
98
69
101
97
71
99
93
71
94
99
98
96
93
90
94
97
95
95
95
93
80
109
98
97
97
97
99
99
95
92
97
98
98
98
95
94
98
100
97
97
96
96
100
99
95
93
96
97
98
97
94
95
96
96
97
94
91
94
97
95
94
72
101
99
103
99
96
98
97
99
101
98
94
99
101
99
99
96
95
100
100
97
95
97
97
100
100
95
95
97
99
101
97
96
98
100
101
99
97
97
100
101
99
94
98
99
101
100
98
96
97
100
101
96
96
97
99
101
99
95
95
98
99
99
70
104
98
101
101
97
96
96
97
99
98
94
95
96
98
99
96
93
96
97
97
97
92
94
98
99
97
69
101
98
73
109
102
97
97
99
71
106
97
60
131
102
101
97
96
94
98
99
98
94
95
94
98
98
96
93
96
98
99
97
95
93
98
100
96
96
93
95
100
99
95
94
95
97
99
98
94
96
71
108
103
72
101
100
102
101
99
95
95
99
103
70
102
100
101
102
102
69
104
102
104
105
103
97
101
104
103
102
100
97
102
105
99
98
99
98
101
101
97
95
71
108
102
74
99
70
101
104
100
76
99
100
73
111
102
98
98
101
100
101
99
97
99
101
100
98
96
98
100
100
72
104
98
73
104
104
72
104
98
100
101
97
95
96
99
98
99
97
95
98
103
99
97
97
98
99
101
97
94
97
71
108
102
73
101
100
73
106
98
97
94
98
100
96
93
95
95
96
99
96
93
95
98
95
94
94
91
70
106
99
71
101
96
98
99
97
97
93
97
73
106
100
71
103
102
104
98
98
96
98
100
101
97
98
99
100
101
73
104
99
74
110
101
100
97
98
101
101
98
97
98
101
101
98
98
97
99
101
96
94
96
98
97
99
96
94
95
100
98
95
95
96
96
99
99
92
95
97
97
98
95
91
69
107
100
96
96
94
95
98
99
93
94
95
96
97
97
92
92
97
97
96
94
93
93
96
97
88
93
72
106
115
118
113
84
116
109
102
98
97
99
93
102
96
92
93
95
93
91
71
101
94
74
106
95
67
101
96
72
106
96
94
98
100
98
97
95
88
89
93
79
91
88
69
105
94
79
105
86
70
97
104
63
135
100
101
100
98
98
97
97
100
102
99
97
73
111
104
103
99
98
101
74
88
108
99
102
103
101
100
98
97
101
101
96
96
97
98
97
97
92
92
94
97
96
92
93
71
102
97
74
100
95
68
100
99
75
101
94
94
96
95
93
89
91
94
94
93
91
89
92
95
95
93
92
91
93
95
95
90
70
101
97
96
94
91
92
93
94
95
92
90
91
95
94
94
91
91
93
94
94
96
93
93
97
98
95
96
93
93
94
96
95
93
94
94
95
95
92
71
100
96
74
101
92
69
99
86
74
65
72
82
88
74
81
76
79
69
78
74
78
91
72
60
71
78
101
82
69
49
108
83
71
75
87
70
75
58
79
80
84
79
90
82
69
78
82
83
72
79
78
69
69
91
52
93
91
72
67
94
118
92
121
106
116
114
117
110
89
112
118
108
112
96
118
111
108
105
105
107
108
72
106
103
105
104
105
100
99
87
113
101
101
98
99
104
103
97
100
100
102
98
98
93
95
75
83
105
95
69
101
99
98
93
90
92
93
80
69
102
78
70
66
95
89
106
96
94
98
99
100
98
95
99
93
85
106
101
99
99
102
75
106
98
101
100
72
98
98
97
83
107
99
74
102
99
103
100
70
85
107
100
101
99
94
94
96
98
96
96
91
93
97
98
93
93
92
94
96
95
92
91
93
95
96
94
92
94
99
98
98
97
96
97
99
100
97
87
102
101
102
97
96
98
99
99
99
97
96
98
101
70
68
92
93
83
72
103
76
107
98
100
100
75
66
99
92
99
97
99
93
95
98
99
97
70
64
97
92
71
103
99
80
107
101
77
109
90
69
104
99
104
98
98
79
108
102
100
98
96
99
75
107
98
97
96
96
100
97
93
95
100
99
98
98
94
96
99
99
93
94
95
97
98
97
95
95
97
100
99
95
95
98
98
97
97
93
95
96
99
93
94
71
104
99
76
100
95
72
102
96
73
99
91
92
