101
88
88
89
86
88
88
88
87
89
88
77
96
89
77
96
89
73
100
87
88
57
72
57
70
51
69
110
95
89
89
88
87
52
102
93
88
74
100
88
76
97
90
72
98
90
87
87
89
88
87
88
88
88
76
51
105
91
89
89
91
85
88
90
86
88
89
87
87
87
89
88
88
89
88
87
89
70
101
89
87
88
86
51
103
92
87
88
88
88
88
87
81
51
104
92
89
87
88
88
52
105
90
89
87
88
89
88
87
88
89
87
87
89
87
87
88
88
84
52
106
90
89
90
87
86
90
89
80
95
89
89
86
84
52
106
91
91
88
88
89
89
88
89
77
97
88
90
88
69
102
90
87
89
89
87
78
99
88
88
89
69
102
90
79
51
104
91
90
75
99
89
78
97
89
89
89
88
88
89
87
88
88
88
88
89
89
87
88
89
88
85
91
89
88
87
89
88
60
148
92
91
90
87
88
89
86
50
104
93
87
72
101
89
77
98
89
78
52
103
93
89
75
101
88
89
89
85
51
103
94
88
67
107
89
89
91
84
51
105
93
88
86
92
87
79
50
103
93
88
87
92
89
78
99
88
89
90
87
87
90
52
106
92
90
88
89
90
88
88
80
98
88
77
51
104
93
89
86
52
105
94
88
89
89
89
79
98
89
75
98
90
87
88
87
50
105
91
89
84
93
89
88
88
88
90
87
88
89
87
72
101
88
88
88
90
87
78
98
88
79
98
87
89
89
87
88
80
96
88
89
89
88
88
79
97
88
79
97
88
79
97
88
78
97
89
78
98
88
88
89
89
87
81
95
88
87
88
88
88
79
97
89
87
88
89
88
88
76
99
88
75
98
88
75
98
89
76
97
90
77
98
89
75
98
90
77
96
89
77
98
88
77
98
88
77
98
90
79
96
90
87
88
88
88
75
98
89
76
98
90
73
100
90
74
99
90
77
52
106
92
88
85
52
70
110
93
91
65
107
92
75
51
105
94
89
87
52
107
92
91
75
100
89
80
96
91
79
97
90
89
87
87
53
106
91
90
86
51
106
94
88
89
90
88
50
106
93
89
75
101
88
88
90
69
102
90
88
89
62
108
90
76
100
88
89
90
70
102
90
88
88
90
88
77
99
89
77
98
88
88
88
89
51
106
92
89
71
104
89
88
90
87
90
89
88
88
67
106
89
88
90
86
91
89
88
88
86
51
106
92
89
89
88
81
96
88
90
87
85
93
88
89
89
88
88
89
87
89
88
89
87
88
57
107
90
90
66
105
92
88
89
66
107
88
88
88
88
89
88
90
87
86
91
89
88
88
83
93
88
89
88
88
89
87
88
88
89
88
89
89
88
66
106
88
88
89
88
88
89
88
88
89
88
88
77
99
88
71
101
89
88
88
89
88
77
98
88
88
88
88
88
86
52
105
91
89
67
104
91
88
88
88
74
99
89
79
96
89
90
87
87
52
105
91
90
88
51
106
92
90
64
106
92
87
89
90
74
99
90
73
99
89
77
97
89
89
88
89
89
87
67
106
87
90
88
87
88
89
61
106
92
87
55
70
111
92
72
102
91
77
98
89
77
98
88
78
97
89
76
100
88
76
100
88
77
98
89
89
89
87
51
106
92
89
77
99
88
88
90
87
88
89
67
104
90
75
99
89
76
99
89
74
100
89
76
100
88
78
98
88
76
99
88
78
70
56
108
93
71
104
90
77
98
91
87
89
89
73
99
90
89
88
88
73
102
88
90
65
104
91
88
75
100
87
89
70
103
89
77
99
88
79
98
87
77
99
87
74
100
87
78
97
89
75
98
90
88
69
103
89
77
51
104
92
88
76
98
89
70
103
88
77
99
88
77
50
106
90
91
86
50
105
92
89
65
106
90
88
88
89
56
72
112
90
89
91
87
71
102
88
74
100
89
76
99
90
78
97
89
88
89
88
55
72
112
89
69
105
89
89
89
89
51
70
51
69
113
93
92
73
100
92
88
88
88
50
104
93
89
84
93
90
87
52
104
91
88
70
103
90
89
89
51
105
92
78
49
105
93
89
67
106
89
88
90
51
104
92
90
88
89
51
104
90
91
72
100
90
76
98
88
89
88
51
106
91
89
89
73
101
88
90
62
104
92
87
55
54
108
91
73
102
91
76
98
90
77
96
90
87
88
85
92
87
88
88
88
88
89
88
88
87
73
100
89
88
88
87
52
105
91
90
88
88
86
51
105
92
90
71
101
91
75
97
90
80
93
89
77
97
89
76
97
89
88
88
75
98
88
76
98
87
75
97
90
87
87
88
52
69
109
92
75
50
104
94
88
88
89
88
52
71
112
90
90
90
87
88
90
87
87
89
87
88
87
89
87
87
90
87
80
95
90
76
52
105
91
87
67
105
89
74
100
87
75
99
89
87
89
83
92
90
71
99
90
76
96
89
76
97
89
75
97
90
65
104
90
72
101
88
67
105
88
76
99
89
73
102
88
65
107
88
74
101
89
65
104
91
73
99
90
74
98
90
74
99
89
74
100
87
66
106
87
65
107
88
89
89
87
88
89
88
88
88
89
87
87
50
104
92
88
83
94
89
76
99
88
74
99
89
74
99
90
78
95
89
81
94
89
88
74
79
105
87
65
104
93
71
99
90
78
95
89
75
98
88
81
96
88
87
90
87
88
89
87
87
79
95
89
88
72
99
91
88
71
101
88
88
72
101
88
87
86
90
88
88
87
88
88
87
88
90
87
88
88
87
87
89
86
87
88
88
87
87
90
86
87
88
88
87
88
89
76
96
88
87
87
87
88
87
87
88
87
88
72
100
88
88
86
88
89
80
93
88
75
97
87
89
87
87
88
87
87
86
88
87
87
88
87
86
87
86
89
86
77
95
89
88
86
88
87
87
87
88
72
97
89
86
88
88
86
87
89
86
87
89
85
87
84
91
87
76
97
87
73
100
87
74
99
87
87
88
72
97
89
86
87
88
87
88
84
91
88
75
99
87
87
89
87
87
87
81
94
87
79
96
88
76
98
87
74
99
88
74
99
86
77
97
87
76
97
88
87
87
89
88
87
89
87
87
87
77
95
88
78
95
89
77
95
89
77
96
88
88
86
84
91
88
86
87
88
86
76
97
87
76
97
87
76
97
87
77
97
87
73
98
89
73
98
88
75
97
89
87
87
82
95
86
75
99
86
75
98
87
74
98
88
74
98
89
76
96
89
74
98
89
75
97
87
75
98
87
69
104
88
74
100
87
74
99
86
73
99
88
72
98
89
74
96
90
68
100
90
74
97
89
87
87
87
87
87
78
96
87
76
97
88
86
88
88
86
88
82
92
87
68
102
88
77
96
88
73
100
87
75
98
86
73
99
86
74
98
88
73
97
89
73
98
90
73
98
90
73
99
89
72
99
88
74
98
88
75
99
88
74
99
86
74
100
85
74
100
85
76
97
87
71
52
105
91
88
74
98
90
73
97
89
74
98
87
75
99
86
74
99
86
74
99
85
75
98
88
88
87
85
88
87
72
98
89
72
98
88
74
97
88
76
96
87
73
100
85
68
102
85
73
99
86
74
98
88
73
97
89
72
98
88
73
98
88
73
98
87
75
98
86
73
100
86
74
98
87
73
97
89
74
96
88
67
51
105
90
88
85
89
89
67
101
89
76
95
88
74
97
86
77
95
87
76
98
85
74
98
86
74
98
86
74
97
86
75
97
86
75
98
86
75
98
87
76
94
88
74
96
86
88
60
70
53
107
92
87
75
97
90
86
87
88
88
85
62
104
90
72
99
88
75
98
86
77
96
87
73
97
90
72
97
88
74
96
89
73
96
89
73
99
87
73
99
86
74
98
86
74
97
86
75
97
89
73
97
87
75
97
88
75
97
86
74
99
85
72
98
89
73
96
89
73
97
87
75
97
85
72
100
85
75
98
86
72
99
88
72
98
89
75
96
89
74
98
85
78
95
85
80
51
103
90
87
73
100
87
81
52
105
88
88
88
86
86
52
102
91
87
76
97
88
80
49
105
91
87
87
63
105
88
87
88
86
69
102
85
88
88
85
87
87
88
84
87
87
85
86
87
86
80
94
87
86
86
67
102
89
88
56
68
107
91
86
71
100
86
87
86
78
95
87
88
85
71
98
87
78
52
101
89
86
88
87
86
52
105
89
88
89
87
86
51
105
88
89
88
86
88
88
85
66
104
89
86
88
88
86
87
71
101
85
86
88
87
85
88
87
87
85
86
54
106
87
88
77
96
87
69
101
86
69
102
87
75
98
86
78
52
102
90
88
87
87
86
89
76
95
89
87
86
87
87
60
68
109
91
87
88
88
85
88
87
85
88
87
89
85
87
87
86
87
73
100
84
88
87
63
103
89
87
85
87
88
85
87
87
55
68
109
90
86
87
88
85
87
89
87
85
88
86
87
85
88
86
54
105
91
88
86
87
87
87
87
83
91
87
79
52
103
90
89
88
87
89
85
78
97
84
88
87
85
88
71
101
85
78
51
104
89
88
88
88
85
88
88
71
98
88
79
51
103
91
89
87
86
88
86
86
69
102
86
88
88
85
71
100
88
79
52
103
92
86
66
103
89
86
86
87
86
61
104
90
86
55
57
49
105
89
88
88
86
87
53
105
89
88
88
86
86
87
87
86
86
87
85
86
72
77
102
87
87
87
85
88
86
85
87
81
93
86
88
86
86
87
86
86
87
87
86
87
88
86
87
83
93
86
87
87
85
88
78
94
87
87
87
85
87
88
86
87
86
88
85
86
88
85
87
86
87
85
86
88
87
86
87
88
85
88
86
88
85
87
86
87
86
86
88
85
86
88
85
87
87
86
85
88
87
62
102
89
88
86
87
87
86
85
87
87
85
87
88
86
85
86
86
86
86
81
93
84
83
93
84
86
87
85
52
105
89
86
87
87
85
86
79
95
85
83
52
103
89
88
89
85
72
99
87
87
85
87
86
89
84
87
87
86
87
88
86
87
87
85
87
88
84
89
75
96
89
88
87
85
87
88
84
92
86
89
85
88
88
85
87
87
87
87
88
86
89
85
88
88
87
87
88
85
87
84
92
85
88
86
88
86
88
87
88
86
89
84
87
88
87
85
87
84
52
105
90
88
87
87
88
85
88
88
85
87
88
84
88
85
88
87
88
85
88
87
87
85
89
85
89
87
87
86
63
107
88
89
88
86
58
73
109
91
90
87
88
88
56
56
48
105
93
89
90
89
88
87
89
86
88
89
87
88
87
89
89
85
89
88
89
86
90
87
88
89
86
89
88
89
86
89
87
88
86
89
86
88
89
87
88
88
88
88
88
86
88
86
90
86
90
64
105
91
88
86
90
84
92
86
90
87
87
85
91
84
88
57
73
110
92
89
87
88
88
89
85
88
89
86
87
87
88
85
89
86
89
86
90
86
89
86
88
88
86
88
87
87
89
87
87
89
87
60
106
91
89
86
89
88
85
88
86
73
99
88
89
85
89
86
86
87
87
86
90
85
89
86
87
87
87
86
89
87
87
89
88
86
89
87
80
79
100
86
86
90
86
87
87
89
86
87
52
108
89
89
89
87
87
86
89
85
89
87
86
87
89
86
87
88
86
88
85
89
87
86
86
88
86
85
89
86
83
92
86
88
85
89
87
87
86
87
88
85
89
86
89
86
87
84
92
87
88
54
74
110
92
88
89
88
88
86
90
79
95
91
87
87
87
90
87
86
62
108
91
87
90
87
87
87
75
100
86
92
85
87
89
87
86
88
86
88
83
92
88
88
88
88
88
73
103
88
89
88
89
88
89
73
103
88
88
91
88
88
87
88
85
87
87
86
86
89
73
51
103
93
86
88
88
87
62
83
52
66
113
92
94
85
89
88
87
89
89
89
84
90
89
89
87
88
86
90
88
89
86
87
89
89
86
88
89
87
59
73
112
91
90
89
87
90
87
75
98
88
86
90
87
87
87
89
88
86
77
98
86
86
88
87
87
87
62
108
90
89
88
88
87
89
87
62
107
92
86
89
88
86
88
88
85
90
92
86
