54
111
111
110
112
112
111
113
112
110
110
110
109
107
108
108
107
110
110
108
110
110
108
100
110
109
108
103
100
103
108
104
104
107
106
106
110
111
111
107
115
113
113
108
115
115
115
112
115
115
112
114
115
114
115
116
118
114
121
120
116
119
117
116
117
117
111
115
115
118
115
116
119
115
115
74
90
141
124
118
115
115
117
113
103
107
121
118
116
116
116
117
113
114
117
116
104
114
117
115
109
115
115
114
115
115
116
115
117
120
121
122
119
118
114
115
114
106
115
105
114
109
118
111
112
112
111
112
112
113
115
112
114
116
111
116
114
103
105
106
108
115
111
111
103
115
108
111
102
115
112
104
119
111
105
114
104
107
107
107
104
104
106
103
103
101
105
110
112
109
110
115
114
116
116
110
104
106
109
106
104
109
109
106
106
111
106
107
108
105
110
108
105
105
107
107
104
105
105
115
110
111
111
104
117
114
106
116
113
112
113
116
107
118
110
113
119
116
115
122
128
117
116
123
113
115
119
121
112
114
121
123
115
117
124
118
119
120
123
118
118
119
116
117
117
113
116
114
116
114
114
118
115
117
118
115
116
119
117
118
121
118
118
120
96
135
119
115
116
115
114
116
116
115
116
112
114
114
111
114
110
112
111
110
108
108
108
107
108
108
109
109
109
111
108
110
110
109
110
110
109
107
110
111
110
112
111
111
110
110
113
112
104
106
108
108
105
112
110
107
109
106
108
108
106
108
108
107
91
119
107
111
108
107
108
108
113
113
112
112
115
118
117
116
119
120
115
117
119
118
118
118
120
121
117
118
118
116
118
119
117
119
120
121
117
120
122
123
120
118
122
124
120
120
121
121
118
117
120
121
117
118
121
123
121
121
124
121
120
121
122
120
120
124
122
121
123
122
120
123
125
121
120
121
120
118
123
120
119
121
122
119
119
120
121
118
120
126
123
121
122
125
125
123
123
122
120
120
124
122
121
121
124
121
121
123
123
120
122
121
120
121
124
120
120
123
124
121
120
125
127
123
125
127
121
122
125
125
121
122
122
124
121
124
124
120
123
126
126
122
123
124
121
120
124
123
120
122
124
122
121
125
127
122
123
124
123
122
126
128
124
125
126
119
125
124
127
121
123
125
123
124
124
125
123
122
125
123
111
131
122
124
121
121
125
123
123
122
123
122
122
122
120
119
122
119
119
123
125
122
124
125
123
123
124
124
125
123
125
124
123
125
127
125
124
125
126
122
121
124
125
122
122
124
123
119
121
125
124
121
121
125
122
121
123
123
123
121
124
125
123
124
126
127
125
124
124
123
121
123
124
125
121
123
125
125
122
125
126
122
122
125
124
121
121
124
123
122
122
124
125
121
121
126
124
123
123
125
124
121
122
124
124
121
119
124
122
122
126
124
120
123
126
122
122
126
121
121
119
117
118
116
114
114
114
116
116
117
114
120
124
118
124
129
128
124
128
127
124
122
126
125
124
123
130
126
119
130
126
120
127
126
124
125
130
130
129
130
130
130
128
132
131
128
131
132
128
121
141
131
129
130
128
128
130
130
129
131
132
132
130
132
130
111
139
125
124
133
133
125
129
129
124
124
129
125
123
125
129
128
127
130
129
129
128
132
129
127
130
129
128
127
132
129
126
126
128
125
126
128
128
127
129
134
127
130
130
126
132
130
126
129
137
125
127
131
127
128
133
127
126
130
130
128
128
129
127
129
131
129
126
128
129
127
127
130
127
126
130
129
126
128
129
129
128
129
127
126
128
131
127
126
127
126
125
128
135
124
129
135
126
125
129
135
126
129
132
129
127
130
131
130
129
130
131
128
95
158
131
126
126
130
128
124
126
133
122
123
132
132
125
123
135
90
151
128
127
125
123
124
131
125
126
134
135
130
131
132
130
125
134
132
126
122
134
135
128
134
143
127
124
130
129
122
123
133
130
120
122
132
126
125
131
136
122
131
134
127
130
131
127
127
133
132
126
129
132
126
131
131
129
130
132
130
127
126
127
123
122
121
124
127
123
124
121
125
125
125
124
126
129
129
128
131
133
131
131
132
130
132
132
131
90
148
134
131
128
133
131
131
125
126
131
132
128
128
132
132
127
127
134
129
125
127
136
131
121
129
133
128
127
133
138
136
133
133
140
133
132
131
137
133
133
130
132
131
130
130
132
132
128
128
135
133
129
127
130
131
130
129
130
132
130
130
129
137
133
131
137
133
135
132
138
140
132
129
130
133
131
130
134
133
130
132
104
143
126
124
132
127
124
125
136
129
126
131
134
130
131
133
131
133
134
130
131
132
130
131
137
130
129
131
97
142
130
133
128
130
136
130
129
134
129
128
131
129
130
132
131
134
131
133
129
130
131
133
129
132
132
128
129
131
127
127
130
129
125
127
128
124
126
128
125
125
126
128
124
127
127
122
125
126
127
125
128
129
129
126
128
130
130
127
128
130
129
128
126
130
130
129
131
128
125
124
130
124
134
129
134
132
129
129
132
129
129
132
130
127
128
124
141
131
125
127
124
127
124
131
119
122
124
131
129
119
139
135
132
134
130
127
133
135
137
128
135
130
126
127
125
126
127
125
126
127
127
125
126
126
124
123
125
127
123
125
127
128
125
126
129
126
126
129
128
127
127
129
127
125
129
128
126
129
128
128
127
130
128
125
127
127
125
124
127
125
124
126
126
124
126
128
128
125
127
126
125
126
128
130
125
125
130
127
125
123
127
127
124
125
127
125
123
126
125
124
126
124
122
124
124
122
123
125
125
123
122
123
124
125
125
126
123
124
127
126
87
145
126
123
130
131
130
126
127
126
130
128
129
130
132
132
131
133
133
134
134
134
134
133
133
131
126
123
90
151
129
124
123
134
131
123
131
136
133
127
133
132
128
132
138
129
132
137
130
95
144
133
93
149
130
132
126
127
133
131
128
134
131
126
125
126
124
125
126
127
124
124
126
123
123
113
154
82
65
131
135
128
120
118
118
120
121
121
122
114
141
127
128
128
127
127
127
126
127
127
128
126
127
127
128
126
125
127
125
125
126
126
124
125
127
119
133
124
127
128
124
128
128
125
126
128
129
124
127
128
125
126
130
129
127
129
131
129
129
131
132
129
129
131
129
127
128
129
129
125
126
128
125
125
128
128
126
127
129
127
126
128
128
124
123
123
126
125
123
124
125
125
124
125
127
125
125
128
127
125
126
127
127
127
128
125
125
126
126
125
125
126
124
123
120
119
124
121
120
120
122
124
122
124
128
128
125
129
130
129
126
131
129
128
128
128
128
126
127
127
125
125
127
126
125
124
126
126
124
125
127
127
126
128
125
128
127
93
156
130
129
124
123
129
130
127
125
125
128
127
126
127
129
126
127
130
128
125
125
123
122
125
124
124
123
126
126
125
126
128
127
126
130
128
128
131
130
127
130
131
128
129
130
130
128
129
130
130
125
132
133
128
129
132
129
128
134
132
131
130
132
129
127
132
131
128
127
133
112
136
126
136
130
127
128
128
126
126
130
127
126
129
129
127
128
128
126
126
128
127
126
128
128
125
128
128
128
127
130
130
127
128
130
128
87
152
131
124
123
125
124
124
123
126
125
123
127
127
126
126
128
128
126
130
128
126
128
126
95
146
128
130
127
130
130
127
125
126
130
129
128
128
129
129
127
131
128
127
126
127
127
125
125
128
128
125
129
131
127
124
126
127
125
125
129
126
126
129
126
126
127
127
125
126
127
126
125
92
152
128
128
128
124
122
131
127
126
130
131
125
124
127
126
124
126
128
125
125
129
126
125
127
127
125
125
126
126
122
125
126
124
126
126
127
125
125
128
124
123
127
126
124
125
125
123
124
124
125
123
125
125
123
124
126
125
124
126
127
125
125
128
127
125
126
129
130
125
126
130
128
123
122
132
115
129
124
119
121
126
122
123
125
127
126
127
129
125
127
129
127
126
128
126
124
125
125
122
125
125
123
124
126
126
125
125
127
126
126
128
128
126
127
128
125
126
126
126
124
127
126
124
123
124
122
122
126
124
121
123
125
123
123
126
124
124
126
124
124
127
126
123
127
126
125
126
127
125
125
128
126
125
128
127
125
125
127
128
126
124
133
127
126
128
125
124
127
125
125
126
130
128
126
126
128
128
126
124
94
150
128
123
134
128
123
127
132
131
131
133
135
127
130
131
128
127
132
130
126
125
131
129
126
126
136
132
128
129
129
