0
752
-268632638
-268632127
-268631885
242
241
-65050
500
1013
501
243
1013
243
242
496
239
497
1008
243
249
503
758
1012
756
242
1009
1023
-589389
-588381
-588133
501
760
759
759
504
1017
505
504
759
246
246
246
501
244
243
757
247
3
259
256
12
592
-536670292
755
755
243
1011
755
243
756
1011
498
499
756
1010
242
499
754
1010
499
752
501
1019
506
504
244
499
1013
755
500
754
497
-538577844
-536738095
1008
-536672306
496
-536672568
-268434211
502
754
753
-268237604
-268236858
-268368422
-268368187
3
520
768
12
576
768
16
751
-804713029
752
753
1009
-536014128
-267974431
497
1009
752
-268039712
496
496
243
242
498
497
1010
753
-268236060
502
501
754
497
239
239
-130069
256
12
834
256
-3216286192
-3216285955
-267644699
756
239
496
-803002156
17
56
286
571
256
229
-270533704
753
-2674943175
-2674942687
1008
1240
1008
2007
240
730
1008
1245
-267513118
242
1010
499
240
-1337635178
-1337634176
1008
1240
1008
1497
496
1498
240
473
496
1241
240
730
752
986
752
1496
496
1240
496
986
752
1498
240
728
240
728
496
1239
752
983
496
1497
496
1497
496
730
496
984
240
474
496
985
240
984
1008
1497
1008
1750
1008
1241
240
728
1008
2008
240
473
496
1495
1008
2007
496
1500
-802082125
-802081638
752
1750
496
725
496
1495
14
9
512
22
64
768
2014
240
464
496
719
240
464
240
720
240
465
240
463
240
719
496
1489
1008
1490
1008
1490
240
721
1008
1745
1008
1233
1008
2003
240
725
240
723
1008
1491
752
980
1008
2002
1008
1236
752
1748
240
724
240
981
496
980
752
1492
496
1496
752
1243
1008
1752
496
1496
1008
1237
1008
2003
752
1235
752
1745
496
1512
256
18
562
0
764
1470
975
975
974
1486
716
1231
1487
240
975
1487
496
1491
752
975
496
1234
496
1489
240
719
1999
1486
1230
1485
719
715
972
974
1231
1484
462
972
1233
240
1232
240
463
496
1489
496
1233
496
721
496
722
752
1488
1008
1746
1008
2002
752
1233
240
977
496
978
240
977
496
724
1008
1241
752
986
752
983
1008
2004
240
980
1008
1749
752
1748
240
481
768
18
310
799
34
496
2470
752
979
240
980
240
1237
240
982
240
726
752
983
1008
1749
752
1492
496
1238
496
1494
496
1237
240
983
752
983
1008
2008
1008
1240
1008
2008
1008
1753
752
1241
496
728
752
1500
-801883975
-801883484
496
1496
1008
2008
752
1237
1008
2020
512
20
305
538
282
1008
2004
752
1748
752
1749
1008
1493
496
1240
752
984
240
728
496
987
496
984
752
1754
496
1497
496
984
1008
1752
1008
1241
496
729
240
472
240
729
1008
1496
752
989
-801950536
-801949792
752
1241
752
983
1008
1239
762
0
27
575
512
1770
1008
1242
752
1242
496
1499
1008
1499
1008
2013
752
1753
752
987
496
1498
496
731
1008
2010
752
1754
752
1755
496
1499
496
1499
1008
1757
-1070318942
243
754
239
-267579431
-267578942
752
986
1008
2028
256
18
310
31
13
986
752
1498
-267382053
-267381050
752
1498
752
1498
752
1754
752
987
-267447077
-267446075
496
729
752
1242
-267446821
-267446586
752
1500
241
499
754
-1335333452
28
574
295
815
990
1245
1482
-4538596158
757
500
499
240
-1069265223
23
560
543
557
492
-534303544
-534303310
-267118628
-267118393
1008
2010
1008
1244
752
1754
496
986
752
987
1008
1754
1008
2012
1008
2010
-267052831
751
-801225798
-801225566
496
985
-267248641
31
315
768
35
513
1241
1008
2009
496
1498
496
987
752
1242
752
1497
496
1241
240
983
240
984
496
984
496
1242
752
1755
752
988
752
989
1008
1499
-267447078
-267446839
-267118368
-534567734
-534567504
240
984
240
471
14
527
512
23
317
256
492
-4278579512
753
499
-1068542533
25
71
554
274
-1337107839
-1337107091
-2139059872
496
-534370870
-534369869
496
985
1008
2007
240
988
742
1008
1239
752
982
240
1239
496
1238
752
1496
496
730
752
1241
496
1241
496
729
240
728
496
729
496
1495
496
1499
1008
1753
496
1239
752
1751
240
727
496
727
496
1497
-534238008
-534237773
1008
1241
240
1237
240
984
240
469
240
747
0
27
568
544
2
992
1735
752
1495
240
985
240
985
240
983
752
982
496
1493
1008
2004
496
1493
496
1495
1008
1752
1008
1240
752
1494
752
983
496
1492
240
470
752
1239
752
1237
240
981
240
725
1008
1490
752
1493
1008
1748
1008
1748
752
978
1008
1234
496
1492
752
1234
496
721
752
978
752
978
752
1746
752
1746
752
1490
496
1233
240
465
1008
2002
1008
1492
240
468
240
466
1008
1750
240
466
1008
1748
752
1747
1008
2002
240
723
1008
1235
240
723
752
1236
752
1753
496
731
240
985
240
470
496
724
752
1748
496
1235
1008
1501
512
17
300
26
298
-268378952
240
726
1008
1749
240
468
496
1236
240
723
240
979
752
1491
752
1235
240
725
1008
1747
1008
1748
240
469
496
1237
496
981
752
1749
752
1750
496
983
240
1240
1008
1497
496
985
1008
1754
1008
2013
-267052834
-267184932
-267183930
240
726
1008
1751
752
982
922631
24
61
256
36
513
982
496
1494
752
1239
752
1749
240
470
1008
1234
496
979
240
728
1008
1751
1008
2007
240
1240
1008
1496
240
471
240
473
1008
1497
752
1240
240
729
240
1241
496
984
240
471
240
472
240
474
-1069200729
-1069200239
496
731
1008
1497
496
997
768
22
815
285
807
1001
496
1497
1008
2009
240
472
240
731
752
1242
752
1243
752
1243
-267775781
-267775546
1008
1244
1008
1498
-1070648146
498
1011
752
-267709730
-267708727
1008
1499
-267578884
20
824
538
532
240
-1339279474
243
753
-267644960
752
751
-267645981
504
1013
1011
243
239
-535358486
272
512
23
585
806
774
240
485
1014
1015
1015
247
246
246
246
504
1014
248
248
1015
759
503
759
766
242
241
240
1007
-267579423
-1070516306
496
753
751
-267447842
753
-267448090
242
1010
1011
753
1010
753
1008
1012
760
1014
1014
1012
1011
752
240
766
768
23
316
285
38
498
495
752
497
495
1008
-267644961
242
-802937154
493
-267711009
244
248
501
756
755
240
496
240
749
-535620151
-267710242
-267711263
497
240
495
499
243
243
499
1010
245
1020
247
502
501
243
496
1007
13
266
768
22
325
545
781
752
1248
1006
239
496
241
243
1011
498
754
497
754
498
241
755
754
-267711518
502
248
762
502
244
243
242
245
759
512
14
46
281
74
512
-385874766
-1072950616
-1072949610
-2415519670
1014
1011
242
751
-268368674
-268368438
1008
1519
2030
-7234266
-7233243
-7232220
-7231197
-15716960
-15716193
-15715170
-15714147
-15713380
-16698747
-16697724
-18144679
-18144408
1022
-3551799
-3550776
-3550009
-3549522
240
471
240
1239
1008
2007
240
1239
240
730
240
729
752
1751
1008
2003
1008
1496
240
1236
496
1235
752
1233
496
1230
1742
1488
752
1494
496
1498
-1877531798
-1877531052
752
986
752
986
240
473
752
981
1008
1496
1008
1242
496
729
752
985
496
983
752
1241
240
473
240
1241
1008
1749
240
723
752
976
240
719
240
978
496
979
240
722
496
1237
240
980
1008
1236
1008
1748
1008
1491
1008
1745
240
467
496
724
240
467
496
1237
496
1493
752
1492
240
468
240
469
240
725
496
724
240
724
752
1234
496
2257
1008
1234
1008
1491
496
980
240
980
240
465
752
1234
752
1746
1008
1490
240
467
752
980
240
723
1008
1490
240
467
496
1235
752
1749
240
1237
496
982
752
1495
752
1238
752
1751
1008
1751
496
1496
240
983
240
472
240
728
1008
1244
-267842083
-267841590
-268106790
-268106299
240
1244
240
1243
1008
2011
-535487801
-535486796
-2409863616
-2409863125
-267711271
-267710780
496
1498
752
1244
-267842087
-267841339
496
986
752
1497
-267776294
-267775291
-267578399
1010
752
-535095096
-535094861
496
1496
1008
2012
487
752
1497
240
1241
240
1241
496
730
1008
1495
240
983
1008
1750
496
728
1008
1498
240
1239
240
730
752
1241
240
729
496
730
496
729
240
984
496
986
752
984
496
1240
240
470
240
1240
240
986
-802541646
-802540647
752
1493
496
1492
240
722
752
764
260
0
24
317
0
1763
1008
1240
1008
1750
240
984
240
985
496
1495
752
984
496
984
1008
1239
496
1238
496
1491
240
1237
752
984
240
1241
1008
1239
240
724
1008
1235
240
723
1008
1234
240
1235
1008
1493
1008
2003
496
1237
1008
1491
1008
2003
496
1490
1008
2002
752
1235
752
978
752
1489
496
721
496
721
752
1746
496
1489
1008
2002
752
976
240
1234
496
1234
496
976
1491
752
1234
496
976
496
721
752
1745
752
978
752
1745
1233
496
1233
496
723
496
722
496
977
1008
2006
752
1499
752
1241
240
983
1008
1749
1008
2003
240
722
752
1749
20
784
512
29
835
256
751
1488
1008
2001
496
1234
496
1490
752
1489
752
1746
496
977
496
1235
752
1746
496
721
1008
1746
752
1492
240
1236
496
981
240
725
752
980
752
1493
752
984
1008
1494
496
1240
496
1496
1008
1245
752
-800766024
-800765535
1008
1242
496
727
17
14
256
30
837
768
1013
1248
2243
1008
1235
752
1748
1008
1493
496
1236
1008
1493
240
724
496
726
496
726
1008
1238
496
729
496
729
496
1241
240
728
752
1497
1008
1496
496
727
496
1240
496
1240
240
983
240
987
-266920993
-267052834
-267052343
240
729
1008
2006
752
1748
240
1251
0
25
819
543
319
-1057312
-1056565
752
1499
1008
1243
-267776291
-267775543
1008
1243
752
986
1008
1498
752
1755
1008
1757
-1070515037
-1070514290
752
1243
1008
1500
1008
1500
-1070318688
-1070317940
1008
2011
-267710247
-267710014
1008
1498
-267644709
-267644477
752
985
752
1498
1008
1755
496
1496
752
1753
496
986
240
1241
496
1240
496
1242
752
1243
752
987
240
986
752
1241
240
1240
496
728
496
1497
240
1241
240
984
752
1239
752
981
240
1241
-535027253
-535026764
1008
1495
1008
2004
1008
1493
1008
1747
790790
21
576
256
-587201867
-587201377
1008
1241
1008
1239
1008
1751
240
728
752
1751
1008
1240
752
982
752
1751
1008
1496
240
471
240
728
1008
1239
752
982
752
1238
1008
1238
496
728
1008
1244
-534633011
-534632778
240
1238
496
726
1008
2004
240
987
256
14
36
282
822
0
729
2760
3762
752
1498
752
1242
1008
1754
496
1241
240
988
496
1498
240
731
752
1755
752
1753
240
984
752
1496
496
728
752
1241
496
1241
752
1244
752
1498
496
986
1008
1498
496
986
752
1753
1008
1498
496
729
1008
1241
-802212680
-802211934
1008
1494
1008
1239
240
982
240
472
15
795
536
63
256
994
2500
1008
1746
240
724
240
1238
496
1239
1008
1494
752
983
1008
2006
496
981
496
981
496
1234
752
1492
240
470
240
470
496
982
496
1237
496
1235
1008
1235
752
1747
752
1235
240
1235
752
1745
496
1234
1008
1492
1008
1747
240
978
752
1493
1008
1748
752
1492
496
1493
240
725
1008
1748
496
1236
1008
1492
240
724
240
469
496
1235
240
468
496
982
496
724
1008
1491
1008
1491
496
1492
496
1493
752
982
752
1493
752
982
1008
2006
496
982
752
1493
752
979
496
979
1008
1235
1008
2005
496
730
752
1498
240
983
240
468
1008
1745
496
718
1488
240
996
256
18
820
768
24
257
1239
1008
1240
1008
1239
240
982
752
1495
752
983
752
1493
240
726
752
1749
752
1751
496
982
752
1238
752
1495
1008
1751
752
1751
240
726
1008
2006
496
1495
240
473
752
1497
496
1498
496
984
240
730
-802345288
-802345055
1008
1239
496
982
496
979
1008
1500
256
13
553
276
551
-141114
-140113
1008
2008
752
1497
496
1243
752
1754
752
1244
1008
1756
-1072095582
-1072095347
1008
2012
-536014393
-536013391
-535948859
-535948624
1008
1755
496
729
752
1754
240
472
752
1501
-1070845781
-1070845035
752
983
752
1241
752
1773
512
14
570
540
281
1008
1733
1973
-535816752
496
-1071370841
-1071369838
1008
1754
752
1499
752
989
-803264079
-803263332
752
986
1008
1241
752
1499
752
986
752
1752
752
1753
1008
1754
1008
2007
1008
1239
1008
1238
1008
1494
752
981
752
1238
752
1239
752
982
752
1238
752
1238
496
1240
496
727
496
727
1008
1495
496
984
240
985
240
728
240
472
240
730
1008
1496
752
1497
240
728
752
1498
496
1240
752
1752
1008
2007
752
1752
752
1751
240
982
240
730
-267446816
495
-267645732
-267644986
496
985
240
983
752
1262
0
22
321
535
1836
22
8
496
1496
1008
1749
240
982
240
469
240
469
240
468
240
1236
240
725
240
981
1008
2004
240
1236
240
726
752
982
752
981
496
1494
240
981
496
982
240
470
1008
1238
240
981
240
469
496
1492
496
1238
240
726
240
466
496
727
496
987
-267513125
-267512893
752
1748
240
723
240
725
240
1236
1008
1018
260
512
19
572
512
31
1
1238
496
981
496
980
240
468
240
982
496
1238
1008
1238
496
1492
1008
2005
240
467
496
1237
496
725
1008
1236
1008
1237
240
980
496
1491
496
725
1008
1238
752
1238
496
1239
1008
1751
1008
1240
1008
2009
1008
1504
752
-534896694
-534896460
752
985
496
984
240
1246
768
15
302
539
55
