119
109
115
112
114
110
112
112
94
124
113
115
116
119
114
99
124
103
128
102
121
121
119
96
127
119
122
103
127
118
121
120
107
120
119
118
118
115
113
119
115
114
114
115
109
118
112
115
112
119
116
116
118
103
125
116
114
123
119
118
116
120
121
119
115
109
122
121
115
92
128
121
117
116
117
120
118
116
111
120
116
108
119
115
112
117
115
112
116
115
113
110
111
111
121
92
65
136
135
126
118
116
122
121
117
118
121
119
118
117
120
122
121
118
118
116
132
120
122
124
124
118
121
121
127
122
120
120
122
119
119
119
120
122
117
117
114
118
116
111
126
94
134
121
118
123
123
120
119
119
122
118
93
126
123
122
117
116
107
130
121
90
138
126
120
119
116
121
119
114
115
120
116
111
118
115
115
114
113
109
113
114
115
114
111
116
114
110
99
116
95
124
110
109
109
114
111
98
116
76
136
125
113
116
116
95
124
116
116
114
116
111
112
114
112
116
107
113
118
111
113
111
107
122
111
100
66
129
131
115
110
113
115
112
112
107
110
112
107
104
106
108
110
103
104
108
109
111
113
114
110
116
114
117
97
121
118
115
111
112
117
116
93
120
116
116
106
119
117
120
120
120
108
119
121
117
100
125
119
120
113
119
117
116
116
113
117
119
118
105
119
120
116
116
115
119
118
115
114
114
117
120
116
114
117
121
118
114
116
119
119
119
115
118
110
129
119
119
106
125
120
115
121
121
112
114
117
118
103
126
114
120
121
115
114
116
117
118
116
112
115
114
112
114
115
120
116
117
115
121
119
117
122
119
91
127
116
116
121
119
113
119
121
121
120
118
121
107
128
119
123
122
121
101
124
120
120
120
116
118
104
128
118
117
120
120
116
117
115
121
120
113
117
119
118
119
115
92
129
118
115
113
116
114
113
113
99
128
118
117
119
97
128
119
115
113
121
120
117
99
126
123
118
104
110
128
121
117
119
126
120
119
111
122
123
119
97
128
121
121
104
124
124
122
122
119
124
122
123
120
120
124
122
117
98
131
121
118
117
118
119
116
113
115
102
126
117
115
120
122
116
118
119
118
118
118
113
119
119
116
114
120
118
118
114
118
119
114
120
118
124
123
77
132
70
134
132
116
114
116
117
114
113
113
117
116
113
111
115
117
113
113
95
125
121
115
104
106
121
117
111
111
116
114
115
113
94
127
119
118
116
119
125
122
117
117
121
118
114
115
116
117
112
115
116
120
118
117
116
113
103
119
113
112
114
113
109
109
112
116
113
111
113
114
117
111
99
121
117
114
113
116
118
95
126
113
114
115
96
119
115
116
99
122
113
113
116
116
114
116
115
119
114
115
114
118
115
111
110
110
113
113
108
91
123
116
115
114
117
98
126
115
109
124
119
118
114
118
118
118
106
124
108
125
117
115
117
121
119
104
122
121
122
118
118
121
119
112
116
116
119
117
120
114
117
118
113
113
100
119
114
111
110
113
118
113
112
114
116
116
115
114
100
126
118
117
115
119
101
70
131
132
121
119
117
117
118
121
117
115
119
119
118
116
119
121
117
118
115
119
122
115
112
119
118
112
111
121
120
118
116
117
116
121
120
118
116
114
121
116
98
126
120
118
113
115
117
119
109
122
122
120
120
117
95
132
123
120
115
123
123
111
122
122
122
121
117
114
122
119
117
117
119
119
116
116
120
94
130
118
116
121
121
106
121
120
121
96
128
120
123
123
121
115
127
127
122
123
122
127
123
122
119
124
122
103
128
123
120
121
119
121
123
120
120
122
125
122
120
122
120
120
122
116
122
118
115
115
116
120
112
114
116
122
120
121
125
123
125
122
109
72
136
136
126
117
126
120
116
118
118
121
120
117
104
129
122
118
120
123
122
121
119
123
122
121
119
118
117
119
115
115
98
128
118
116
120
120
119
116
118
119
120
117
115
116
120
119
113
116
118
118
118
115
97
130
120
118
120
120
111
123
121
123
122
121
120
122
123
122
124
122
121
120
115
120
120
119
118
116
119
116
109
118
114
116
115
115
114
94
127
114
117
114
115
102
118
113
114
115
117
112
114
115
119
116
114
115
123
116
116
116
121
118
118
112
116
120
115
113
115
118
119
113
118
109
122
115
113
115
117
118
115
115
119
97
130
121
121
124
121
121
119
124
122
120
115
120
118
118
114
117
117
117
114
110
93
130
119
116
98
128
119
115
95
127
121
116
116
117
118
97
124
115
115
94
124
112
113
116
113
113
111
113
118
113
106
98
125
120
115
115
112
121
115
115
114
117
118
112
114
109
118
115
111
111
113
101
75
129
124
116
115
92
121
115
117
116
112
108
114
115
112
111
112
99
120
110
110
110
113
113
110
105
116
115
109
112
112
115
107
118
110
115
112
111
109
108
111
112
105
109
108
105
110
112
106
112
112
111
100
112
112
114
114
113
113
102
116
118
117
116
115
119
114
117
100
123
115
113
100
103
127
119
117
121
125
122
117
122
122
120
121
119
123
121
92
127
120
120
95
128
117
121
118
115
118
119
118
110
114
118
116
113
116
112
116
120
113
116
76
134
129
114
116
98
127
118
115
116
117
117
115
115
119
116
117
115
116
107
121
117
115
119
121
116
103
126
123
120
118
117
119
123
117
118
120
122
99
124
120
118
121
116
100
128
120
120
117
121
124
122
91
131
122
120
118
118
115
91
129
118
119
121
120
118
120
119
118
119
119
118
121
121
118
120
120
121
118
118
122
119
121
117
121
120
121
117
117
120
114
116
114
116
95
127
116
115
120
117
115
115
114
118
112
115
118
118
100
69
133
76
138
71
134
133
117
121
118
116
99
131
125
117
122
123
123
122
122
124
97
134
122
120
123
123
120
98
133
123
121
118
123
121
120
97
131
123
123
115
122
124
123
119
120
120
120
121
120
117
121
122
95
132
120
124
123
120
124
122
119
107
127
123
120
119
119
98
132
122
121
123
125
116
124
125
125
126
122
124
124
123
121
99
134
125
120
120
122
125
119
119
120
121
118
116
119
118
121
117
115
116
118
117
116
96
127
119
116
88
126
122
119
118
117
121
123
117
121
122
125
91
128
123
123
123
119
96
134
124
121
122
121
113
124
122
121
122
122
118
119
126
125
120
120
122
123
118
118
121
121
124
114
118
121
121
120
118
123
124
121
119
123
123
121
119
121
120
122
121
120
101
133
120
120
122
125
124
120
123
124
108
127
121
125
120
120
121
118
122
119
118
121
120
118
116
119
122
122
109
124
123
123
122
121
121
122
123
119
96
135
122
121
120
126
119
122
118
104
132
123
119
123
125
126
121
123
125
126
119
122
120
124
121
120
122
123
120
118
120
122
120
117
118
121
120
114
117
120
114
118
115
113
118
117
114
104
122
123
114
117
118
118
121
119
114
119
121
119
91
131
123
121
121
120
124
122
120
120
121
124
121
118
119
122
121
118
119
122
122
118
117
120
121
119
117
119
119
119
118
117
121
119
117
116
119
120
113
92
128
125
121
119
117
122
121
121
119
120
120
120
91
128
124
123
120
118
123
122
98
129
122
122
121
119
116
120
120
118
117
117
120
118
118
113
100
124
115
110
114
114
112
109
112
114
111
108
114
113
116
114
101
119
110
128
103
126
118
120
104
125
117
122
119
120
117
122
120
122
117
122
115
126
116
102
125
123
114
100
120
116
116
111
112
115
118
114
117
117
99
118
120
122
120
122
120
116
102
129
120
118
119
122
121
120
118
121
119
120
122
120
123
120
118
118
109
129
119
119
119
124
122
117
123
121
109
124
119
122
122
120
117
104
129
122
117
112
131
123
120
117
121
122
118
120
120
117
121
119
120
123
113
122
121
119
100
124
117
119
97
129
118
120
124
122
123
120
123
125
120
94
130
128
123
122
122
123
122
120
113
125
124
122
119
121
122
104
126
118
122
121
98
127
122
117
117
117
120
110
126
118
97
123
124
119
117
117
120
116
113
112
116
117
119
115
92
133
125
116
120
122
122
118
118
99
129
105
126
117
123
121
120
119
124
122
123
118
124
123
121
101
129
122
110
121
120
122
123
122
117
118
127
116
120
123
100
130
120
120
124
125
121
110
128
125
121
105
127
128
126
122
121
128
121
120
123
98
131
124
123
124
126
123
122
123
126
126
122
121
128
124
121
122
123
119
119
119
117
124
123
114
119
125
121
121
121
127
120
125
120
125
124
123
122
125
126
124
121
125
123
122
122
117
120
123
120
116
128
129
125
127
127
130
123
125
126
123
124
122
125
125
122
122
122
124
121
119
121
121
107
128
121
121
127
117
90
129
125
121
119
121
119
120
119
118
121
104
70
131
129
127
120
119
72
130
134
122
118
91
128
125
117
120
120
97
130
118
117
125
116
122
118
118
123
117
98
125
121
112
100
117
116
117
114
110
121
118
111
117
116
112
123
102
124
117
125
120
