22
98
99
99
96
98
99
96
97
96
97
97
97
96
95
95
98
97
99
97
100
99
98
98
96
96
96
95
98
102
120
115
102
99
103
102
102
102
99
99
98
97
99
101
101
103
102
100
104
99
101
99
100
100
99
100
99
99
98
98
97
97
97
94
97
95
98
97
98
97
95
98
95
98
97
98
98
96
94
97
96
94
95
94
95
93
93
94
93
94
93
92
94
92
92
93
93
94
93
93
93
92
92
94
94
95
94
94
97
95
98
95
93
96
95
93
96
94
97
95
97
95
95
96
98
110
120
107
103
101
104
108
111
105
104
115
115
106
107
108
107
108
108
108
109
108
109
107
106
106
103
96
109
100
108
113
104
104
103
105
97
94
94
114
105
104
101
102
100
100
100
100
102
101
103
104
104
106
105
107
107
101
111
111
107
109
107
105
108
107
106
104
107
106
110
110
110
103
123
112
114
114
113
102
95
111
101
99
92
94
93
96
97
96
98
100
97
98
99
99
98
99
99
99
96
102
101
101
99
100
99
99
101
99
101
99
99
99
100
100
97
99
101
100
98
95
101
99
98
100
99
99
98
96
97
96
98
98
96
95
94
97
93
96
97
95
99
96
99
98
99
97
97
98
98
100
102
100
103
99
95
99
96
98
95
95
94
95
94
94
94
96
97
97
98
98
96
97
99
98
101
101
102
111
109
121
106
99
95
101
103
100
95
99
95
96
94
95
96
97
97
100
98
100
101
101
101
98
98
97
96
96
96
96
94
97
95
97
99
98
98
98
100
100
101
104
111
106
110
104
102
99
107
104
101
101
100
100
100
100
100
97
101
98
97
95
96
97
100
100
98
100
95
99
98
99
102
102
104
112
105
119
108
100
96
107
99
95
94
93
94
93
94
95
93
94
91
93
92
92
93
92
93
94
92
94
93
95
95
94
97
97
96
97
97
98
97
96
97
98
97
94
98
94
94
96
95
93
99
94
96
96
96
97
97
98
97
100
98
99
99
101
108
109
119
124
110
108
109
105
97
98
100
99
99
104
102
101
100
103
100
100
102
100
102
101
107
103
103
101
104
100
100
99
97
100
101
101
101
101
100
98
99
98
103
101
101
99
101
102
102
104
101
103
104
103
104
104
102
102
99
100
101
101
102
102
99
102
101
102
101
102
98
103
99
97
99
96
97
97
98
98
97
97
100
100
101
100
108
108
103
119
106
102
101
105
106
102
103
99
100
96
100
97
100
100
97
99
98
98
99
98
98
99
99
100
98
101
98
97
96
99
95
95
96
98
97
97
95
99
94
95
93
96
94
97
93
97
95
95
92
97
94
97
96
97
92
97
94
97
98
99
112
107
105
102
102
100
100
100
99
99
99
98
97
96
96
96
96
96
94
95
94
95
94
96
95
95
95
93
95
94
94
95
94
94
94
95
95
94
96
96
96
96
97
97
98
99
98
97
99
99
97
99
96
97
101
95
102
100
101
104
105
104
99
104
105
102
110
105
105
105
103
107
108
108
115
114
113
106
116
103
97
112
110
108
107
105
107
104
103
108
110
105
107
103
108
100
105
102
106
108
107
105
100
112
95
94
100
118
111
110
103
106
94
89
90
101
107
98
96
96
96
96
97
96
95
96
97
98
98
99
101
103
103
104
104
106
106
105
107
105
105
104
96
107
109
105
103
106
102
104
104
103
97
110
105
107
106
107
110
111
110
104
96
122
118
110
107
107
96
95
93
94
98
119
110
109
107
106
106
108
107
102
114
108
110
110
111
110
112
114
110
121
117
115
114
115
101
95
115
104
99
98
94
94
100
99
97
99
96
96
97
100
98
99
103
102
98
100
97
96
93
96
95
96
97
97
98
100
99
99
97
101
98
99
100
99
101
58
48
46
46
44
49
48
54
60
67
62
57
54
55
50
55
56
65
68
64
59
64
65
69
63
62
53
52
54
51
52
51
50
52
54
49
50
51
52
54
58
149
121
109
106
102
101
104
91
99
102
102
97
96
96
94
92
93
93
95
93
94
93
93
93
95
93
93
94
93
94
93
93
92
93
93
92
92
92
90
89
94
90
90
91
91
90
90
90
90
89
90
89
90
88
89
89
87
88
88
88
89
89
88
89
88
88
89
89
90
88
90
86
89
90
89
84
94
89
89
90
89
89
89
91
87
90
88
89
89
88
88
87
89
87
88
87
87
86
86
87
85
86
84
85
85
85
86
87
86
84
83
85
86
82
87
83
85
84
87
84
86
85
86
86
87
86
88
85
84
83
84
84
88
92
85
86
87
86
85
86
86
85
86
85
86
85
86
85
85
85
87
86
86
86
88
86
83
83
81
85
92
90
86
88
88
86
87
88
87
88
87
88
89
87
88
86
89
90
89
86
88
88
88
87
89
87
89
87
88
89
87
88
87
87
88
88
86
88
87
85
87
86
86
85
85
85
84
84
85
83
85
83
69
97
85
84
82
83
83
81
84
81
83
83
83
85
82
83
85
83
79
77
77
79
78
77
82
86
85
87
87
85
86
84
84
82
81
83
82
80
81
93
87
87
88
87
88
86
87
87
86
84
82
84
80
81
83
85
84
86
80
85
85
82
84
84
85
89
87
88
87
86
90
87
89
89
88
93
89
90
90
89
89
89
87
88
89
88
87
89
88
87
89
89
89
88
88
91
87
86
88
88
89
91
91
92
93
92
91
89
95
91
93
92
93
94
94
93
94
95
86
102
96
96
95
96
95
95
92
85
88
94
87
81
95
90
88
87
85
86
87
88
86
88
87
88
88
88
88
88
87
88
88
87
88
88
88
87
88
88
89
87
90
89
90
88
92
91
91
91
90
90
90
89
85
91
87
87
85
86
88
88
87
89
87
89
88
88
89
88
86
89
88
90
90
92
91
91
90
90
88
90
95
87
92
94
91
91
90
91
92
91
90
91
90
84
93
91
91
92
91
89
92
90
92
95
88
95
95
96
92
95
92
93
101
90
101
99
97
95
92
94
99
91
96
98
96
92
95
96
97
93
93
101
98
95
98
96
99
100
94
89
92
98
109
99
97
104
102
95
111
108
101
108
102
90
89
94
90
87
86
88
89
91
96
95
95
93
93
90
91
90
90
88
88
88
89
90
90
90
92
91
91
92
92
89
91
90
89
90
88
93
90
89
92
90
89
84
88
86
87
86
89
86
87
85
86
88
85
88
88
88
89
89
91
93
98
99
95
93
94
91
94
90
90
87
88
89
100
103
97
91
84
91
99
103
96
94
95
94
95
95
94
95
95
95
97
96
95
96
96
99
97
98
96
98
97
97
98
96
99
97
97
95
96
97
96
96
98
96
100
98
91
90
105
98
97
96
96
95
94
93
94
96
96
97
100
100
102
101
103
102
101
67
124
100
101
101
103
100
102
101
107
107
108
106
106
106
97
93
95
98
115
115
109
102
94
93
95
92
106
94
96
96
105
116
105
104
100
109
108
109
104
113
107
102
114
104
103
104
102
105
100
100
104
100
102
103
102
105
110
104
67
133
106
104
103
101
101
107
98
96
97
101
99
91
102
119
114
112
99
95
95
107
99
115
105
104
106
104
91
91
95
118
114
106
106
105
100
98
98
96
111
106
102
125
122
106
100
98
95
117
119
113
105
110
95
95
96
95
94
96
94
94
93
94
95
95
98
95
96
97
96
94
96
96
93
96
95
96
95
94
95
95
93
94
93
92
93
93
94
94
93
93
95
93
93
80
105
93
92
93
94
92
93
93
92
93
92
92
91
92
93
94
81
53
93
97
101
99
97
90
87
89
105
113
103
100
100
101
100
103
104
102
103
104
103
104
102
96
108
102
105
105
104
106
106
103
107
100
104
112
106
106
105
98
116
108
103
108
104
105
96
91
95
98
96
93
92
92
92
95
95
95
96
96
96
95
94
93
95
90
93
90
92
90
92
90
91
92
92
94
93
94
93
96
96
98
97
96
96
94
95
96
94
93
94
94
93
96
94
96
95
95
95
94
95
94
96
92
92
95
95
94
93
94
93
92
92
91
92
94
107
107
102
101
99
98
96
96
96
98
97
98
101
101
103
105
103
106
106
106
105
104
104
102
104
102
102
96
100
98
94
89
93
95
95
95
95
96
95
95
96
95
94
95
93
96
94
94
95
95
95
96
93
97
92
97
94
97
94
97
95
96
97
98
98
97
96
96
92
93
93
92
94
92
96
95
102
114
108
101
116
118
106
113
103
91
103
96
91
87
89
88
89
88
91
91
94
95
95
96
97
96
95
96
96
94
94
94
93
94
93
92
91
91
92
94
95
94
95
93
90
94
92
90
91
92
93
92
94
94
93
94
96
96
96
95
95
94
93
94
95
95
94
94
94
93
92
93
93
90
94
93
94
96
101
105
98
101
106
100
101
101
100
98
98
102
100
100
101
101
102
101
102
103
102
101
101
102
102
101
101
102
103
102
104
105
104
104
104
102
100
100
99
97
97
96
96
97
96
98
98
99
99
99
100
103
102
102
105
106
104
107
107
103
108
99
94
97
115
105
101
98
99
99
98
97
97
98
97
98
97
97
98
98
99
101
102
100
105
102
98
106
102
102
101
101
100
100
100
98
102
100
100
99
99
99
99
101
100
101
101
102
103
103
105
104
104
105
105
103
99
108
102
103
104
100
103
100
102
99
101
98
99
98
96
98
96
97
96
97
97
97
98
96
96
96
96
97
97
97
99
98
99
99
100
100
100
93
103
98
99
98
99
98
98
99
98
102
100
100
101
104
103
105
106
103
113
100
110
105
103
103
102
100
98
99
99
98
99
98
100
103
104
104
107
105
108
107
107
108
109
107
109
107
101
113
108
105
107
108
104
104
101
97
109
100
98
119
108
110
103
99
112
106
106
105
105
104
104
104
102
102
99
102
102
101
101
99
100
99
101
101
101
100
100
100
101
101
101
101
101
103
103
103
104
106
107
106
105
105
106
103
104
101
101
99
100
100
99
100
98
100
100
101
102
103
103
105
105
104
106
103
105
104
104
105
104
104
104
103
103
102
102
100
98
98
100
102
103
106
108
106
107
105
105
103
103
101
103
98
97
93
101
97
94
94
94
94
93
93
93
91
92
90
91
91
91
91
91
90
92
89
90
90
91
92
91
92
91
91
91
92
92
92
91
91
92
91
92
91
92
90
94
95
94
96
93
101
98
99
99
100
101
102
97
97
105
102
101
100
98
96
97
94
94
94
94
93
93
94
96
96
102
100
98
96
100
100
99
98
100
100
102
101
102
101
101
100
101
97
102
99
99
99
101
102
101
101
103
101
103
103
104
103
106
107
108
110
111
111
111
108
113
109
108
106
107
107
108
108
110
112
102
117
113
112
109
111
110
110
109
114
114
109
110
111
110
109
106
99
94
95
95
96
