93
131
128
124
130
129
127
129
71
166
85
172
135
130
131
129
128
127
134
129
127
131
130
128
125
138
128
127
130
132
130
125
130
129
127
129
129
130
129
131
130
131
134
130
130
132
134
128
128
131
131
128
131
132
128
128
130
132
128
125
131
130
129
127
128
132
128
131
128
133
132
128
129
130
129
126
132
131
131
129
69
166
131
133
133
132
133
130
131
131
132
127
131
133
130
129
132
134
130
133
133
132
132
131
133
133
134
129
131
132
130
129
129
134
132
130
133
133
130
128
134
130
129
130
132
134
132
130
131
132
129
129
133
131
130
133
133
131
132
130
131
129
129
130
128
134
133
129
131
129
130
127
132
130
128
128
133
132
126
132
130
131
130
131
133
127
130
129
132
129
130
130
130
135
128
129
134
136
132
130
133
129
130
132
134
131
126
133
131
129
129
131
133
130
133
127
133
129
128
131
134
129
128
133
131
131
128
129
131
132
131
129
131
131
129
129
131
131
129
134
134
132
129
130
133
130
132
128
132
128
129
130
131
131
128
133
133
132
129
131
132
130
130
132
133
129
130
133
131
128
130
133
131
131
132
131
131
129
130
128
132
129
131
131
129
130
130
133
130
134
131
130
134
130
130
128
132
131
127
134
129
130
128
134
134
127
134
134
130
127
130
129
127
133
129
131
130
128
129
132
133
127
134
134
131
129
131
130
127
132
130
130
131
130
131
131
134
129
129
132
132
132
130
133
129
128
127
130
131
126
132
133
131
124
132
133
129
130
131
131
127
132
130
130
129
131
132
128
132
129
128
133
131
128
128
133
129
128
132
132
131
126
133
130
126
130
129
130
130
131
129
129
132
129
127
129
129
80
174
140
129
126
128
131
128
130
131
129
129
129
130
129
129
128
128
135
131
131
129
129
132
129
130
129
130
128
130
131
129
128
128
129
128
128
129
131
131
128
130
130
131
128
130
130
128
130
132
132
127
128
130
130
132
127
128
130
130
127
128
130
129
94
165
140
132
129
131
131
132
127
127
130
131
127
129
133
127
128
131
130
129
130
131
129
129
130
129
130
130
129
127
132
129
128
128
131
130
125
130
134
129
125
128
129
127
130
128
129
130
126
128
129
128
125
129
133
126
70
94
95
116
110
142
121
106
79
77
137
105
145
100
92
113
103
93
104
87
117
122
90
87
98
89
87
86
87
91
84
78
143
98
76
104
126
121
82
117
79
97
117
84
87
94
87
84
131
115
102
88
76
129
130
120
117
122
127
119
112
80
97
93
108
126
104
101
120
120
117
120
117
121
114
119
116
123
116
81
107
113
125
113
122
103
215
169
142
138
139
136
92
195
136
116
162
145
128
149
145
137
130
137
133
132
128
134
79
113
124
129
78
79
94
89
124
94
139
119
88
111
123
113
119
113
118
122
118
120
102
79
138
91
137
106
135
99
116
151
105
118
121
107
92
83
140
90
75
71
84
78
76
88
76
128
120
81
102
95
73
72
99
172
128
108
115
86
117
88
101
165
126
101
74
132
115
117
126
122
108
229
146
144
138
97
173
143
139
136
142
140
145
72
210
86
197
137
137
138
136
133
141
143
222
80
163
77
141
74
155
78
147
75
156
76
155
74
154
75
158
75
147
75
158
74
158
73
157
74
156
75
157
76
160
75
162
76
166
74
163
76
164
74
163
137
72
164
81
157
136
134
71
163
80
160
75
143
75
163
77
155
74
160
75
162
78
161
76
160
75
164
77
160
75
160
78
154
75
156
75
157
77
154
76
156
76
152
74
159
77
147
75
155
78
142
74
154
76
156
76
156
77
158
76
153
75
157
78
154
74
157
78
157
75
156
77
154
76
155
77
150
73
157
76
158
77
160
76
164
79
165
75
163
77
162
76
160
79
162
76
159
77
163
78
156
76
160
78
144
75
158
81
140
75
155
80
154
76
155
77
160
79
152
77
166
79
159
76
164
79
164
77
161
78
162
77
163
77
164
77
158
78
162
79
148
76
162
78
158
79
161
79
158
77
162
78
162
75
162
77
162
77
160
77
163
78
158
78
161
78
159
77
166
78
162
76
166
78
164
78
145
79
165
77
161
79
161
80
151
80
154
79
136
77
146
80
139
84
134
79
137
88
132
93
138
86
135
86
136
84
136
85
134
88
140
81
142
80
147
78
142
76
149
75
145
76
144
78
144
75
147
78
143
76
143
77
150
76
149
76
145
77
147
75
145
75
150
77
145
78
149
76
147
73
151
77
148
76
145
78
146
75
148
77
151
79
145
76
153
77
152
74
153
78
153
75
150
77
153
74
148
75
152
76
151
74
155
78
148
74
151
78
155
75
154
75
159
77
157
74
158
74
161
75
160
77
159
76
153
77
161
76
156
74
163
76
154
76
159
76
154
75
159
130
69
161
131
138
132
131
136
137
124
69
166
132
132
134
132
126
70
93
94
143
86
84
75
82
92
94
100
95
111
93
107
104
110
118
114
148
122
126
129
89
127
121
187
147
128
111
112
136
112
129
95
111
112
126
95
81
123
97
90
140
164
106
99
76
73
75
116
110
88
87
143
82
78
94
89
84
128
99
91
131
110
127
114
132
121
125
99
131
107
129
108
131
120
132
97
127
106
153
128
112
126
109
124
113
129
110
137
100
124
117
115
121
114
125
110
121
115
122
110
120
113
124
125
111
111
126
128
108
117
114
176
142
139
143
141
131
128
136
137
132
134
137
132
133
132
134
131
137
138
133
132
129
70
162
141
68
158
228
78
159
77
161
77
152
75
161
76
154
73
164
75
160
72
164
79
92
174
213
93
161
78
160
76
156
74
160
77
157
74
156
74
162
73
158
76
146
75
157
77
154
75
155
74
152
76
153
77
149
132
71
154
127
70
156
130
69
158
134
71
157
137
71
165
135
70
164
140
71
162
135
73
167
134
71
168
80
155
76
165
76
159
136
71
163
131
71
159
131
74
159
80
153
133
69
158
132
71
157
130
71
159
133
127
74
164
138
71
162
139
72
161
140
72
164
138
71
167
134
71
162
135
73
166
138
71
167
146
71
168
148
144
71
170
146
137
71
170
143
72
169
138
140
139
142
139
140
71
167
148
143
72
166
146
142
71
170
142
140
71
167
142
71
169
143
73
171
143
74
172
84
159
77
165
76
165
78
163
81
158
76
164
80
161
74
163
78
156
76
163
74
165
74
168
78
164
77
162
75
163
81
157
75
164
80
153
74
160
77
164
78
160
75
159
75
159
76
162
75
160
75
162
75
161
75
158
76
163
76
159
75
167
78
163
76
153
75
161
77
154
75
162
75
152
77
161
76
158
76
160
75
151
75
160
75
159
75
160
75
158
75
160
76
159
76
155
76
160
76
154
77
157
76
154
75
159
75
155
74
161
79
155
75
160
77
161
75
157
76
163
76
160
75
162
75
155
76
159
77
153
75
162
77
156
74
160
78
156
76
158
77
160
73
161
76
155
76
157
76
162
76
159
74
161
77
163
79
165
135
134
138
135
135
135
137
137
137
137
136
137
139
138
135
131
135
136
141
136
136
129
139
137
135
137
137
139
136
136
137
140
138
138
139
139
134
138
140
132
138
141
131
137
140
131
141
139
72
97
230
85
214
130
132
129
132
134
133
129
133
136
133
137
138
136
126
137
142
138
135
140
138
140
136
139
139
138
136
72
173
142
139
138
143
138
138
142
140
131
140
134
135
132
143
132
131
136
135
142
133
132
145
132
139
131
137
140
139
132
139
142
130
139
141
131
135
142
138
133
138
142
138
131
137
140
129
135
140
129
136
138
142
137
134
140
72
171
87
190
136
143
137
136
134
140
138
141
141
137
134
140
138
141
71
167
142
137
133
136
137
136
138
140
138
132
139
132
142
137
141
138
138
141
139
137
139
136
139
140
134
135
139
136
137
136
139
136
138
137
139
125
139
141
141
140
137
139
139
139
139
141
140
139
138
144
140
129
143
140
132
141
145
134
141
143
138
141
142
141
140
141
134
143
144
143
133
145
142
131
142
146
139
141
145
136
139
143
134
141
141
135
138
142
143
135
143
141
141
141
142
140
138
142
133
142
133
134
135
133
143
138
133
134
146
138
135
144
145
134
142
145
143
140
145
143
140
139
136
141
127
142
143
149
136
143
140
144
132
141
142
142
132
143
146
139
140
145
142
139
142
142
141
143
142
