960
542
953
1561
968
785
977
789
977
788
972
791
986
790
964
537
963
793
990
1049
986
521
536
979
281
980
522
1049
989
266
1049
991
524
795
998
1051
983
794
988
519
790
1000
532
1315
1020
796
512
1019
15
1010
271
1006
1305
984
269
1052
986
18
801
1003
280
295
997
789
512
102
1050
15
768
1
783
1
23
806
1003
403640855
0
128
282
512
959
2190
1059
992
18
256
122
1047
699
2673
803
965
1059
970
792
1575
57
532
512
990
1482
47
574
988
287
1070
992
283
1066
981
810
951
557
975
824
962
304
981
567
42
32
768
2052
971
563
980
299
966
32
958
1312
940
804
958
1065
953
1063
951
1061
29
791
782
981
1043
962
537
954
1308
958
798
959
1312
1004
782
146
12
1028
512
152
-529989
15
1017
51319560
51319575
985
1304
991
794
988
8
791
6
783
156
525
-265820995
993
278
293
1000
302977549
768
137
1490
542
7
785
148
272
1922
987
535
983
1049
984
1309
977
1564
992
778
512
98
264
722
1745
976
271
970
1046
985
536
994
271
59
9
467
2703
527
989
270
285
980
796
988
29
981
803
997
543
977
543
1003
271
1054
1000
542
993
20
35
1019
271
1004
235868909
235868924
1000
270
285
982
1564
976
1053
979
1056
997
531
768
110
1757
548
