3
50
106
79
79
80
80
80
79
80
79
82
79
81
81
81
81
81
82
81
81
81
82
82
82
82
83
82
82
82
83
83
83
83
82
84
83
82
82
83
81
81
81
80
81
81
80
79
80
79
79
81
81
82
82
82
84
83
85
84
84
85
86
85
87
85
84
84
85
85
85
85
85
86
84
85
84
83
82
82
83
85
83
83
83
82
82
82
82
80
81
80
81
78
79
78
77
78
76
78
77
80
78
79
74
78
77
79
77
78
81
76
78
77
77
79
76
78
78
77
81
81
79
79
81
78
80
77
81
78
78
78
78
80
77
78
79
78
79
79
80
82
82
81
82
84
82
82
83
81
80
82
82
79
81
81
81
82
84
85
85
87
86
86
85
85
84
85
84
83
83
84
81
82
82
82
82
82
84
83
82
82
83
82
83
83
82
83
84
83
82
84
82
81
82
84
83
84
83
83
82
81
82
81
79
81
81
80
81
82
81
80
81
79
80
79
79
80
79
78
79
78
79
80
79
80
77
82
81
80
81
80
79
79
76
81
79
80
79
76
81
78
76
79
79
77
78
77
79
79
78
77
79
78
77
79
78
77
78
77
78
78
76
79
75
78
77
80
76
78
78
78
74
79
77
77
77
79
79
79
79
78
78
76
79
76
77
78
77
80
80
77
77
76
80
78
75
80
77
74
78
77
78
77
75
78
77
77
78
77
78
77
76
78
77
79
78
77
79
79
78
79
79
79
79
79
79
80
81
80
82
79
81
80
80
81
80
80
79
81
79
80
81
80
80
82
82
84
84
83
82
82
81
82
83
83
83
83
83
84
84
83
57
103
84
83
84
82
81
83
81
82
81
81
81
81
81
80
82
82
82
82
83
82
83
83
84
83
84
82
84
83
83
83
83
83
83
84
83
82
84
82
82
83
83
84
83
84
82
83
83
83
82
83
83
83
84
85
83
83
85
83
84
85
83
83
83
84
83
83
84
83
83
83
85
82
84
82
84
83
83
84
83
83
82
84
82
83
84
82
82
83
83
83
84
83
83
84
83
83
83
84
82
83
83
82
84
83
83
83
83
83
84
83
83
83
61
100
84
85
83
84
84
84
84
86
84
84
86
84
85
86
85
84
85
84
85
85
85
85
84
85
83
85
83
82
83
82
83
83
82
84
82
82
83
84
84
85
85
86
85
87
85
85
86
86
85
86
89
86
86
87
85
86
87
85
86
85
87
85
85
85
85
85
85
86
86
86
85
86
85
85
86
87
85
87
87
85
86
86
86
85
85
88
88
86
88
86
86
86
88
86
86
86
87
85
87
52
118
85
85
86
85
86
85
84
84
85
84
85
83
84
83
85
83
85
83
84
84
85
85
87
84
86
86
85
86
86
85
85
86
87
87
87
85
85
86
85
85
85
85
83
84
84
83
83
84
80
85
82
84
84
83
83
84
85
86
89
88
87
87
87
86
87
85
86
86
85
86
87
86
86
86
85
86
86
86
86
87
86
85
86
87
86
86
86
86
85
86
85
84
85
87
84
85
87
84
85
86
84
84
82
82
83
83
83
83
82
82
81
82
82
81
82
82
82
82
83
83
83
84
83
85
84
85
85
84
85
84
85
87
88
86
88
88
88
88
88
89
86
87
87
87
86
86
85
85
85
86
85
85
86
84
85
86
85
86
86
85
87
86
86
85
85
86
85
87
86
86
86
86
87
86
86
86
87
85
88
88
88
88
89
88
88
88
89
87
87
87
86
87
85
85
85
85
86
87
86
85
84
86
85
87
86
86
87
86
87
86
87
86
86
87
87
89
88
89
86
86
88
86
86
85
84
84
84
84
82
82
84
82
83
83
83
82
81
81
84
82
82
83
81
80
81
81
81
80
81
80
81
80
80
80
81
80
80
81
80
81
81
80
81
81
83
82
82
82
82
82
83
83
84
83
83
84
83
84
84
84
84
84
84
84
84
84
82
82
83
83
83
83
84
83
83
82
84
85
83
83
85
84
86
85
85
85
84
85
84
85
83
83
83
82
84
83
84
83
82
83
83
83
82
83
82
83
83
83
84
83
83
83
83
84
83
84
82
83
83
83
84
83
84
83
84
84
85
85
84
84
86
85
85
85
85
84
85
85
85
84
85
84
83
84
84
86
84
85
85
85
85
86
85
84
86
87
86
86
87
85
86
86
87
87
87
85
86
85
86
86
86
85
86
86
85
85
85
85
84
84
86
85
85
85
85
85
85
86
85
85
85
85
85
85
84
84
83
84
84
84
85
83
84
84
84
84
84
85
83
84
84
85
85
83
83
84
85
84
86
84
85
85
85
85
86
85
86
87
87
61
115
87
87
87
86
88
87
86
87
86
86
87
86
86
85
85
86
85
85
84
84
84
85
86
84
84
84
83
84
83
84
83
83
84
83
85
85
85
84
85
87
85
87
87
86
88
85
88
89
86
87
87
88
87
87
86
86
85
87
86
86
86
87
86
86
86
85
84
84
85
84
86
85
85
85
85
85
85
85
85
84
85
86
84
84
85
83
83
82
82
83
82
82
81
82
81
83
82
83
82
82
83
83
82
83
82
82
83
84
82
83
83
82
83
84
85
85
85
85
85
86
86
86
86
85
87
86
87
88
86
86
87
86
86
87
85
86
85
84
85
85
84
83
85
83
85
86
85
85
85
84
85
86
85
85
85
85
86
85
86
85
84
84
87
84
85
84
84
84
85
85
83
84
85
82
83
84
85
82
82
84
83
81
82
81
81
81
81
82
81
82
82
80
82
81
82
81
81
80
82
82
83
84
82
82
81
83
81
83
82
81
82
83
80
81
80
81
80
79
80
80
82
79
80
80
79
80
80
80
78
78
80
78
79
80
78
77
79
78
79
80
78
78
79
78
77
79
79
78
79
80
79
77
79
79
77
78
78
78
79
76
78
77
77
77
76
78
79
77
77
79
77
80
79
79
80
79
81
79
78
80
79
80
79
81
80
82
83
82
82
82
81
83
81
81
81
81
80
81
84
81
81
81
80
79
80
80
78
81
78
79
79
79
78
78
79
77
79
80
78
79
79
80
78
79
81
79
80
81
80
80
82
80
82
81
81
82
83
84
83
84
83
83
83
82
82
82
82
83
82
82
81
81
81
80
82
81
80
82
80
80
80
81
81
81
81
83
81
83
83
82
83
81
82
81
82
81
82
81
80
81
82
80
81
81
80
81
81
82
81
81
81
81
82
81
82
81
81
82
81
82
83
48
52
30
45
73
81
82
83
83
82
81
81
83
82
83
82
83
84
82
82
83
83
82
83
83
84
84
82
83
82
82
82
82
84
81
81
81
81
80
81
82
81
81
82
82
82
82
82
81
83
82
82
84
83
83
85
83
83
83
84
83
84
82
84
84
83
84
84
83
84
83
84
85
82
83
82
83
84
82
85
82
85
85
84
85
84
85
84
86
86
85
87
85
84
84
84
83
82
83
83
83
83
83
83
81
82
83
82
84
82
83
83
83
83
83
83
82
83
83
85
85
85
85
86
85
86
86
84
85
84
84
83
84
83
83
82
82
84
83
82
82
82
82
81
83
82
81
81
82
81
82
82
81
81
81
81
81
82
81
81
81
80
80
81
81
80
81
82
81
81
79
81
80
80
80
82
82
82
84
81
83
81
83
83
82
83
82
82
81
83
80
82
81
81
81
80
82
80
79
78
79
80
80
80
80
78
80
79
81
79
80
80
81
80
81
82
81
80
81
81
82
82
82
82
81
81
83
81
82
82
79
61
98
83
81
80
84
85
85
85
87
85
88
87
87
87
86
88
86
86
88
86
89
86
83
85
83
83
83
81
82
79
84
81
80
81
81
81
81
80
80
82
81
81
80
82
82
80
84
81
84
79
84
81
83
82
81
82
79
63
34
34
35
83
85
82
82
85
80
85
84
83
82
81
83
84
84
84
84
84
86
85
86
85
86
84
88
85
86
59
113
85
86
85
83
86
82
85
87
85
86
85
86
85
86
87
86
85
86
85
86
86
85
86
85
84
87
86
84
83
85
87
88
89
90
89
91
92
91
89
92
89
89
90
89
90
88
88
89
89
88
90
91
91
91
90
89
91
89
91
88
89
87
89
87
86
86
87
89
83
86
85
86
84
86
84
87
85
84
88
83
87
84
82
87
84
88
86
83
87
87
83
88
85
85
86
81
87
81
83
83
81
85
85
84
86
87
82
88
87
84
87
85
86
88
84
89
90
84
88
88
86
88
88
87
87
88
88
87
85
88
84
84
86
82
84
84
81
83
81
83
82
83
83
82
83
86
84
86
84
85
85
88
84
88
84
87
86
87
86
86
85
85
88
84
86
84
82
86
85
87
82
86
85
84
84
87
83
86
86
86
86
85
88
86
84
86
84
87
88
87
86
87
86
87
85
88
86
86
87
85
86
87
86
88
88
88
86
90
87
87
86
87
86
87
86
87
84
87
87
87
85
88
88
89
88
89
90
88
91
90
90
90
89
90
89
88
88
88
85
88
87
88
88
87
87
87
89
89
87
90
89
90
90
89
91
89
89
91
91
90
90
92
89
89
91
89
91
88
90
90
89
89
90
90
91
94
91
94
92
93
93
94
92
93
93
90
92
92
92
88
91
91
89
92
91
92
88
91
92
88
90
90
89
90
91
90
89
90
91
89
92
91
90
90
90
91
88
91
91
89
91
91
91
90
89
91
88
90
89
88
88
88
87
89
88
89
89
89
90
88
90
91
90
89
91
91
92
88
91
88
91
89
88
89
90
90
91
52
125
89
90
89
90
90
91
89
91
91
93
92
92
93
93
93
94
94
90
94
93
91
93
92
88
91
93
90
92
93
92
90
92
92
89
91
91
91
93
90
93
90
93
90
93
91
93
91
92
94
91
92
93
92
92
93
94
90
92
93
92
92
93
92
92
93
93
92
93
92
93
94
93
93
95
89
93
94
92
91
93
93
93
93
93
90
94
94
93
94
94
94
93
95
95
93
93
94
92
94
93
92
93
92
94
91
94
95
93
93
93
94
89
94
93
93
93
92
95
89
94
93
90
93
91
91
92
92
93
92
93
93
92
95
91
91
92
93
93
92
93
93
92
93
93
92
94
94
93
94
94
93
94
93
94
95
97
93
95
95
97
95
95
93
96
96
93
94
95
93
94
96
94
93
95
96
53
139
94
94
94
95
94
94
95
96
95
96
96
95
96
92
95
96
95
94
95
95
96
95
94
95
95
96
95
98
95
96
94
97
95
93
94
95
95
95
95
96
94
95
96
95
96
93
94
96
94
94
96
96
94
95
95
94
96
94
97
96
95
95
94
95
93
94
92
92
94
92
93
91
94
94
95
94
93
94
94
93
95
93
94
96
93
95
94
96
94
94
94
96
96
94
95
97
96
95
96
96
95
96
95
95
97
95
94
97
98
94
95
96
96
59
133
96
95
96
95
96
94
94
95
98
96
96
98
97
94
95
96
96
95
94
96
97
95
95
96
97
95
98
95
97
95
95
97
94
98
94
95
96
97
95
96
95
98
97
96
96
99
97
96
98
96
96
96
98
75
113
64
44
53
105
101
101
60
84
96
104
101
72
115
64
89
74
54
164
66
44
59
59
60
46
44
65
87
78
52
113
64
95
61
48
46
109
61
45
58
45
127
61
45
59
78
59
41
61
84
139
97
60
46
55
61
113
61
46
59
56
51
66
63
62
55
58
45
65
62
59
63
66
64
63
106
57
132
99
60
47
54
56
60
57
145
103
58
133
64
43
59
57
48
60
70
103
99
99
98
100
98
97
99
99
98
97
94
98
96
96
97
97
96
95
96
98
95
97
97
97
97
99
96
97
99
98
98
99
97
99
98
98
99
101
99
98
96
96
96
100
100
99
98
96
98
98
99
99
96
98
98
98
97
96
95
99
97
96
94
96
95
98
97
96
97
97
100
96
96
98
97
97
97
98
99
95
98
98
97
97
95
94
96
96
95
95
98
97
98
96
96
96
98
95
96
98
97
94
97
96
95
95
95
97
97
94
96
95
97
97
95
96
96
96
98
94
97
96
97
95
97
97
96
95
96
97
98
98
97
97
98
95
96
95
95
97
95
97
95
97
96
97
95
97
96
97
95
97
95
98
