53
143
142
148
139
144
142
142
142
139
138
141
139
134
140
137
135
138
139
135
137
134
136
136
132
132
139
138
138
146
140
140
142
143
144
143
137
140
141
133
139
138
135
135
138
136
138
142
134
137
136
133
137
137
135
138
144
138
141
143
141
142
140
137
142
136
136
142
135
136
139
138
135
139
139
139
143
138
137
140
139
135
140
136
133
135
144
136
138
142
140
138
140
137
138
143
137
142
143
134
131
136
133
135
140
132
136
133
134
139
138
136
140
138
134
140
138
136
137
132
136
138
133
134
138
132
135
136
136
138
137
135
140
142
133
139
139
134
138
140
130
132
133
133
141
139
137
145
146
143
146
143
145
143
138
146
139
126
126
125
118
113
112
111
109
108
106
109
108
106
105
105
104
106
106
114
123
132
138
135
140
143
139
138
140
143
138
137
140
142
135
122
119
117
115
111
113
113
111
113
110
110
115
110
110
113
113
117
115
114
118
120
126
131
139
138
135
136
132
129
128
128
126
128
122
123
123
122
127
134
135
142
142
59
152
148
138
60
100
78
122
133
137
136
140
134
127
121
119
118
114
112
115
119
128
133
138
150
145
141
146
142
141
141
141
144
140
142
145
141
137
146
139
141
142
140
135
129
125
130
131
126
121
123
75
154
62
85
59
62
162
119
113
116
78
147
124
129
132
141
130
126
130
135
130
128
132
129
131
127
128
126
122
91
148
130
133
132
136
134
134
127
126
125
125
133
136
139
140
143
144
144
145
143
142
136
140
145
139
140
140
140
141
120
154
139
141
143
141
145
135
144
144
144
144
143
144
145
138
144
142
137
141
137
141
139
140
143
140
139
144
137
138
135
137
141
140
138
144
139
141
143
139
142
137
139
144
139
141
146
145
142
142
140
144
137
142
141
133
126
122
122
119
116
116
122
122
123
128
129
131
136
135
144
142
142
143
143
139
140
138
139
128
130
133
130
135
133
138
142
138
142
139
142
143
139
141
138
138
141
131
127
128
125
133
134
135
147
145
142
143
62
173
63
176
123
115
115
114
114
115
119
117
125
128
125
122
124
136
136
140
144
145
145
145
143
150
147
144
149
145
147
148
146
149
143
152
147
144
137
133
138
132
137
144
139
142
149
144
145
144
143
62
149
139
137
61
88
153
148
147
142
141
143
142
143
147
140
147
146
61
155
151
143
140
61
88
181
143
138
136
136
129
132
140
134
133
140
136
137
138
134
131
135
139
138
142
137
144
143
140
143
140
138
139
141
140
142
135
126
126
129
121
127
132
127
131
138
140
139
136
135
142
136
137
141
141
139
141
143
139
144
136
142
141
139
145
147
138
142
145
139
141
137
140
142
136
138
143
136
140
147
138
144
139
140
143
138
134
144
142
137
141
141
137
139
136
134
138
132
134
140
134
129
135
135
131
135
137
137
138
137
136
141
137
139
146
138
140
142
139
138
142
138
138
141
135
140
142
135
137
144
136
140
144
140
141
139
140
141
139
133
140
134
130
133
133
129
133
135
133
138
135
135
140
136
132
137
140
133
140
139
136
138
139
136
138
136
134
137
139
135
137
142
133
137
137
139
139
135
140
138
134
131
138
135
136
136
137
137
137
136
139
141
136
138
139
137
139
141
138
137
135
133
138
133
135
138
140
134
139
141
136
141
136
140
139
134
136
142
134
136
140
136
141
137
140
142
141
140
146
138
134
139
135
135
135
139
136
139
136
138
140
135
132
137
136
131
139
139
135
141
139
140
141
142
138
145
139
138
143
138
137
140
137
137
138
132
134
135
134
134
142
139
135
144
141
139
141
140
137
140
138
136
136
133
133
137
137
134
141
136
133
137
137
134
137
136
135
141
137
140
141
139
136
138
135
135
138
137
133
134
136
132
137
138
134
141
140
135
139
141
135
138
138
137
140
140
134
140
142
135
134
137
129
131
139
136
137
143
142
146
144
145
151
144
143
149
142
143
144
140
142
140
137
142
140
133
140
137
135
140
141
135
140
141
142
149
143
137
145
144
136
144
142
137
138
139
134
140
139
140
149
140
143
146
140
140
146
138
139
141
138
142
141
137
139
142
134
139
142
137
138
141
138
136
140
137
138
138
137
137
142
135
139
142
137
135
143
141
142
145
63
151
142
60
161
137
139
131
135
139
130
135
137
134
133
139
136
138
135
133
142
140
137
139
144
135
135
136
133
136
138
139
141
142
134
142
143
138
139
146
63
84
93
76
68
72
109
117
144
144
143
144
139
146
144
139
143
146
139
141
146
142
142
143
142
139
142
137
139
132
133
129
136
140
134
146
145
143
146
145
141
146
141
144
144
137
143
143
139
135
139
134
128
128
132
129
130
136
133
139
140
136
146
143
139
147
143
144
148
142
142
141
136
138
144
137
140
144
139
140
147
139
139
140
140
139
137
138
135
139
138
135
139
136
136
141
140
129
131
132
131
133
135
135
140
139
139
145
148
62
152
64
157
136
139
141
136
138
140
137
140
141
62
152
149
143
147
146
138
138
144
140
141
143
63
103
90
100
89
88
69
84
66
99
93
122
88
84
81
104
59
94
85
92
99
77
69
76
80
64
117
59
60
58
59
107
109
63
109
76
91
84
98
173
139
145
146
141
141
146
141
145
150
148
150
151
147
150
150
146
150
151
144
150
154
144
143
151
147
144
152
149
145
149
149
145
147
141
147
145
138
143
144
137
146
148
138
140
143
138
137
136
133
137
138
139
142
147
146
140
151
138
135
139
139
133
144
144
140
143
144
144
142
143
138
142
139
136
143
145
135
142
145
138
139
143
140
140
144
139
141
143
141
139
146
140
140
147
144
142
149
146
137
143
148
141
144
142
138
144
138
139
143
144
135
139
136
129
133
139
136
137
144
140
147
148
142
148
144
143
144
145
139
145
141
137
138
142
137
134
136
141
136
137
144
141
143
138
136
141
145
140
148
149
143
148
149
142
144
147
144
149
142
138
142
146
138
149
146
143
150
143
141
144
140
139
144
142
144
144
137
137
144
138
138
144
146
138
144
144
137
141
143
137
142
141
139
147
143
141
147
143
134
141
147
62
163
141
140
144
140
137
139
138
134
140
142
141
142
150
143
146
147
63
162
143
140
138
144
140
142
144
142
138
145
141
142
147
146
139
143
140
138
142
137
142
141
137
134
144
145
139
62
168
144
143
147
141
134
135
135
135
141
141
145
155
145
149
63
163
144
147
145
144
140
140
134
138
142
135
145
141
140
145
142
62
168
146
135
135
137
139
134
144
140
138
141
136
133
137
137
132
138
144
62
162
140
140
130
132
141
138
141
143
64
155
149
139
142
147
137
136
143
143
62
152
147
137
139
144
140
132
134
133
132
134
133
131
134
134
61
90
83
145
143
145
144
143
144
139
62
182
145
134
139
143
133
130
136
129
127
122
117
116
112
112
113
117
116
117
118
124
126
127
126
134
130
132
138
137
146
147
144
150
148
146
151
152
145
152
150
144
152
145
142
147
140
144
144
137
137
143
63
150
144
137
63
100
103
99
108
108
60
58
225
149
137
141
139
141
142
141
142
146
139
140
143
142
142
146
145
147
148
142
149
138
135
131
124
121
123
123
129
130
126
132
130
133
139
135
143
135
139
142
131
129
126
129
133
133
137
143
137
137
138
135
139
134
133
137
135
133
139
136
135
137
134
140
137
133
138
141
136
140
144
136
141
141
140
141
139
136
142
139
137
143
139
140
141
140
140
142
137
144
143
137
141
140
134
138
141
136
128
122
123
124
122
128
136
136
139
145
142
145
146
62
167
147
143
141
143
137
133
134
132
131
136
138
141
145
139
148
144
62
97
76
136
140
140
137
143
145
136
61
167
130
134
