70
82
79
48
87
52
118
95
50
120
91
50
123
61
116
76
78
83
83
83
82
80
79
79
49
121
89
49
91
87
50
124
91
49
119
82
82
85
84
82
81
80
81
82
84
81
80
79
80
81
83
82
81
79
79
81
82
82
80
78
80
80
82
83
82
80
78
80
81
83
82
81
78
79
81
81
50
121
92
48
121
89
85
83
81
79
80
82
84
83
79
79
80
82
83
82
81
80
80
80
84
82
81
79
79
80
82
83
82
79
79
79
82
83
82
81
81
79
81
82
83
81
80
79
79
82
83
82
80
78
79
81
83
82
81
80
79
79
82
83
81
80
79
79
83
84
82
47
67
47
83
87
86
84
81
79
78
80
84
83
83
80
79
80
81
83
82
80
80
80
81
83
82
81
80
78
79
81
84
83
80
79
80
82
82
83
81
80
79
80
83
83
81
80
79
79
81
83
83
82
80
79
80
83
84
82
80
79
80
83
82
82
81
79
79
80
82
84
82
79
78
80
81
84
84
79
78
79
81
82
81
57
104
79
80
83
82
83
79
78
81
83
83
84
82
80
79
81
83
85
82
80
80
81
83
83
82
79
80
80
81
84
82
80
78
80
80
83
83
84
80
79
80
83
83
82
79
79
80
81
82
81
81
79
79
79
82
83
82
80
78
80
82
82
82
79
80
79
81
82
83
81
79
78
80
83
83
82
80
79
80
81
82
83
80
80
79
80
83
83
81
79
79
80
83
82
81
80
79
79
81
82
82
81
79
79
79
83
83
82
81
80
81
82
83
84
82
78
80
81
84
82
82
79
79
79
83
82
83
82
80
79
80
83
82
81
80
77
78
79
81
79
77
77
78
82
82
81
81
78
78
79
80
81
79
77
77
77
80
81
82
83
77
77
79
81
82
82
78
78
78
78
81
81
81
79
77
78
82
82
81
78
77
77
80
82
81
80
78
76
77
79
81
82
80
78
79
79
81
81
80
79
77
79
80
83
80
79
77
78
80
81
82
81
79
78
79
80
83
81
79
78
79
81
82
83
80
79
78
80
82
83
82
80
77
79
80
81
81
80
79
79
80
81
82
81
77
78
79
79
82
81
79
78
78
79
81
81
81
79
78
78
80
82
81
79
79
78
78
82
83
80
77
78
79
81
80
81
80
79
77
79
81
82
80
48
86
50
111
91
90
80
78
78
78
79
81
80
77
77
77
78
81
81
81
80
78
79
81
82
80
79
77
79
82
82
81
80
79
76
79
80
83
83
79
79
79
79
82
80
79
78
77
78
78
82
79
83
77
78
80
82
77
85
78
78
78
80
83
80
78
77
80
80
81
81
80
77
78
79
81
81
77
83
77
78
78
84
81
81
79
79
79
81
82
83
75
82
79
81
82
83
78
81
79
80
82
83
82
81
77
80
81
83
82
80
80
78
81
82
82
82
78
76
80
82
82
82
78
80
78
80
82
82
81
79
78
80
82
79
53
61
53
63
71
68
66
46
50
86
87
98
64
49
73
94
63
69
79
70
96
62
73
91
61
77
75
60
70
70
60
75
72
52
73
81
77
60
71
75
60
54
86
80
77
68
62
72
71
71
61
69
64
101
65
54
93
82
74
77
51
51
73
69
56
100
53
83
74
65
80
70
73
59
77
70
66
69
69
65
73
79
65
66
72
77
68
82
74
74
91
85
88
67
89
102
70
71
82
75
76
118
74
78
65
94
89
105
70
76
66
74
76
75
77
85
75
65
66
67
50
88
79
72
71
71
77
51
122
72
62
62
64
61
73
73
79
55
53
85
102
77
74
101
50
54
68
98
81
75
65
74
69
69
62
68
82
82
96
70
72
55
74
95
100
51
79
63
68
69
71
86
80
67
72
68
75
106
70
64
62
69
77
72
71
70
57
65
76
66
66
76
67
101
72
101
75
95
65
72
63
70
71
64
62
79
52
53
44
70
71
75
73
97
77
81
79
77
70
65
52
68
66
63
82
83
63
99
63
68
65
75
76
75
73
67
76
102
57
65
72
70
68
89
72
68
76
74
74
76
74
53
84
68
51
91
75
112
56
75
48
52
49
49
53
96
70
58
71
91
105
51
55
51
47
66
69
73
76
102
75
59
85
78
79
72
81
85
73
72
76
54
95
54
76
70
70
73
52
77
62
83
60
67
70
70
74
88
67
68
87
84
91
64
66
68
67
88
69
54
95
102
78
72
61
54
51
47
50
60
61
76
73
55
62
53
96
55
93
74
105
65
93
79
92
75
74
90
76
71
68
67
88
72
73
76
73
78
70
58
89
72
105
99
74
70
65
72
64
89
71
79
71
72
99
78
92
75
69
73
73
76
76
74
77
70
71
65
102
75
74
74
70
76
68
70
80
74
71
79
60
86
70
73
79
96
72
72
68
68
75
81
76
62
60
82
83
54
92
53
97
64
81
68
71
68
65
68
65
99
60
87
64
54
55
62
68
90
78
77
90
102
69
70
68
83
69
55
71
76
66
69
97
60
88
101
64
65
82
61
84
71
77
69
66
70
76
90
76
77
70
73
64
60
66
80
78
62
83
73
118
89
72
67
60
76
64
77
82
71
67
79
69
93
75
73
77
64
71
73
72
72
71
59
63
60
60
92
73
77
72
61
69
64
66
106
61
90
96
71
91
70
66
66
71
68
74
67
58
62
77
65
92
71
70
61
65
68
72
66
61
65
96
66
77
73
72
52
104
58
73
78
122
63
46
84
124
93
89
78
76
80
72
60
95
91
63
87
66
70
60
69
67
65
59
73
81
58
76
70
66
82
69
61
60
67
63
103
59
76
71
58
64
74
70
73
78
67
104
79
72
72
79
86
69
57
85
76
79
77
78
71
69
96
77
87
77
67
85
68
84
88
96
85
72
64
67
66
85
58
85
66
90
84
92
56
93
66
66
98
69
71
74
66
94
93
93
77
71
70
60
63
61
66
72
64
85
70
72
53
70
67
77
73
94
62
68
68
76
72
96
98
121
68
52
80
63
78
78
63
73
92
72
75
71
68
92
76
66
64
73
83
65
127
71
66
78
96
99
87
86
64
115
59
63
87
93
72
54
125
87
87
85
85
87
88
86
84
85
85
88
88
87
86
84
85
88
88
86
84
84
85
87
87
87
83
84
84
88
87
86
83
84
85
86
87
85
83
83
84
86
87
85
84
82
84
85
87
85
84
81
84
85
86
85
83
84
83
85
87
86
84
82
83
85
87
86
84
82
83
84
86
86
85
82
83
84
87
87
83
82
82
84
85
86
84
82
81
83
84
86
85
83
82
83
85
86
84
83
81
82
84
86
86
83
81
83
85
85
86
84
84
83
84
86
85
84
82
82
83
87
85
84
82
82
83
85
86
85
82
82
82
84
86
85
82
81
83
85
86
85
83
81
81
84
85
86
83
81
82
84
85
85
84
82
81
83
85
86
84
82
81
82
84
85
85
82
81
82
83
85
86
84
81
81
84
86
85
84
82
81
84
84
86
84
82
80
83
85
86
84
82
82
82
84
86
85
84
80
82
84
86
85
82
82
81
83
86
86
84
81
81
83
85
86
85
83
81
83
83
85
85
82
82
82
85
87
85
83
83
81
85
87
86
84
82
81
84
85
86
84
83
81
84
86
86
84
81
81
82
85
85
86
82
82
83
84
87
86
84
82
83
85
87
86
82
80
82
85
85
86
83
80
81
84
86
86
84
82
81
83
86
86
83
81
80
81
83
85
84
82
80
81
83
85
85
82
80
80
82
83
83
81
80
79
80
82
84
82
80
78
80
81
83
83
81
79
78
80
83
81
81
81
78
80
82
84
82
80
80
79
82
83
84
82
79
80
81
84
83
84
80
80
81
83
84
82
80
80
80
81
83
83
81
80
79
81
82
84
83
81
80
81
81
84
84
81
79
79
82
83
84
81
80
78
81
82
84
83
80
80
81
82
83
84
82
80
80
82
83
84
82
80
79
81
84
84
83
81
80
81
82
83
84
82
80
81
83
85
83
82
80
81
81
84
85
84
81
79
81
84
85
83
82
81
81
83
84
84
82
80
81
83
84
84
83
81
79
82
83
85
83
82
81
81
83
84
85
81
80
81
83
84
84
83
80
81
81
85
86
83
81
80
82
83
85
84
82
81
80
84
85
84
82
80
81
83
85
84
83
81
80
82
85
85
84
81
81
81
83
84
84
82
79
81
83
86
84
82
80
80
82
85
84
84
81
80
81
83
85
84
81
81
82
83
85
84
82
80
81
82
85
85
84
80
81
82
84
85
84
83
80
82
85
86
84
81
81
81
84
84
85
82
81
81
81
85
85
84
82
80
84
85
85
83
82
80
81
84
85
85
81
80
80
83
85
85
83
81
81
83
84
85
82
81
80
83
84
84
83
81
80
81
83
85
85
82
80
81
83
85
84
82
82
81
82
85
85
82
80
81
82
84
84
84
81
80
82
83
85
84
83
80
81
84
86
84
82
80
81
83
85
84
83
81
81
81
84
86
83
81
81
83
84
84
84
82
80
81
82
85
84
82
80
80
82
84
84
83
81
80
81
83
84
82
80
80
81
83
84
84
81
80
80
82
84
84
83
81
79
81
83
85
82
81
80
82
84
84
83
81
80
80
82
84
85
83
80
80
81
83
85
82
80
80
81
83
83
83
81
80
80
82
84
84
83
80
80
81
84
84
83
81
80
81
84
84
83
81
81
81
82
85
84
82
80
80
82
84
85
83
81
80
81
82
86
83
81
81
82
83
84
84
81
80
81
82
85
85
83
79
80
81
85
84
84
81
80
82
83
84
84
82
79
80
83
85
85
82
80
80
82
84
84
84
81
81
81
84
84
82
82
80
81
82
86
84
82
80
80
82
84
85
82
80
81
81
83
83
83
81
80
81
83
85
83
82
79
79
81
84
85
82
79
80
81
83
84
82
82
81
81
84
83
84
81
81
80
82
85
84
82
80
80
81
85
84
83
81
81
82
84
83
83
81
79
81
83
85
83
81
81
80
82
84
85
83
81
80
81
84
85
83
80
80
82
83
85
83
81
80
80
82
84
83
82
81
80
80
83
85
83
80
80
81
84
85
83
81
79
82
83
84
83
82
81
81
81
84
84
83
81
81
81
83
84
83
82
80
80
83
84
83
81
80
80
82
84
84
83
81
79
81
83
85
83
80
81
80
84
84
82
82
80
80
82
84
84
82
80
80
81
84
85
83
80
80
82
83
84
83
82
80
81
82
84
84
83
80
80
81
84
84
82
80
80
82
82
84
83
81
80
81
82
84
84
82
79
80
81
84
84
82
80
80
81
84
85
82
81
81
82
82
85
84
82
80
80
83
84
84
83
80
79
82
84
85
82
80
80
81
84
84
83
82
80
80
82
85
85
82
80
80
83
85
84
83
80
80
82
85
85
83
81
80
82
84
85
84
81
81
82
82
84
84
83
82
80
82
84
86
82
81
80
82
84
85
83
80
80
80
83
84
84
81
80
81
82
83
85
83
81
80
82
84
85
84
82
79
81
84
86
84
82
80
82
82
85
85
83
81
81
82
84
85
84
80
79
81
84
84
83
81
79
81
82
84
85
81
80
80
82
84
85
82
80
80
81
83
84
83
81
79
80
83
84
84
82
80
79
82
84
85
81
80
79
82
84
84
82
82
80
81
82
85
84
82
80
79
82
84
84
81
80
79
81
83
85
81
80
79
81
83
84
83
81
80
79
81
83
83
82
80
79
80
83
85
82
80
78
80
82
83
83
81
78
79
81
84
83
82
80
80
81
84
83
83
80
80
80
81
83
84
81
79
79
81
84
84
82
80
79
81
83
84
82
81
79
80
81
84
84
82
79
79
82
84
85
82
79
80
81
83
83
83
81
80
79
82
84
83
82
79
80
81
84
84
82
79
80
80
83
83
83
80
80
80
82
83
83
81
80
79
80
83
84
82
80
78
81
82
83
82
81
79
80
81
82
83
81
80
79
80
82
83
83
80
79
79
81
84
83
80
79
80
81
83
83
81
80
80
80
82
83
83
80
79
80
83
83
82
81
80
79
80
83
83
82
79
79
81
83
83
82
80
80
80
82
83
83
81
80
78
81
83
84
83
80
78
81
83
84
83
80
79
80
83
84
83
81
79
80
81
82
83
82
80
79
80
81
84
83
80
79
79
82
83
83
82
80
79
80
82
83
83
80
79
79
82
84
83
81
79
79
81
83
85
81
80
79
80
83
84
82
80
80
79
81
83
83
82
79
78
80
83
84
80
80
79
80
81
82
83
81
79
78
81
82
83
82
79
79
80
82
83
82
80
79
79
81
83
84
81
80
78
80
83
84
82
80
78
80
82
84
82
81
80
80
82
84
84
83
80
79
81
83
85
83
80
80
80
82
83
83
82
79
80
80
83
84
82
80
79
80
83
84
83
81
80
79
82
84
83
82
81
79
81
84
84
83
80
79
80
83
83
83
80
79
80
83
83
84
81
81
79
82
83
85
83
80
80
81
84
84
83
81
79
81
83
84
83
81
80
79
81
84
83
