-234879541
-236246353
979
497
837
1001
-261660
1013
497
1011
1013
1009
1011
1007
1008
2009
1008
1495
1008
1487
496
1487
1489
496
1497
1008
1501
501
501
5012
5499
1008
1999
1999
1491
1008
-201325330
1023
1001
271
542
1001
785
1056
1003
787
1058
1005
286200060
286200331
1
293
4138
1005
420418310
420418581
1007
420417790
1009
271
1013
271
1017
256
5
271
1009
271
1009
740172529
740172800
1005
787
1058
1003
789
1060
1003
959262938
1009
271
1011
271
1009
783
1011
271
1009
271
1011
271
1009
783
1009
303964397
1007
271
1009
271
1005
271
1011
271
1009
271
1009
84873472
1009
271
1017
783
1023
265
256
3
265
768
1019
1534
2557
2813
271
1007
-402652273
-402651270
1015
496
1499
-527106
1011
271
1011
271
1019
271
1019
271
505
2029
256
7
261
768
489
329761
19
257
768
1017
256
17
793
256
23
257
1017
768
1019
256
7
783
3
807
256
17
789
768
29
777
256
23
277
256
19
768
11
771
256
15
777
768
1023
9
773
768
501
768
15
777
489
1008
1493
496
1495
1008
1499
483
491
496
1501
-267317275
-267316798
1003
496
981
1008
1503
1008
1497
-535157310
-535156831
-267316265
-267315772
-267447849
-267447364
-267579941
-267579452
-267447849
-267447350
2009
-267579425
-267578432
1008
2017
1008
1505
505
487
1008
1493
1008
2003
496
1487
1008
1495
1008
1497
1008
1499
1008
1497
1008
2003
483
1009
355
989
801
5284
1445
1471
937
919
941
951
951
939
1008
1463
1495
1471
1497
1287
483
17
503
784
21
781
272
23
287
272
31
789
272
9
807
327
335
323
851
337
345
347
893
784
49
1155
53
897
784
37
387
321
413
829
389
295
909
299
929
295
401
805
399
807
401
297
395
305
399
787
923
784
13
389
803
371
784
13
913
272
13
391
291
897
784
23
901
403
377
321
1632
1144
999
287
5
405
821
903
405
1792
768
1141
256
117
799
961
410
273
383
784
11
887
817
369
272
49
873
821
1184
1686
613
49
347
791
327
837
877
791
327
811
321
817
861
67
1744
953
355
936
13
1215
800
275
499
272
59
811
5
467
119
271
907
842
79
485
1253
31
79
1017
256
1009
287
1019
985
281
447
857
1015
2545
1277
1013
957
795
885
829
593
33
1150
2061
459
1781
855
273
829
256
57
1097
3300
3693
1375
496
385
1383
2420
6944
7965
8756
9539
1005
319755012
319755795
1003
420417784
420418055
1003
793
1064
1003
319755012
319755795
1005
783
1011
783
1013
271
1013
783
1007
724381910
724382181
999
787
1570
1007
785
1056
1005
783
1566
997
277
768
140
771
1882
767
1005
17765112
17767107
496
1479
1489
2031
2302
1007
781
768
501
1360
1015
271
1017
783
1003
271
1005
286200068
1007
271
114
1367
1519
1013
1023
1017
495
507
1001
2024
3032
3523
1008
1493
975
496
1489
496
1489
-132131
-131118
1017
-530946612
-530945609
-267778124
259
530
993
771
1042
1001
259
1042
1001
773
1781
2782
496
1497
-267713564
505
1017
501
-268368425
-268367642
1021
769
503
1023
1508
1008
271
1008
2005
496
987
505
507
-1707791
749
2048
1008
1325
-391884
-391373
-390064
1107
1019
2572
2363
496
987
-268237583
241
1249
821
2323
2003
496
1497
-268236827
301
1303
-267184662
1023
256
3
771
256
1023
1
271
1019
271
1023
2046
2881
3904
511
989
1483
1995
1489
496
981
1008
1499
-536213054
-536212563
1008
2016
2501
1008
1491
496
1279
507
2545
-33612867
496
1485
1487
1008
1495
1008
2031
3040
-33553445
-33553174
271
759
3060
-656914
-655906
-654889
271
1015
271
1013
271
1013
783
1011
271
1011
271
1009
271
1011
1019
507
496
775
997
496
1503
1013
-839649408
-839648897
-839648114
1015
271
1013
783
1011
271
1013
271
-254617237
2329
3098
3105
2352
830
271
1011
271
1011
271
1011
271
1013
271
1011
783
1011
271
1011
271
1011
17764606
1009
783
1011
271
783
69
1312
1008
511
998
1008
1999
1485
969
1519
2943
542
1005
783
1013
783
1013
271
1015
271
1015
271
1015
271
1015
271
1015
271
1011
271
1013
271
1013
271
507
505
931
1056
1007
271
-266394665
-266394178
1008
2013
1017
-1972769
1348
802
-1677720656
-1677719651
274420615
73095019
73096027
73096516
1008
2015
501
1021
-67108094
1009
-31641456
1013
271
1017
271
1015
271
1013
3234
1008
1997
971
1483
496
1493
1008
-638189874
1015
495
-130082
-129595
1008
2003
496
1491
1008
1499
-267974674
1300
-907809604
977
621744386
1011
271
1013
271
1013
271
1013
271
1013
783
1011
783
1011
783
1011
1008
509
507
507
1015
1019
505
1013
499
-267709477
-267708478
496
977
1008
2009
-267448342
-4601347
1008
2011
1015
267872878
1278
1773
783
1021
1023
1019
1023
266801650
429
800
496
783
19
2362
1115
1011
783
1009
271
1011
271
1398
1044
995
783
-533187111
1021
256
-2630027
995
783
1015
783
1015
783
1015
783
1017
271
1015
271
1017
271
-704642857
2321
-253723295
495
1008
1493
1008
2003
496
979
496
1503
1015
-503315485
-503314988
501
507
507
1023
2006
977
1008
2007
-269751078
1017
271
1015
783
1017
271
505
271
1015
271
1015
271
1013
271
1013
783
1013
271
1013
271
991
1008
1279
1015
783
1017
271
1017
271
1017
783
1017
271
1017
783
1017
783
1015
783
-787204
55
1308
1008
495
-267841573
-267841090
1008
2003
1008
1493
1008
2017
503
509
-167771182
-167770175
-920600
1021
-1313300
-1312799
1021
1021
271
271
1017
271
1015
271
1017
783
1019
271
1017
783
1017
783
1017
271
1015
271
1015
271
1015
271
511
1524
783
1013
271
1011
271
1011
-656938
501
505
1017
1017
1015
505
1015
1017
1013
505
1015
1021
885
2820
271
1015
271
1013
271
1017
783
475
1491
496
767
1017
271
-267578405
-267577920
1008
2003
1008
1499
503
509
1013
497
-267710505
-267710014
501
511
256
1023
1023
1017
271
1015
271
1015
783
1017
271
1017
271
1017
271
1021
271
1021
1021
271
1021
271
771
256
5
769
768
3
1305
2384
3381
496
983
-267843088
505
-1183505
13
773
768
511
995
496
1505
1017
507
1023
1496
496
983
496
1503
768
1023
271
1021
271
1021
783
1021
271
1019
271
503
505
1023
771
768
1023
259
256
1
257
768
1023
1021
521
1032
1013
271
1015
271
1017
271
1015
271
1017
271
1015
271
1015
271
1015
271
1017
271
1015
783
1019
491
1015
271
49
1822
2351
1008
1497
-268171928
1091
1003
779649141
1011
1009
-266262051
-266261054
496
981
1008
2011
1013
271
1015
271
-4209522
1007
256595353
1013
495
-267184167
-267183170
496
989
-267843102
1008
2009
1008
2005
1008
1487
496
1493
1008
1503
503
271
1019
271
1011
271
1011
271
1011
271
1009
783
1009
271
1009
783
1011
271
1007
783
1009
271
-303830597
-337384541
496
983
-268041762
503
-269620497
2036
496
1019
1253
781
1354
497
1995
1491
1008
2017
271
1007
51319552
1007
783
1009
271
907
496
841
1510
496
979
496
1487
496
1499
-267711506
1009
271
-1184307
1015
1017
1011
271
503
1839
1330
-268434446
-268433945
1019
505
991
1481
1997
1008
2005
1008
69084366
1378
483
496
1491
1008
1505
1015
-1052713
-1051728
1491
496
1501
499
-1051672
-1444399
-1444142
256
1
257
1009
271
1011
271
1013
271
1013
783
1013
271
1011
271
1011
271
1013
271
1011
271
1013
271
1015
1280
999
271
1017
271
1019
1008
1499
496
1493
496
1503
-1184015
3
271
1015
271
1017
-2364002
1013
1019
271
1009
783
1007
271
1009
271
1009
271
1011
783
1011
271
1011
51319552
1009
271
491
1514
1988
496
1497
-267842574
1009
495
1008
2009
1008
2015
503
1021
1015
271
1011
783
1009
271
1009
271
1007
53293786
1007
271
1009
271
483
496
989
503
503
271
271
-436206647
-436205164
1008
1495
-1050661
-1050390
1003
84873972
84874243
1003
-31578965
-1449023
1511
1002
-131328
1023
2016
219152857
219153344
1008
1999
496
1493
496
1503
1015
-1841741
-1841234
-1447484
-739644038
-740827802
-875044548
-267711510
507
-301988899
-301987890
271
1009
171782585
921
544
1005
1005
496
1497
-267578902
-1051672
-1051176
-1050687
-268238076
783
1003
51319532
51320315
1001
257
528
495
-1708069
-1707600
981
1008
-2414387
429
1009
279
1504
1017
1011
271
2050
2363
3386
3885
1011
271
1013
497
-267841575
-267841082
501
17764606
1007
271
1009
17765328
17766337
503
307
1008
331
1534
2543
1008
1504
1008
1499
499
499
1528
1019
783
271
1013
271
487
1008
2017
1015
1019
989
496
1495
-267974678
505
501
501
507
496
989
505
999
496
1495
1008
1503
501
496
981
1008
1491
1008
2005
-267712022
509
-1051687
-1050674
17765098
17765369
1003
257
528
975
496
991
499
271
1013
783
1011
783
1011
271
1013
271
1019
256
7
257
768
271
1009
988
2005
1008
1501
503
1
769
768
3
259
256
1023
257
256
1023
259
256
1023
1023
-201589079
-525330
-524839
1009
1015
271
1011
783
1007
17765322
271
-100662585
985
797
1580
1013
507
1019
990
496
981
-267842070
507
1019
507
503
1017
505
745
1753
795
1008
505
-1442840171
999
-268236840
1008
2015
1019
503
499
501
-302966034
1441
-2367251
-2366754
1013
1017
532
1003
84934910
2368
790
-1448495
-1447480
1019
1008
2013
499
1019
1019
271
479
1493
496
1501
503
507
509
1015
783
1294
1003
17764586
17764857
1001
771
1042
1040
1001
783
1011
118428416
1009
783
1009
271
1017
509
256
7
261
256
507
501
501
271
271
1015
271
1017
783
1017
1021
783
1021
271
1008
1503
1013
1021
509
-201325591
-201325320
963
291
1074
1007
-1241513053
-1243880070
-1243879559
-1243879552
771
497
1013
1023
256
5
769
256
1
509
1005
1019
271
1017
783
1017
783
1019
271
1019
1021
1021
-526082
1001
185536766
1005
783
1009
35590383
1005
-149945449
271
1019
271
1017
783
1017
271
1015
783
1015
783
1013
271
1015
271
1015
783
1017
271
1015
271
1017
783
1019
783
1019
783
-1051714
1013
1023
2042
1019
1019
1015
1019
503
1017
503
505
503
505
1023
1294
1015
783
1017
271
1017
271
1017
271
1017
271
271
1005
2036157
2036658
503
1011
1013
501
1001
-267974676
-1510054
1013
1015
503
-64045
-63022
-62001
1011
271
1009
271
1009
783
1011
783
1011
783
1023
-8288442
-142505916
1017
271
1015
271
1015
783
1519
3662
1336
511
1518
2878
2330
1019
507
503
1017
1015
505
503
1017
505
505
505
1019
511
873
1528
751
301
1008
496
1491
496
1503
1015
1019
1017
2572
1344
1009
507
511
1013
1518
1938
2893
1580
995
777
-436205866
-436205359
-3472454
496
981
-267973138
1023
1532
1017
-2103847
-2102840
-2102355
1008
1505
507
271
1001
783
-393505
496
1503
503
507
496
-1842749
271
783
1011
271
1009
271
1009
84873468
1007
271
1007
17766142
-267447316
1021
783
1021
271
1021
783
-920086
-919303
1009
783
1009
154018233
2345
501
509
-786678
-786251
1009
265
767
1009
271
1009
271
1009
271
1011
783
1009
271
1011
271
1009
271
1009
-13815649
1019
256
511
289
560
1005
783
731
1310
487
998
1503
491
-532
-307513550
542
1007
271
1011
271
1011
783
1015
271
997
496
1505
503
509
507
1021
1019
1017
271
1015
271
1015
-337121347
-337120358
797
1580
1023
1532
-9600739
1017
503
1015
1013
501
1013
501
499
1017
509
937
1058
997
783
-642532725
-642531702
-642530694
271
1009
-255035794
271
1009
271
829
505
503
505
503
1015
503
503
501
1015
1013
1015
499
505
501
1015
501
507
1021
767
-269289043
1013
1013
51
1009
791
1348
381
1008
507
1019
505
1019
505
1019
1015
1017
505
505
1015
1017
1015
503
1015
1017
1015
1017
503
509
511
1005
766
505
507
505
1009
779
2460
542
1007
151982334
1011
271
1009
271
1011
271
1012
1005
771
1784
1023
511
782
1019
271
1017
271
1019
1019
1021
1019
-1140850321
-1140849810
-1140848797
503
499
503
1013
503
1011
1013
499
501
271
1009
1005
271
1011
783
1009
271
1011
271
1011
503
505
509
507
-33554193
483
496
985
-267843606
1021
505
437
497
259
1008
1321
496
835
511
-2631211
-2630188
-2629179
271
479
496
1499
-268105236
-254518694
503
1015
271
1013
783
1015
783
783
227
723
3
1026
511
1018
-656657
509
1023
1534
2015
768
1008
2056
1008
505
507
505
507
1
769
15
2382
-62972
271
1009
271
1009
271
1005
1450737749
1007
783
1007
102637805
1011
271
7
1035
1888
1595
1005
271
1005
185537272
185538055
1003
775
1046
1003
118428396
118428667
1003
259
530
271
1017
271
1023
257
1011
783
1013
271
1013
783
1013
783
1011
271
1009
271
1009
271
1007
675037889
675038160
1005
17826046
1007
773
1044
1001
779
1050
1003
781
1052
1001
777
1048
1007
271
1007
265
1048
5
527
1888
2139
2410
999
275
546
999
783
1054
1001
269
1052
999
265
536
1001
265
536
1001
257
1040
1013
271
981
1479
1989
1479
1477
1993
1991
1993
1993
1485
1483
955
1471
1469
1987
1479
963
1479
963
3986
955
1977
1971
1459
1465
1989
1481
1483
1481
969
967
1481
967
1483
1993
1995
1481
1997
1483
1997
1485
1485
1485
1485
1483
1485
971
973
1483
975
1997
1999
1487
496
1491
1999
496
977
1008
1489
496
983
1008
1497
-266002471
-266001488
969
1477
1995
1479
1995
965
1989
1983
2991
123
1146
975
1991
969
1485
1477
1481
1989
1973
1461
1463
1465
1465
1979
955
1469
955
1469
1467
955
1461
1459
1967
955
1477
1999
496
1489
1008
1491
1008
1493
496
983
1008
1495
496
987
496
1497
496
1497
496
985
496
989
1008
2009
1008
1497
496
1495
496
987
1008
2011
1008
2011
1008
2011
1008
1499
1008
1499
1008
1499
1008
2009
496
987
1008
1499
1008
1499
496
985
1008
2011
1008
1499
1008
1497
496
983
1008
2011
1008
1501
-267447332
-267842120
1008
1487
2489
1477
1479
909
496
919
1923
1405
1008
395
1395
1401
1008
915
496
923
911
1935
909
913
1423
1423
1423
1423
1935
1423
1933
1935
1425
1937
1421
1939
1939
496
423
1008
421
921
1435
923
1945
1437
1437
1951
1439
1443
1445
1451
1967
1969
925
1445
1439
1453
941
1453
1453
1969
1471
1917
1803
2877
989
1080
991
807
1078
995
813
1084
985
570
979
556
977
1068
971
556
969
1590
971
1588
971
1076
975
1076
973
1074
21
1063
2697
977
572
973
572
975
1086
973
572
971
1592
971
1084
969
568
969
1082
969
1080
967
1592
969
568
967
1078
969
564
971
1588
971
1078
971
564
971
560
973
1076
979
568
989
1084
993
1596
979
1592
975
1066
975
1068
971
556
971
564
971
1078
973
1076
977
1076
979
1586
1015
856
768
3
285
256
3
295
768
5
309
257
319
1791
1800
1798
1794
1794
4650251046
4650252832
357
628
1003
869
2141
873
2657
363
1633
363
2143
365
2143
369
2147
879
2659
369
2143
2139
2653
2653
2137
2139
2139
2137
2647
2133
2645
2645
2131
1619
2137
2145
646
989
2139
638
977
1603
2619
1599
2113
2117
2633
1654
965
1656
86
847
2255
1752
2095
2091
1581
2095
2605
2097
2103
1597
1589
1589
1587
2611
2099
1583
2099
1589
1589
2099
1589
2609
2097
1579
2093
2087
2599
2599
1577
2085
2599
2085
2089
1575
1575
2085
2085
2085
1608
989
821
1604
999
825
2609
957289709
823
1606
999
805
1076
999
295
1078
997
289
560
995
807
1590
995
293
564
997
805
1076
1001
588189966
588190749
1015
1337
1872
1461
1463
1461
947
1465
1977
1467
957
961
1475
1483
1483
1008
1495
1008
2007
1473
1790
997
285
556
997
279
550
995
281
552
995
795
1066
997
285
556
995
793
1064
995
797
1580
997
283
554
997
793
1064
997
791
1574
995
795
1578
997
281
552
997
795
1066
997
789
1060
997
793
1576
997
277
548
1001
277
1060
999
271
542
1007
783
1011
783
1019
783
1019
271
1015
2894
1449
939
1453
1965
1457
1969
947
1459
1463
951
1983
1471
1475
965
1993
1997
1487
496
979
1008
1499
-265736218
487
1008
2015
-534897699
511
991
1060
989
1060
987
1056
987
1056
987
1050
987
1564
985
538
987
536
987
1046
987
1048
989
532
989
1044
991
528
395
1417
901
1008
411
1411
1925
1409
1008
399
1008
907
496
397
1008
393
1399
1393
1393
1389
496
381
1008
375
496
887
867
1377
859
1883
1881
1008
361
1008
851
25565
1005
-1679479634
1327
3178
1333
819
821
5679
1843
1331
1337
827
1855
831
1345
1347
1331
1166
1581
1698065812
1698066894
953
1088
955
1086
961
1092
951
1604
941
1072
943
1078
941
568
937
1086
937
817
783
937
1090
939
1600
943
2043
847
256
683
1634
949
1140
949
1138
951
628
949
1138
951
628
951
2601
628
949
2087
1140
947
2085
2601
2087
2087
2597
1573
2087
2087
2597
1575
2083
2083
1577
1652
957
1140
965
2617
1142
955
2081
2593
2071
2077
2591
1563
1569
2583
676
2238
496
1142
961
1652
961
1138
963
2615
2615
2613
2101
2615
2101
2611
1585
2615
2615
2101
1589
2103
1589
2101
2099
2611
2099
2619
2627
2125
2115
2107
1577
1579
2089
2093
2093
2097
1579
2651
95
768
1407
783
991
1094
991
821
1604
997
307
1090
995
309
580
991
815
1598
997
307
578
993
301
572
995
305
1088
997
293
564
997
813
1596
1005
755962112
1013
271
1011
621744906
621745177
1003
293
1076
1001
285
1068
999
301
572
997
297
568
999
301
572
1001
789516570
789517372
1589
4483
783
1011
-3823230223
1009
783
1007
-3789675793
1007
1278
-1861282940
-1861281658
783
1015
1798
1003
883
2155
877
2663
363
1146
1001
867
2141
865
2137
2753439466
1800
1794
1284
783
1013
271
1013
271
1011
271
1013
783
1011
271
1011
783
1009
271
1011
783
1009
271
1011
271
1009
271
1013
271
1013
271
1011
783
939
1433
1431
1008
933
496
423
496
931
496
933
496
931
496
421
496
931
496
419
1423
1425
1423
1423
1419
1008
925
1008
923
1419
496
921
496
413
1008
919
496
409
1925
496
409
496
917
1927
1923
901
903
496
407
1419
496
919
1008
899
1401
1905
496
909
496
907
1008
397
1008
905
496
393
2687
277
1265
2747
1008
379
496
895
891
496
401
496
411
1008
923
907
1008
411
911
909
1939
913
1937
1935
1427
1425
1937
1427
915
1423
1941
913
1427
1429
1427
496
929
1937
1937
1008
931
1008
931
496
937
496
419
1008
429
923
929
929
1425
915
1939
1483
971
2372
496
1499
501
1007
1820
757
768
11
265
768
9
771
768
7
263
768
5
261
768
5
775
768
3
773
256
5
263
768
5
261
768
7
773
768
9
261
256
11
261
256
11
771
256
11
261
256
7
259
768
9
261
768
7
771
768
7
771
768
7
769
768
7
259
768
7
259
768
7
261
768
1023
256
7
259
768
7
769
256
7
259
256
5
257
256
7
259
256
1023
256
7
769
1021
9
769
256
511
256
67
3382
1879
783
256
25
795
768
19
297
768
17
811
768
13
305
256
11
821
768
9
825
261
317
773
835
775
837
775
843
263
331
777
849
775
851
261
857
259
859
769
861
1277
783
1017
1288
1788
903
1686
1003
901
2167
2157
395
1178
993
393
2167
1176
991
389
2165
389
2169
903
1751
385
2714
1621
1615
1140
983
2121
1603
2625
845
2625
849
2121
857
2639
351
2131
863
2641
349
2125
345
1609
2631
339
2115
339
2119
335
1605
847
2631
841
2115
2250121495
2250123281
827
2099
990843170
990843953
1001
821
1604
1001
305
576
1001
815
1086
999
299
570
1001
295
1078
1001
289
1072
1001
803
1074
1003
797
1068
1003
795
1066
1003
1229672630
1013
271
1015
783
1023
259
768
1021
496
919
1411
1411
1405
1008
911
496
397
496
909
1008
903
496
905
496
903
1911
883
1395
1393
881
1008
381
1008
383
496
381
496
381
1008
889
1008
381
1008
891
1008
895
1008
895
1393
496
371
1379
1373
871
1383
1383
1381
1383
1901
1008
853
644
1551
1488
923
1008
923
1008
413
1421
909
1935
1425
1423
1939
1425
496
931
496
931
496
423
1008
423
1008
423
1008
423
923
1945
1435
1945
1437
1437
2485
2493
1485
1489
496
1489
1008
1491
496
1497
1008
2013
-534239281
501
503
507
507
983
1591
2101
2609
1585
2095
2089
1577
1608
995
313
2093
831
2101
329
2105
333
2109
337
2109
1591
2103
2101
2101
1589
2103
2615
331
1591
1591
2613
2607
1581
2603
1575
1571
2083
1569
1094
985
576
985
1090
985
576
987
1088
987
570
987
572
987
1592
989
1078
987
562
991
805
1588
997
805
1076
1003
621744912
621745183
999
797
1068
993
267
1050
993
1562
985
1048
985
1566
987
1050
989
536
991
259
530
989
773
1044
749
1023
127
612
1008
1497
496
985
496
1463
2075
1559
1565
2077
2083
1577
2611
2615
2617
2099
1589
2101
2101
2105
2107
2111
2625
1597
1595
2107
2613
2099
2099
2097
2607
1579
2605
1579
2091
1577
2601
2087
2085
2597
1575
2091
1585
1591
2103
2089
2069
1094
973
1090
969
1096
971
582
971
1602
975
1088
979
572
981
833
256
971
1329
2008
574
987
1596
989
1080
987
1074
989
291
562
989
556
991
556
989
1062
991
277
548
989
1056
991
542
991
1558
991
769
1692
919
919
496
419
496
419
1685
2693
127
1086
1453
1967
943
1971
1459
949
1973
1465
1463
1467
1979
1469
1467
1985
961
1989
1477
1479
1483
1489
1008
2005
1008
1495
959
1481
995
1009
1011
-1072949846
-1072949359
496
987
1008
1493
1008
2005
1008
1491
1008
2003
496
977
496
1487
1997
1487
1995
1995
967
1481
967
1485
967
1973
1973
1459
1463
1973
1459
1459
943
3346
3826
3933
4918
5429
419
1427
1008
427
935
1453
1457
1457
947
1459
1463
1463
1469
1469
1469
1981
1475
1473
1477
965
1993
1483
1997
973
496
977
496
979
496
983
496
985
1008
2013
-268236832
1009
503
503
1019
1021
768
11
775
768
15
267
256
17
271
768
3
261
1009
1282
1282
1794
1280
1280
1794
4466688245
4466689517
323
1595
1158615342
1158617124
839
2109
325
2109
841
2625
327
1599
333
1599
331
1601
333
1601
847
2123
1427051761
1280
857
2125
839
2105
2107
843
2105
2115
2117
1603
345
1609
343
1617
881
2778
271
1017
783
1019
271
1019
783
1019
271
1019
283
256
1023
791
768
3
277
768
5
783
256
9
273
256
11
273
768
19
273
768
21
781
256
505
503
497
499
497
-268235811
-268234808
496
981
1008
2523
2900
1009
145
652
1981
973
1487
1999
496
1487
496
1487
496
1491
1008
1489
496
979
496
1487
1008
2003
1008
2001
1008
1491
496
1489
1008
2003
496
979
1008
2003
496
977
1008
2005
1008
1491
496
1491
1008
1491
496
979
496
1491
496
1493
496
1491
496
983
1008
1495
496
1501
1008
1501
1009
-267185736
1008
1485
979
1008
1493
1008
1495
496
979
496
983
496
979
1528
949
1973
1973
1973
1459
1463
1461
1461
1459
1600
1003
321728728
1009
136192737
136193008
1003
257
528
1003
257
528
471
1477
1477
1473
1479
965
1483
1987
1459
1459
939
1455
939
2524
353309442
353309713
1005
791
1574
999
279
550
999
797
1068
999
795
1066
999
797
1580
995
285
1068
997
801
1072
997
801
1072
997
803
1074
993
803
1074
997
295
566
993
803
1074
993
566
993
295
1078
995
809
1592
999
303
1086
1003
821
1092
1007
1276
313
584
991
291
562
991
1084
983
1076
987
1090
983
1088
985
1090
983
1090
987
1094
997
325
900
4232
2099
2095
1583
2091
2093
1579
2603
1571
2081
2589
2587
2075
1573
2103
333
2113
855
2121
345
1607
347
2121
2117
2121
2121
347
2123
345
1611
345
2121
341
2117
857
2633
343
1605
2115
2627
341
2113
1601
2621
2109
1595
1597
1593
2613
2105
2613
2097
1585
2607
1581
2091
1583
833
2611
835
2619
837
2615
2601
1086
987
574
985
1592
979
570
981
1594
981
1080
987
568
987
1074
997
1083
3127
1008
941
1437
1437
1433
1437
1435
923
1945
923
921
1947
1433
1947
921
1435
1943
1008
937
1433
1943
1431
923
921
1951
1949
1445
1439
496
927
1425
1423
1943
1008
935
1008
421
1008
937
1008
933
2501
4001
933
1439
1949
1943
1008
425
1443
1455
945
1463
1461
951
951
1981
1469
1471
1981
1473
1987
1475
1475
1477
1477
2056
991
1048
985
1052
985
1054
985
546
981
1566
977
1056
979
1060
977
1574
973
546
971
548
971
1060
975
546
977
1568
985
556
987
1080
989
2079
2079
2083
2083
2085
2091
2607
1587
2103
1597
1597
2623
1605
2119
648
963
1162
961
2635
2125
1688
957
1176
955
2139
2135
1633
1631
2149
1206
947
2667
1653
1649
1663
2695
2197
2709
1673
2173
2683
1657
2181
2187
2705
2711
2719
499
768
900
389
768
901
275
1012
409
271
1156
285
287
933
1722
1952
1956
1446
1442
1952
1436
1438
1950
1436
1434
262778603
262779540
491
271
1206
483
783
1718
2199
2711
2721
744
1707
1270
2237
1782
2749
1786
2749
758
1721
760
1723
756
1721
1266
2233
2231
2233
2233
2231
2227
2227
1709
2219
2213
2723
2721
2207
2201
1691
2199
1683
692
987
1677
1677
2183
2179
403
1186
993
909
1180
997
905
2173
385
1661
783
1009
271
1019
783
1015
1792
1280
1280
3021874908
1796
1802
1282
1303
-3691973420
973
1290
256
11
781
256
19
783
256
23
273
256
23
285
256
21
289
768
19
805
256
15
801
256
13
805
768
13
805
768
13
293
768
11
805
768
11
297
768
11
809
256
13
299
256
11
811
768
11
815
256
9
299
768
9
813
768
5
301
768
5
303
256
3
817
768
1
1284
1796
1284
1280
1798
1800
1294
891
1162
995
379
650
995
379
1162
995
891
1162
995
891
1674
995
1670
991
381
1164
991
1674
991
1162
989
1672
987
1160
989
2657
2143
2649
2137
869
1140
997
357
628
1001
1829703936
1007
4229833555
4229833826
1001
897
1680
1001
895
1678
1003
895
1678
1001
383
1166
1003
6395080920
1007
783
1007
6193754330
1003
2031031142
2031032418
1963922274
1963923550
883
2159
885
2161
3827180363
3827181641
3726517974
1829705463
1290
367
257
879
1789
1794
1794
4482479307
1794
1286
784
3134
4127
1995
1997
967
1989
1471
1469
1977
953
1971
1971
943
939
1961
941
1453
1961
1425
1429
911
1427
1423
909
907
1008
411
2479
5311
1413
1413
1929
496
921
1008
413
1421
913
911
915
496
933
1008
937
1433
1439
1441
1443
1445
1451
1965
943
1455
1973
1979
1471
965
1479
2019
271
1011
271
1011
271
1009
136192239
1009
271
1009
84873984
1011
783
1011
783
865
1873
845
1871
845
1363
1359
496
869
496
349
1855
1853
835
839
1349
833
1349
1345
1373
1290
2009
1018
1685
2858
1333
1329
1323
1325
1335
1343
1857
837
1349
839
835
1863
835
1349
1349
839
1351
837
1347
837
1349
1351
1349
1351
1861
1351
1349
1353
839
841
839
841
841
1867
841
1357
1867
1869
1357
1361
1877
496
873
1367
496
857
1869
841
1357
1363
849
1363
1361
1883
496
335
1158
1559
1576090462
1008
913
1407
899
1411
1411
1411
1413
1415
1927
1413
1931
496
411
496
923
496
921
1008
413
907
911
1933
919
496
419
1437
1945
1008
1806
1011
783
1011
271
1003
271
1009
783
1011
554636036
19
827
1682
939
807
287
933
299
287
933
305
287
931
594
929
2037
1527
2041
831
1722
2555
323
1206
327
1204
2047
2557
2047
2049
2047
2057
851
1724
2071
1553
1545
2037
2037
325
1708
333
1706
327
1708
841
1712
1527
325
1770
794
1602
1427
1078
891
371
1710
1527
839
1200
2039
2031
2031
1108
917
1106
917
1098
917
299
287
919
1092
919
1086
921
791
287
925
562
925
1576
931
257
263830952
1450
1960
1278
2227
1272
2221
754
1705
1701
2211
2207
1691
2205
2197
1683
1677
1675
2179
1206
967
2169
1196
971
2671
1184
973
2661
1168
977
1162
979
2135
2129
1146
981
2635
2117
2113
2623
331
1603
329
1603
1125062389
957289234
957289505
1001
805
1076
997
281
1064
997
281
1064
999
281
552
999
785
1056
1003
781
1052
1007
773
1044
1007
785
256
459
1274
919
1431
1008
419
1935
1419
1008
411
1008
921
496
917
1409
1409
1008
397
1008
393
496
901
1399
883
1395
1389
496
381
1008
377
496
889
496
371
1893
867
1379
861
1373
1887
859
1367
4129
1353
845
843
1871
845
849
1867
1355
1355
-527493281
1306336614
1381
1383
1893
496
377
496
375
496
379
1008
889
1008
379
1008
377
1008
893
496
891
1008
381
496
893
1008
895
1008
381
1008
385
879
883
1907
885
1395
1917
496
399
1921
1008
385
1008
901
1395
1401
1008
905
1008
909
496
397
496
911
1008
397
1008
145
497
247
2197
2468
1009
1008
1267
256
3
257
768
3
777
256
1
775
1015
783
1017
273
768
1019
271
1019
783
1017
783
1019
783
1017
783
1019
271
1015
783
1017
1015
783
1019
783
1015
783
1017
783
1013
271
1015
271
1017
781
256
7
273
768
1023
783
1017
783
1019
271
1015
271
1017
271
1015
271
1017
271
1023
2028
3051
-786987
1019
783
1017
271
1017
783
1019
783
1019
1021
507
505
507
503
1017
505
1023
1284
256
1
777
768
3
261
256
3
11
267
256
13
779
256
17
783
256
9
267
2321
1578
979
1584
977
556
977
1068
975
1064
977
1064
975
1576
975
1064
975
544
979
1054
985
1560
991
781
1052
995
275
546
997
799
1070
997
289
1072
993
1584
987
1072
987
1076
987
1072
985
1076
983
1584
987
1588
989
1586
993
293
1076
993
287
558
993
1586
995
289
1072
993
1072
989
1070
991
1072
989
1068
989
560
985
1068
987
1068
987
1066
987
1580
985
1578
987
552
989
1576
987
552
985
1574
987
552
987
1060
989
548
985
1570
989
1572
989
1058
991
785
1056
995
789
1060
1003
420417794
420418577
997
1052
991
1556
989
530
987
1046
983
536
983
532
987
534
991
1044
985
261
1044
1787
511
994
496
1493
496
981
496
1493
496
979
496
1493
1008
2003
496
981
1008
1489
496
1491
1008
1491
1008
1493
496
1489
496
979
496
975
496
977
496
975
2001
1997
2001
1997
1487
1997
1487
1997
1487
1483
1485
1485
1487
1485
1487
2001
1008
1491
1008
1493
496
977
1473
1989
969
1483
1479
971
969
2001
1008
-392740
-392245
1011
1011
501
499
1011
1007
1011
497
497
1007
497
493
-1070845534
-1070844529
-267973671
-267973182
1008
2007
1008
2007
1008
1491
496
1495
496
979
1008
2003
1008
1999
1008
2003
1008
1489
496
1489
496
973
975
1999
1008
1491
1008
1491
1008
2003
1985
967
1471
969
1989
1479
1989
1479
1477
552
979
1066
979
1578
979
1066
973
552
975
1064
975
1060
977
1060
975
1056
975
1568
979
1560
987
1050
995
783
1566
1001
795
1066
999
801
1584
997
803
1586
993
801
1072
995
807
1078
991
293
564
993
1590
993
293
1076
995
297
568
995
809
1592
997
811
1082
997
807
1078
999
299
570
997
297
568
997
807
1590
993
805
1588
995
297
568
993
293
1076
993
1590
993
293
564
993
805
1076
993
1076
993
1076
991
801
1584
993
803
1074
993
289
1072
993
1586
993
289
1072
993
803
1074
995
801
1072
993
1072
993
797
1068
995
289
560
995
285
1068
997
801
1584
1003
801
1584
1009
783
1013
271
1005
803
1074
997
781
1052
999
275
1058
995
273
544
993
1576
993
785
1056
995
791
1062
999
275
1058
997
785
1568
63
1025
313
496
511
-1576231
837
2625
839
2625
845
2627
843
2625
331
1599
837
2107
841
2625
329
2115
841
2627
1192170733
5558194916
5558196704
4752887984
1005
1679696107
1007
783
1007
271
1011
783
1009
783
1013
271
1011
271
1013
271
1011
271
1023
295
256
1
805
256
7
811
768
1023
271
1017
271
1021
783
1015
287
768
475
1993
1477
1991
1985
961
1981
1469
955
1467
951
1463
1461
1975
1969
1461
1969
1455
1967
943
943
1453
1451
1455
1457
1459
1459
1459
929
931
1443
1451
1961
1451
1961
1451
2217
209
1698
2199
501
507
507
999
805
1588
995
803
1074
995
805
1588
993
1072
993
1584
991
1064
991
1580
989
552
991
1572
989
1562
993
777
1048
1001
219091714
1015
783
1015
783
1013
271
1011
271
1007
783
1009
271
1009
271
1011
271
1011
271
1013
271
1013
783
1015
271
1013
271
1011
271
1011
783
1013
271
1011
783
1011
783
1009
271
1009
783
1009
271
1009
271
1009
271
1011
1946
1008
929
496
419
915
911
1425
1937
1921
1009
139
1106
1925
935
1449
1449
1965
1453
1459
1455
1461
949
1463
1463
1467
1979
1090
969
1088
969
1088
967
574
969
1088
967
572
967
1084
965
1590
967
564
975
1076
987
1594
989
307
1090
993
313
2085
1577
2087
2083
2089
2091
2603
1581
321
2095
321
1585
2095
319
1581
831
2605
2607
1581
2089
317
1579
2603
2087
2597
315
1577
1608
993
1608
991
1092
993
821
1092
993
309
1092
993
307
1090
993
303
574
995
305
1088
993
813
1596
995
815
1598
995
299
570
999
813
1084
1005
789517058
1011
783
1005
521081604
521082387
1003
795
1578
997
277
1060
997
285
556
999
795
1066
1001
281
1064
1003
319754496
319754767
37
37
1325
501
1011
501
501
993
285
556
991
1068
987
1574
985
1060
985
1056
989
1054
999
353309444
1015
783
1017
271
1013
271
1013
271
1011
783
1011
783
1013
783
1013
783
1015
783
1017
271
1015
783
1017
783
1015
783
1015
271
1013
271
1013
271
1011
271
1009
783
1007
271
1009
271
1007
271
1009
783
1007
2151432399
1009
271
1007
271
1009
271
1007
271
1009
783
1013
783
1019
271
1021
783
1005
270409965
1015
783
1009
1045
1415
2257
1445
1961
1447
937
927
1008
425
917
1941
1947
1945
1008
423
1433
496
423
1919
1009
163
1112
1907
1425
1939
1423
1427
1937
1425
1421
1427
913
1937
911
911
1425
1427
911
917
1937
1429
496
419
496
935
1008
935
925
1435
1949
1441
1447
1449
939
1435
1443
2264
1607
624
981
1654
979
2633
2121
1611
2125
2125
2639
2129
2131
644
973
648
971
648
973
1674
973
1162
971
1162
971
1674
979
2153
2667
2145
2139
1156
977
1617
2123
1162
969
1674
971
1160
975
2131
1156
31
893
915
1008
347
1621
2921211100
1278
1280
1278
1280
1790
6851028118
957289214
1009
271
1011
783
1011
271
1009
783
1011
783
1011
783
1013
271
1011
271
1019
1013
783
1013
271
1017
783
1017
271
1019
1065
905
1821
783
1015
783
1013
1985
1471
2472
1461
1463
949
949
1971
1459
1457
1961
1959
937
935
1453
1963
1461
1967
1949
1443
925
1443
1447
1445
1447
931
3801
5303
449
945
1969
1451
1453
1445
1475
1989
1473
2822
479
496
1471
1040
985
1558
991
1568
993
1068
987
1072
985
1078
983
1078
979
572
977
1596
979
1088
975
578
977
1557
2073
2079
2075
1563
2077
2077
2077
1567
2591
2593
2593
1569
2081
2083
2083
1573
2085
2089
1579
2603
2611
2103
2115
1605
628
967
1581
2087
1571
1577
2603
2095
2609
2607
377
1771
1008
887
1806
1461
1708
957
2125
2115
1599
2117
1599
2109
2105
2105
1591
1656
957
1142
957
2097
2093
2089
2597
2599
2087
2091
1589
1601
2627
2625
2107
2111
2623
2621
2107
2623
1599
2111
2107
2617
1591
2613
2097
2609
1581
1581
2091
319
1579
2599
2087
1606
991
1094
991
1090
991
1090
991
303
1086
997
815
1598
999
819
1090
1007
783
1013
789517072
789517343
999
283
1066
991
1576
993
283
1066
991
797
1580
993
795
1066
993
281
1064
997
787
1058
1003
991
825
1608
1003
789
1060
1003
789
1060
1003
572399849
572400120
1003
777
1048
1003
779
1562
1001
775
1046
1001
773
1044
1001
257
528
1001
486
947
1983
955
1989
1985
1987
1471
1471
1008
1223
2438
-3187027
969
1469
1465
1981
1979
1979
1463
1977
1465
1979
1975
1463
1461
1463
1971
1971
1971
1459
1457
945
943
1457
1455
1969
941
943
943
1459
949
1461
1441
1447
1439
937
1449
937
1443
1445
1711
1306
3743
496
917
1411
1008
415
1943
925
1435
1437
925
1951
1435
1439
1437
1441
1437
1439
1439
1441
1439
1443
929
1443
1951
1445
935
1449
1959
1965
1451
1969
1455
1459
1467
1979
961
1475
1971
3148
2651
646
981
1676
979
1631
1633
2143
2147
660
975
1690
971
1688
971
1694
969
1641
1639
1641
2669
678
975
1663
684
983
1204
973
1653
2661
2147
1190
959
2153
2155
2157
1196
963
2181
2460
991
1144
991
630
991
2127
353
1615
2123
2121
343
2119
341
1605
341
1607
337
2113
333
1597
845
2109
843
2113
325
2111
1225725173
1192169772
1192170043
997
305
1088
997
815
1598
993
303
574
993
1600
995
301
572
993
299
570
997
297
1080
995
805
1659
1376
496
992
1429
935
1445
1445
1445
933
1443
1445
1441
1441
1951
1441
1949
1437
923
1437
1437
921
1433
1437
919
1435
919
1433
921
1435
1945
1433
1439
1953
1951
1435
913
496
927
1427
923
921
1947
1431
1945
1701
1818
4787
1449
1961
1963
1963
1451
1961
1965
1965
941
1451
1453
1453
1453
939
1453
1963
1451
1963
1965
1451
941
939
1453
941
1453
1965
943
941
1453
939
1967
1973
1463
1461
1965
935
1447
1451
1967
1455
1455
1965
943
1199
1208
2689
3662
-2367562
-3551341
-3550864
975
1483
1995
1991
967
1473
963
1469
957
1977
1467
1461
1461
1459
1459
1965
1967
1965
1455
941
947
1459
1975
951
1447
939
939
945
1973
2244
2115
1158
963
2129
2131
2133
1176
963
1178
963
2141
1631
2659
1190
957
2149
2149
2155
2155
1202
951
1202
951
1206
949
1643
1645
2157
2669
2157
1647
2157
1647
2159
2165
2167
2179
2177
2679
1635
1206
947
2143
1208
941
1204
943
1718
943
1202
951
2145
431
900
3077
823
841
271
897
453
1728
2169
2667
1645
1204
947
692
949
2149
2657
2143
1196
949
2141
2135
1184
951
668
953
2131
1682
961
2131
2131
2641
1158
977
1162
973
1168
971
1164
971
1164
969
2125
2127
2123
1613
2121
2125
2123
1658
977
1140
979
2119
1605
2113
2107
2621
2103
1591
2097
2609
2095
1581
2091
319
2093
2089
584
991
307
1090
993
307
578
993
303
574
995
813
1596
1003
755962112
1013
783
1007
807
1590
1001
783
1054
1003
789
1060
999
267
538
997
787
1058
995
269
540
1003
781
1052
1001
151982836
151983619
999
783
256
2223
425
1008
423
1008
933
1008
423
1008
423
496
941
891
1009
157
632
435
1443
1957
1441
1441
1953
1443
1953
1443
1953
1445
1955
1441
929
1955
1441
1957
1443
1961
1963
1451
1943
1008
429
1945
1439
927
1953
927
927
1453
2346
2573
4562
453
949
1461
1459
951
1459
1461
947
949
949
1463
1459
1463
949
1977
949
1977
1979
959
1471
1971
1971
1519
2326
3860
4131
1011
271
1017
271
1015
783
1017
783
1013
783
1013
271
1013
783
1013
271
256
3
271
1017
271
1017
783
1019
271
1015
783
1015
271
1017
783
1015
1487
496
1497
-268105258
271
-2564447
1011
783
1011
783
1011
271
1009
271
1009
1006
287
1070
1007
1023
1514
496
1471
1473
963
1473
965
967
971
973
1008
1493
1008
2005
1475
2540
271
1021
271
1019
1021
267
256
1
256
1
775
256
1
11
777
256
15
263
256
17
777
768
1023
501
501
1013
271
1011
271
1009
783
1007
236856033
236856304
1003
779
1050
1001
265
1048
1001
269
540
999
269
540
997
781
1052
995
779
1562
995
271
1054
993
271
542
995
785
1568
995
781
1052
995
787
1058
993
273
544
993
1570
989
1056
991
277
548
989
548
989
1572
987
1058
989
789
1572
995
793
1576
999
283
554
999
285
1068
989
1066
985
536
985
1054
977
1054
977
1058
977
1568
977
1570
977
1056
979
1056
983
1530
1070
975
1068
977
558
977
1068
977
1068
977
1066
977
1068
975
556
979
1068
977
552
979
1068
979
1578
981
1576
979
1062
981
552
981
1062
981
552
981
1572
987
281
552
991
285
1068
999
285
556
997
1578
987
1052
987
540
985
1560
981
540
981
544
983
1564
985
1054
989
1048
985
538
65
1320
496
469
1453
1963
1965
1449
1965
1449
1449
937
1449
937
1449
1447
939
1449
939
937
1963
1963
1969
1455
1975
1451
1447
1957
1455
1967
943
1455
947
2023
503
507
1019
995
271
1007
521081598
1009
1008607471
1007
783
1007
453972744
453973015
1003
791
1574
1003
353309438
353309709
1003
787
1058
1003
781
1052
1001
236855756
236857774
496
1489
496
1491
1999
2001
1485
1487
971
971
967
1479
1475
1479
1473
1473
1981
1473
1981
1983
1467
1469
951
1979
1461
1467
1979
1981
1965
1963
933
1965
1965
1455
1451
941
1965
1483
1483
1999
1487
1999
496
975
1008
2005
1008
2003
496
983
1008
1493
1008
1497
1008
2009
1008
1501
-268368414
993
281
552
991
273
1056
997
271
542
1003
783
1013
783
1017
1013
271
1013
271
1015
783
1013
783
1019
783
1019
783
1019
271
1019
1017
271
1015
783
1015
271
1013
783
1015
783
1015
271
1015
783
1013
271
1015
271
1015
783
1015
783
1015
271
1017
271
1015
271
1017
783
1015
783
1017
783
1015
783
1019
7
781
768
7
267
768
1021
1007
1042162421
1042163204
1003
291
562
1001
801
1072
999
291
1074
997
289
1072
995
291
1074
995
803
1074
993
293
564
991
291
562
991
1078
991
1588
993
1590
989
1588
991
568
989
566
989
1082
987
1076
989
1596
989
1082
987
1596
987
570
993
817
1600
995
819
1602
1003
823
2097
823
1606
991
570
989
1080
985
566
981
1084
981
1086
983
1086
981
578
985
572
979
823
1192
281
777
331
1113
969
1090
971
1596
979
1080
987
297
568
999
311
2095
317
1587
323
2099
831
2609
323
2101
833
2611
321
2099
321
2103
835
2617
321
2105
835
2619
319
1593
833
2107
317
2101
319
2101
829
2613
319
1589
315
2095
827
2095
823
1606
999
827
1610
999
311
1094
999
823
1606
997
819
1602
999
309
1092
999
817
1088
1001
305
1088
1001
815
1598
1003
817
1600
1001
813
1084
1003
815
1086
1003
813
1084
1007
271
1013
783
1019
271
1011
783
1011
1011
783
1009
783
1013
783
1013
783
1017
783
1013
783
1015
783
1013
783
1013
783
1011
783
1013
783
1013
271
1009
991
1982
1471
1471
959
1987
1987
1471
961
1469
3276
969
1465
1469
955
955
1467
1469
1467
1469
1467
1983
1469
1469
1467
1467
955
1467
1977
953
951
955
1463
1465
1463
1979
1463
1975
1975
953
1973
1465
1977
953
1469
1985
1473
1461
1455
943
1971
1463
1461
1463
1463
1475
891
1009
169
644
1008
1483
1479
1483
1481
1481
1479
971
969
1481
1989
1993
1477
967
1989
1477
1479
967
1475
967
1477
967
1475
1477
1477
1483
1481
496
1487
1481
1469
2009
496
1495
496
985
496
985
496
985
496
981
1008
2009
1008
1519
2813
1013
783
1013
271
1013
783
1015
783
1015
783
1017
271
1019
271
1021
783
1021
783
1017
783
1019
783
1019
271
1019
783
1017
783
1017
1017
271
1021
1021
271
1011
1015
503
857
2555
2133
1581
2093
2093
2609
2089
1581
1573
1573
2597
2597
1569
2591
2585
2075
580
977
1092
977
1084
989
1600
995
315
2095
837
2613
327
1591
1589
2099
329
1589
2615
2611
325
1591
329
2105
327
2105
329
1595
325
1591
837
2613
835
2613
835
2609
319
1581
835
2099
321
1585
2093
2601
319
1581
313
2087
1575
311
1573
823
1606
993
1604
993
309
1092
995
817
1088
993
307
1090
1001
819
1090
1005
783
1013
271
1005
821
1604
997
795
1578
999
1072
993
793
1576
995
293
1076
995
801
1072
995
801
1584
995
285
556
1001
783
1017
561
2162
-1072160860
-1072160369
1008
2009
1008
1499
1008
2009
496
1497
1008
1495
1008
2009
1008
1495
1008
1497
1008
1493
496
1493
1008
2007
496
989
-266919972
-267315792
1993
979
496
1489
496
1491
1008
2001
496
1489
1501
-1609491607
-1609491114
-268170329
1017
499
496
1519
2000
496
1487
496
981
496
985
1008
2009
496
1477
969
1293
257
259
768
1023
773
256
1023
783
1021
271
1019
271
1005
17825759
257
256
1017
1023
256
7
261
256
3
769
768
1
261
768
1
1023
261
256
1021
271
1
261
256
1
769
256
3
261
256
3
259
256
3
773
256
1
259
768
1
1023
1021
1021
1021
1021
271
1023
-167771097
1834
2355
503
1021
2321
-392396
-5262634
-105923937
997
261
84873964
84874235
1003
771
1042
-268696134
1011
496
975
496
977
1485
1999
1995
1485
1481
1483
1991
1481
965
965
961
963
1477
1987
1471
963
959
961
1983
1473
1471
1473
1987
1479
1481
963
1975
1465
1467
1473
959
1987
1473
1987
3558
1330
477
1008
2009
-268105754
271
1005
153957066
153957337
1001
771
1042
1003
257
1040
1981
1983
1469
1469
1467
1467
1979
1467
1465
1465
1465
951
1463
1465
951
1465
951
1463
1973
953
1463
1467
953
1981
1469
1475
951
1969
943
1463
1465
1467
953
1467
1009
271
1003
273
544
991
1046
985
556
987
1066
989
1066
989
548
991
1066
991
552
989
552
989
1572
989
1576
987
1060
989
550
985
1568
987
1570
985
1058
987
1058
987
544
989
1568
989
540
991
544
989
1562
991
271
542
989
1562
993
1564
993
265
536
995
779
1562
995
261
532
995
775
1558
995
261
1044
997
263
534
997
773
1556
997
773
1556
999
769
1552
1001
261
1044
1001
769
1552
1001
259
530
491
-267842586
1015
505
503
505
503
505
503
1017
503
505
501
1015
1015
271
1
259
256
1
773
256
1
261
256
3
261
256
3
773
256
3
261
256
3
773
256
3
773
768
3
769
768
1
773
256
1
257
1011
783
1013
271
1013
783
1013
271
1013
271
1011
1478
1461
1463
1463
1465
1745
1008
295
293
2031
783
997
281
1064
995
281
552
995
793
1064
997
279
1062
997
277
548
997
791
1062
999
277
548
997
789
1572
995
275
1058
999
789
1572
997
785
1568
999
275
546
997
269
540
1003
271
1007
783
1015
271
1013
319754482
319755265
1003
773
1044
999
773
1556
997
261
532
997
265
536
995
263
1046
999
775
1046
1003
771
1042
997
783
4394
1023
1996
1481
969
1473
1987
1467
953
1457
1965
1449
947
1465
1473
1473
961
957
1473
1981
1983
955
1469
1467
1979
1463
1465
951
1975
1973
1465
1461
1463
1461
949
949
1463
1459
1463
1463
1465
1463
953
1463
1467
957
1987
1473
1971
1461
1461
1467
957
1469
1983
2021
271
1013
271
1011
783
1011
271
1009
271
1009
860573872
860574143
1003
404628193
404628464
1003
271
542
1001
781
1052
1003
783
1566
1001
271
542
1001
783
1054
1001
271
1054
1001
785
1056
1001
275
546
1003
353308928
1015
271
1015
453972222
453972493
1001
777
1048
1001
779
1050
995
273
544
993
1572
991
273
544
993
787
1058
997
273
544
987
546
69
2350
2273
1519
1106
987
1078
985
1076
987
1076
985
1586
987
1076
987
562
985
1074
981
1586
983
1072
983
1582
981
1068
981
1578
983
1576
985
1060
985
1570
989
267
538
997
777
1048
1003
740172531
740173314
999
801
1584
997
287
1070
997
799
1582
993
285
1068
995
289
1072
993
285
1068
995
1582
993
797
1580
995
799
1070
997
795
1578
995
285
1068
993
795
1578
995
283
554
995
279
1062
993
1062
991
1574
993
791
1574
991
279
550
993
1060
991
275
1058
993
789
1572
993
271
1054
993
1570
993
269
1052
995
271
1054
995
781
1564
997
273
544
995
779
1050
997
781
1564
997
779
1050
1005
271
1054
1005
271
1013
783
1011
185598950
185599221
999
259
530
1019
271
1019
783
1019
271
1017
783
1019
271
1017
271
1017
271
505
-570424403
-570423894
1019
1013
783
1013
271
1015
271
1013
783
1015
271
1015
783
1013
271
1011
271
496
977
496
1497
-267843608
507
783
1013
2810
1864
791
1365
257
-3287922
1009
17828303
503
303
496
783
1011
271
1011
271
1013
271
1013
783
1013
783
1013
783
1013
271
1013
783
1011
271
1013
-654421
1993
967
1477
1985
1985
1471
1469
1465
1979
1975
1463
949
1465
1461
947
947
1463
1975
953
1465
955
1447
1451
1961
945
943
1457
947
1461
3058
1521
1459
1461
1985
1479
975
1485
1489
496
977
1008
1491
496
975
1008
2003
1008
2003
496
1491
1008
1491
496
1493
1008
1491
496
981
496
981
1008
2007
1008
2009
496
1279
991
1046
991
1556
989
263
1046
991
1556
991
1042
997
263
534
997
777
1048
997
775
1558
1007
252646144
1013
783
1003
781
1052
1003
303964397
1009
271
1009
271
1009
783
1009
357257900
357258171
1015
1017
1013
503
501
503
1023
1013
1286
1007
495
1017
1013
501
501
511
1534
2307
3090
995
769
1552
995
259
530
995
769
1040
997
259
-134216501
-134216230
1019
271
1019
783
1021
783
1019
783
1023
1023
259
256
1023
1021
271
1019
1019
783
1019
271
1019
783
1017
271
1017
783
1019
271
1019
271
1015
271
1017
783
775
768
5
781
256
3
265
256
1
269
256
1023
265
256
1023
1
777
256
5
779
768
7
265
256
7
269
256
5
775
256
5
267
256
3
773
256
3
777
768
1
261
256
1
263
256
1
263
256
1
271
1
259
256
1
1
259
256
1023
1
257
256
1019
1019
1021
505
1019
507
507
1015
1019
505
505
501
505
503
503
955
1975
1469
1985
1469
961
1469
1473
1471
1473
1983
961
1471
1985
1471
1473
1983
1983
957
1983
1469
959
955
1471
957
959
957
959
1981
1473
1469
1989
965
1995
969
953
1977
951
1473
1473
961
1987
1471
1485
1008
2943
2588
995
779
1050
995
271
1054
995
267
1050
993
1562
991
265
1048
991
267
1050
991
1048
989
536
991
1046
989
1048
989
1048
991
1558
989
1044
989
1558
989
1556
989
534
989
1044
991
1046
989
771
1554
997
265
1048
999
404627681
404627952
1009
783
1009
783
1005
783
1009
687128565
1015
271
1011
271
1015
271
1015
783
1017
783
1015
271
1019
783
1019
271
1017
271
1015
271
1017
783
1015
271
1013
271
509
1
257
1825
1850
1023
2000
959
1473
1981
1985
1983
1471
1979
1471
1471
1471
1981
1471
1983
1473
1469
1985
1473
961
1471
1475
969
1483
969
959
1983
1469
1987
1991
1477
1479
965
2001
439
1009
259
1008
1887
2297
1052
981
1566
979
540
981
1564
981
538
981
1048
981
1552
983
1786
271
1017
783
1017
1017
783
1013
271
1017
271
1013
271
1015
783
1021
256
13
769
271
1005
271
1023
2028
962
-1577809
1019
1023
783
1021
1019
1019
1774
999
250801572
783
1009
17764608
1009
271
271
993
116780463
116781480
271
1017
271
1019
783
1015
271
1015
271
1021
783
1015
271
503
507
271
1007
773
1044
1005
187510986
187511769
1023
764
1008
496
1017
503
1017
1013
1017
1007
2008
1008
1501
505
1021
1023
3352
540
1001
273
784
1799
1015
1021
503
1008
2021
271
1013
271
1011
783
1013
271
493
1013
1309
1020
505
1015
1017
503
-919599
1013
1019
1023
1526
271
1011
271
1013
271
1011
271
1011
271
1013
271
1011
17764608
1009
256
505
507
505
505
1015
1017
1003
-61204
-60933
1015
271
1017
3
271
501
1009
499
495
1009
1007
-536211510
-536211019
1008
2009
496
985
496
1495
1008
1495
1008
2007
1008
1495
496
1491
496
981
496
1493
1008
1491
1008
2001
1008
1493
1008
2007
1008
1499
1008
1495
496
969
1995
499
257
768
1
256
3
261
256
3
257
768
5
773
256
511
768
5
259
768
5
257
256
5
769
256
511
256
5
257
256
3
257
256
3
257
265
768
11
781
256
1
511
256
511
997
1508
-14076102
-14075591
1023
1294
1003
769
-1314577
-1313562
-1313063
1013
1015
499
496
53232786
53233297
49022469
49022740
503
501
931
1574
1003
793
1576
1003
261
532
1003
140263817
140266192
1322
497
507
257
256
1
257
256
1021
1021
271
1011
271
1009
783
1007
69145036
1011
499
497
1011
497
1011
497
1011
497
1013
-1971747
-1970726
-167770655
-167770384
2052
496
971
295
566
1007
781
1052
256
3
261
256
7
773
256
7
259
768
7
775
256
9
261
768
7
773
256
5
261
768
5
773
768
5
777
256
3
265
256
1
773
256
3
265
768
3
265
256
1
256
1
777
256
1
265
256
1
263
256
3
777
768
3
777
256
1
265
768
1
777
256
3
777
256
3
777
768
7
781
768
9
783
256
17
789
256
19
785
768
9
775
15
259
256
19
261
256
19
773
256
19
773
256
17
769
768
19
771
256
17
257
256
15
257
1023
-161232
-637533254
-637532231
-637531960
993
783
1011
271
1013
271
1011
271
1013
271
1011
271
1011
271
511
1534
2037
2518
496
985
1008
1503
503
271
1013
783
1011
271
1011
1023
2026
3043
1021
-537790044
-537789047
17826800
17827801
-267974170
-4209239
271
1007
271
1009
17764608
1009
271
511
1526
271
1017
783
1015
271
1017
271
1015
271
1015
271
1015
271
1017
783
1017
505
505
503
501
-6839481
-6838460
493
496
1497
-268236325
-268235820
1013
503
1011
503
1011
1015
499
501
499
501
51379249
-6182597
-6181574
-6180555
509
1017
271
1017
783
487
496
1513
1013
1015
503
1019
505
507
791
256
9
277
256
7
791
256
7
785
256
5
789
256
3
277
768
3
787
768
3
785
768
3
275
256
3
785
256
3
785
256
1
783
768
3
785
256
3
785
768
3
273
768
3
781
768
3
271
768
3
781
256
3
271
256
1
777
256
3
269
256
9
781
768
15
273
768
19
273
768
13
275
256
1021
256
7
769
505
1021
505
1019
503
1019
503
1015
501
1015
501
1011
1011
1011
1009
497
1007
499
1007
497
-535816245
497
1011
501
503
1007
1008
1493
1008
2005
1008
2009
-268237347
-268236346
1008
1499
1008
2009
496
1505
768
463
1280
496
1011
1011
1011
497
497
497
1009
1005
1009
-1341254763
-1341254252
-1342700128
993
785
800
775
256
3
257
501
1013
501
1013
499
1013
499
1013
497
501
1011
1017
1015
509
1015
1008
1497
-268237351
-268237080
1001
769
1552
1015
271
1005
118428400
118429183
1003
263
1046
1001
769
1040
1003
84873962
84874233
1003
257
762
507
505
1019
1017
507
507
1
261
256
1023
257
256
1
261
256
1023
263
768
1
1
263
768
3
259
256
3
1
261
768
1023
1023
1021
1023
1021
1021
271
1019
495
-1577507
-1970757
51319538
51319809
1003
86847688
86847959
407
511
1466
275
546
1005
-234880028
497
497
1011
497
499
1011
503
503
509
1017
-804055354
256
3
769
256
3
257
256
1
257
256
3
-268434999
-270012493
-275141029
-275140014
1003
-267710992
511
-1446955
-1445936
1019
1017
783
1017
271
1017
783
1017
783
1017
783
1021
1021
271
271
1009
783
1009
783
1007
17826756
17827773
1013
503
499
501
501
1015
1011
1013
501
499
271
1009
271
1009
271
1009
438182123
1007
1229673140
1229673923
1005
252646140
1005
252646142
252646413
1005
286200572
1009
783
1015
783
1019
783
505
1019
1017
507
1013
503
1013
501
-469761040
-469760035
-537067144
-537065319
511
-394274
271
1023
1
257
256
1
769
256
511
256
1
271
1009
271
1009
271
1009
205336994
205338015
843
496
811
511
-589867
499
1017
271
1023
-2625323
771
1042
1003
769
1040
1003
17826280
17826551
507
507
507
505
507
496
987
-536342681
-1180974
256
3
775
1021
1003
783
1013
783
1013
271
1011
783
1017
783
1009
783
1013
51319046
1007
271
783
993
785
1808
2299
-268368470
273
1056
1011
271
1011
271
1013
271
1013
783
1013
271
1011
271
1011
271
1015
1007
-169743694
229
1237
33
1327
2048
-268103878
271
257
528
999
257
1118
2036
501
1019
1017
505
1017
1019
1019
1019
1017
505
505
1017
503
1017
1015
505
501
503
1015
503
1011
503
1013
501
499
501
1013
501
1009
501
1011
499
497
1011
503
505
1017
1013
496
985
-268500249
1005
-67107906
-67105928
271
1054
1005
775
1046
995
271
1017
783
1019
1021
273
256
1021
271
1017
783
1015
783
1013
271
1015
783
1013
271
1015
271
1013
271
1015
783
1015
271
1013
271
1011
271
1015
271
1015
271
1015
783
1013
271
1017
783
1015
783
1021
269
768
1021
271
768
7
787
256
9
273
256
1021
507
1019
501
505
1015
1015
499
1013
1011
499
495
1009
495
-1608637058
-1608636053
1008
1499
1008
2011
1008
2009
1008
2013
-267315744
1003
1997
496
975
-1839957
-1839174
1005
35528887
35529670
1023
256
3
283
256
5
283
256
5
279
256
5
281
256
3
789
256
5
791
768
3
277
256
5
277
768
3
271
256
7
785
768
7
781
256
7
781
768
5
777
256
9
265
768
9
261
768
9
261
768
9
771
256
11
257
256
1023
256
21
261
256
27
257
768
31
261
768
1015
1008
2015
-267709991
-267709496
1007
-535157816
-535156813
1008
1497
256
221
754
1008
977
1475
1473
961
1471
959
1471
1473
1469
1983
1981
1983
1981
1985
1469
1983
1981
1985
1981
1985
1471
1473
961
1475
1473
1989
1479
975
1485
1469
1469
955
1473
1475
1475
1477
963
1491
1008
1945
497
159
1160
1008
303
1086
997
263
534
997
777
1048
999
775
1046
999
265
1048
997
773
1556
997
261
1044
995
773
1556
993
773
1556
991
1554
993
1040
1017
1785
7
771
768
5
257
768
3
771
256
3
769
256
3
261
768
3
769
256
3
261
256
3
261
256
7
775
768
7
261
256
5
265
768
3
261
768
5
265
256
3
777
768
3
267
768
1
265
256
1
267
256
1023
265
256
1
781
256
1
269
256
1
1
269
768
1
256
1023
273
256
5
785
768
9
277
256
15
797
256
11
793
768
1
773
768
1
265
256
1023
271
1019
271
1017
271
1019
768
903
1008
817
511
783
1015
783
1015
783
1013
271
1015
271
1011
1013
1011
1011
1011
499
1001
-267712033
-267711010
-267708633
1066
997
775
1262
2285
3304
118427904
1009
271
1009
271
1007
271
1009
271
1009
271
1009
51319038
1007
505
1021
771
-131600
-131099
499
503
1011
503
1013
1015
501
503
1011
1015
1011
501
499
503
501
501
1011
501
1011
1013
1011
503
1011
1013
-1053954
1512
1369
-503314122
-503313101
855
2046
-8285354
-8284331
-8283824
507
1015
256
971
1282
1008
-323847
463
786
2021
507
1004
-3417724
1009
499
1023
1530
1017
507
1015
783
-236984384
1015
1021
509
1015
1019
507
509
271
1023
1017
-324658
493
1001
783
1017
-657428
257
768
1
257
256
271
1001
261
532
999
769
1040
1003
769
1274
13
257
1019
977
271
1013
271
1011
783
-67107391
-67106882
269
256
1019
783
1023
783
1021
1019
783
1
781
256
7
793
256
11
277
256
9
795
256
3
267
256
1021
783
1019
1
781
256
1017
545
953
1866
1008
777
841
779
333
263
849
771
333
269
849
769
851
263
851
779
857
265
351
263
345
267
347
777
349
265
347
775
859
261
863
771
861
257
353
259
861
771
863
771
863
769
351
769
1804
329
1271
852
4309
1559
1286
1796
1286
1798
1284
1798
1794
1284
1796
271
1011
783
1013
271
1013
271
1011
271
1015
271
1017
271
1019
801
256
3
807
256
1
289
256
1
791
256
3
789
768
5
787
768
1
271
768
3
271
768
1023
777
768
1
271
1021
1021
451
953
1473
1989
971
1481
1423
497
159
1182
496
1023
2268
815
1008
-919810
1019
783
1019
783
1017
783
1019
265
256
1021
1019
271
1019
271
499
1013
5
257
503
505
256
1503
2000
503
1019
1019
1017
1021
489
1000
1505
509
507
1011
1015
1019
1017
485
1008
1501
496
-503315480
-503315479
1878
1008
1015
507
505
507
1019
507
939
1046
1005
511
1002
-267710490
511
-3156326
973
1292
2020
1021
511
1506
1008
2009
1013
503
507
1023
2042
-1968685
783
1017
783
1017
271
384628663
384629168
509
511
1530
271
507
-1576212
2665
1279
1007
120402829
120403844
503
501
1021
783
1019
271
1017
271
1017
271
1019
1021
271
1023
768
1023
1021
1021
1021
271
1019
-1314834
-1973012
1017
783
1015
783
1013
271
1015
271
1013
783
1011
783
1013
271
1013
271
1013
271
1013
271
1011
783
1013
783
1011
783
1015
271
1013
271
1013
783
1013
271
1021
768
5
265
768
3
1011
497
497
1007
-1609031800
-1609031307
-268368421
-268367418
1008
2009
1008
1499
1008
1497
1008
2011
496
985
1008
1507
483
496
989
1009
511
1007
1790
997
261
532
1001
775
1558
999
773
1044
999
261
532
997
261
532
999
261
1044
997
259
1042
997
771
1042
997
769
1040
997
257
1276
496
813
-637334766
-637334495
1019
496
2895
783
1017
271
1015
271
1015
271
1013
271
1015
271
1011
271
1009
271
1009
783
1011
271
1009
271
1011
783
1011
271
1007
271
1011
783
1011
271
1009
17764608
1009
783
1011
271
1019
271
1021
261
256
1
505
1019
505
503
1023
-1312834
-3154027
-3153016
783
1009
271
1011
271
1011
271
1013
271
1013
271
1015
271
1015
271
1013
271
1011
271
1015
768
1005
290148532
1005
17764588
17764859
1519
2496
783
1054
