1746
1906
556
70
530
34
516
512
38
40
68
556
108
1232
778
780
270
42
130
36
46
14
0
15
1010
31
984
541
984
535
413
797
382
878
1034
38
0
18
552
512
6
554
512
1012
0
26
24
986
27
994
529
980
539
968
539
988
1055
976
537
968
543
972
20
547
970
541
988
544
1071
1002
40
512
1022
1077
1004
527
986
1065
970
28
512
954
561
36
24
551
994
1044
1002
1030
553
986
539
980
539
998
522
1049
996
522
537
1010
255
1231
1047
978
15
990
19
972
537
0
1274
1016
8
512
960
1215
1563
658
208
678
178
296
660
557
1343164968
1343165005
583
1018
1551
1087
1115
961
657
962
2177
1669
626
1007
612
527
980
1121
968
82
1081
2117
1143
100
978
2077
578
2089
1103
994
1583
1579
594
1499
1607
2087
1617
124
1005
445
1367
3869
1065
14
43
1000
15
2
512
980
573
984
28
43
988
563
982
540
1067
976
1051
988
1051
990
14
541
980
269422592
269423119
1002
26
512
536
512
92
540
548
512
50
572
78
182
748
264
778
748
542
94
528
34
518
0
254
512
1014
15
1008
527
1004
522
1049
1004
24
551
990
22
37
996
1071
998
30
557
1002
1063
1004
18
545
1000
1053
1000
537
1000
520
535
982
6
533
996
10
25
984
6
21
996
527
1008
437194768
956
1581
1573
1577
1565
1043
2051
75
978
2045
527
954
61
992
1099
24
551
928
537
954
1015
1021
568
1585
527
1020
558
0
10
48
0
952
520
1520
512
527
988
541
992
146
1407
1473
792
0
962
544
527
916
1029
527
956
23
958
537
966
29
956
537
934
1061
958
547
950
545
906
561
942
1055
934
555
954
27
942
533
960
17
938
527
886
1045
976
2
15
64
42
0
152
44
140
556
170
26
114
26
252
998
740233270
240
1256
558
0
36
2
574
544
102
174
222
772
234
6308220
6308936
822
786
6
34
512
14
550
0
42
42
86
1196
572
170
788
806
772
46
0
126
544
38
18
512
10
528
512
