2459
3245
4744
6247
7746
8755
501
1019
768
29
265
256
33
783
768
41
259
291
256
55
660
581
43
783
256
17
801
768
33
289
768
31
289
256
39
575
550
286
829
-533978676
-533978193
499
1482
1278
2251
869
496
1427
1449
1447
1961
1443
1445
1955
925
1285
-3155244
-3154730
275
1425
1511
3300
1011
289
388
137
16
943
1259336692
13
285
256
39
801
256
49
787
256
43
795
768
75
1073
59
1557
61
1132
1559
37
299
277
327
275
1093
43
1120
821
801
1160
847
256
37
845
309
630
698
821
256
19
317
1267
305
1277
329
775
1104
458
1281
457
1723
271
5
276
791
768
1005
1601
349
1603
855
2113
339
2111
923734844
923735130
377
1265
343
1593
1585
2099
1593
1640
1002
1221
2263
315
2099
2589
331
1593
875
1146
991
829
2091
315
586
1017
783
987
2609
586
977
1102
949
2089
1575
2063
1555
2087
2043
2057
1565
1118
783
2396
1447
929
1445
650
569
967
824
629
1415
1008
919
496
913
1905
1409
3593
1343
1333
821
861
869
496
889
1379
496
389
1008
403
496
967
947
1959
1439
1439
1963
2468
1425
1509
118423842
768
29
307
311
827
256
13
5
301
256
13
849
1677
961
35
321
1597
833
2081
588
961
1598
943
1070
927
1042
933
261
1766
363
2119
2111
2117
2139
632
1007
783
1009
365
1653
783
1017
373
256
25
919
789
957
1148
957
1619
2637
873
394
744
784
917
1782
987
847
1783
1764
1628377354
1628378640
783
27
849
297
805
768
33
783
51
803
768
33
219087142
768
271
3
807
768
9
293
768
9
279
256
25
787
768
1019
256
491
256
1017
1023
259
499
903
1008
407
1409
875
1008
909
1919
1445
1421
2851
3010
1793
3279
4270
768
1765
457
768
493
256
2511
2007
3794
485
1457
1993
2476
1478
158
499
293
4227
2019
1008
1465
1008
1023
267
256
1046
265
256
57
283
768
107
811
256
33
1101
67
632
1097
61
1166
1055
95
821
768
107
1208
1190
330
809
768
71
358
1537
7665531
7665578
363
1008
2005
496
1970
256
-260209808
471
1231
1490
768
135
1283
1400
271
755
1023
768
135
1027
149
521
177
291
256
143
886
773
97
382
787
997
1074
997
307
1090
1005
295
1078
1009
813
271
339
275
833
256
999
1044
991
1560
981
1062
989
271
43
521
42
2301
-570428652
271
939
271
1700
1054
919
1082
67
1278
2049
1606
963
580
983
1062
989
1076
997
299
1082
1001
307
1583
813
256
1009
783
1013
783
1003
785
1056
1005
1427051264
1013
1057948941
281
256
1023
305
256
25
817
831
1150
327
768
7
297
257
793
256
7
829
256
7
1573
187
2242
314
773
256
51
823
768
51
793
768
59
799
256
77
819
299
1610
325
256
49
1174
857
256
61
867
815
389
768
73
706
959
811
1796
475
301
461
299
552
1791
1822
973
272
31
1021
261
272
9
799
116
784
115
1822
299
813
495
272
39
1009
41
473
768
819
485
817
1007
331
983
323
461
313
991
813
439
279
455
277
473
795
491
261
479
793
447
791
429
279
437
817
1306
265
785
963
256
1019
1800
783
1017
2295
511
2074
1783
1140
491
783
3
299
256
27
301
256
495
1486
1054
995
1564
991
1046
507
256
57
801
847
301
2532
2533
789
2825
773
256
85
1537
83
2913266
65
263
4273681
1275
73
1553
1271
63
1031
73
1557
69
1027
51
797
256
47
801
768
57
1073
65
553
63
1077
73
1059
63
557
123
1706
1087
497
256
29
265
256
27
791
21
367
785
917
797
865
801
889
843
1682
893
791
307
256
49
287
256
1023
256
39
785
59
283
768
1267
93
1577
509
461
1019
496
1515
1011
670
569
961
877
-263906501
1977
3871
929
1953
1437
1967
1469
1008
943
1445
1443
496
1463
475
1029
257
529
267
1580
1015
-268434970
-268434187
1017
267385441
1457
1979
945
3000
3469
1487
2504
1279
975
1824
3358
419
1443
1439
1453
1443
1449
1455
1455
1487
2011
-264283917
1023
-704645382
51
805
-266078346
-1339822232
-523320
257
768
797
289
768
1017
271
1009
263
1046
8735
2532
5857248
79
1292
768
31
283
768
21
301
321
329
895
327
768
1009
1788
811
273
839
315
851
273
825
967
967
1977
963
1975
957
987
496
1481
3430
2316
3449
301
1040
953
1050
949
259
768
7
781
256
21
781
256
49
1055
75
809
256
1003
1008
1413
496
911
1919
496
389
1008
919
1947
1519
925
1459
2976
1008
3024
1017
1277
41
1039
85
1138
775
57
257
256
33
789
256
31
787
256
43
768
487
511
768
509
768
511
256
1021
256
39
773
507
919
874
271
1156
361
511
1991
1984
1475
3982
1487
1489
1008
2007
496
519
775
256
39
267
768
45
269
256
25
769
29
263
256
27
781
256
31
281
256
55
295
768
1294
3
271
67
2278
559
785
768
23
813
256
25
313
768
27
295
768
29
797
293
805
293
1065
41
813
256
37
805
768
31
811
791
829
803
817
768
21
331
279
827
256
17
819
787
813
807
847
293
859
305
2941
971
1479
1995
965
1489
-265607937
499
767
977
1076
971
560
949
546
961
1044
993
688853264
688853535
499
256
19
799
499
1008
2021
509
496
991
1001
-798273546
265
768
1019
-267706858
769
511
256
61
1033
77
295
496
969
496
999
496
1489
1008
2005
2015
1032
257
287
769
1483
1997
1481
3013
4000
1969
2436
1995
1479
945
1459
1975
1459
1453
1957
1975
1475
973
1485
1479
1475
963
496
985
35
257
-267257913
1008
2005
496
1481
1501
1249289
27
277
768
1023
1500
3569
991
1046
989
1236
1280
2048
825
259
1786
783
1013
823070972
1019
309
785
835
303
839
768
3
1560
989
297
568
1003
795
1066
999
261
532
75
863
2472
511
1534
1519
1023
1806
940
927
1951
1963
1447
939
1449
1949
3307
1008
915
1411
1405
1008
702
2566
771
1365
1375
1885
1373
1367
1359
1359
837
1355
1869
1008
867
1373
1877
1875
496
359
3784
353
1841
849
1879
861
1887
861
1385
1915
383
1359
2001
257
528
1001
271
3
291
256
31
815
256
3
771
1754
1558
989
536
991
538
1017
777
165
368
262532246
1005
1060
969
1064
971
1582
977
1066
1
1039
1011
1707
939
1690
1015
305
261
118490847
959
1056
957
1052
955
1564
271
993
1564
979
536
983
1044
989
267
1050
1003
688853772
1011
-436205581
31
1189
965
389
660
1007
1963
2437
496
941
496
431
1471
957
915
1938
1049
67
825
256
37
799
768
31
789
418
716
1783
971
1753
1008
1499
1008
1519
768
21
273
256
31
777
768
55
785
922
454
281
3002
91
1043
99
1061
119
1063
127
783
256
139
1055
137
301
768
131
807
379
319
885
716
1121
119
1649
119
1121
115
355
256
123
1242
1137
163
411
415
915
869
595
97
1704
688
1648
482
296
357
1609
107
1206
319
768
115
1077
127
817
256
127
1053
145
275
256
155
1269
5136
3841
1449
1967
1459
1991
496
1465
1797
768
21
291
768
35
303
795
827
775
280
357
1279
371
256
15
881
785
367
275
361
768
11
873
295
901
768
13
381
811
271
977
283
1066
893
1008
411
3832
2860
399
1907
1423
1439
6775
4288
175
7101
496
679
512
113
271
1017
496
4069
5038
263565595
963
1060
951
1052
953
1076
949
2027
1574
983
1125062195
771
256
1023
983
1086
997
783
3
563
2085
271
1019
795
768
1
803
256
1023
805
256
7
289
768
25
293
768
31
285
256
43
285
768
27
797
768
19
301
768
19
799
768
15
817
768
13
797
768
9
261
256
1011
1017
256
39
771
256
77
805
768
997
992
1279
823
256
11
783
1015
783
7
783
41
805
256
17
795
768
17
799
256
33
799
768
146
645
16
1013
900
0
55
777
256
57
789
768
55
1037
53
1041
51
783
256
69
-263105830
-526605384
-526604389
1451
5389
1008
2051
277
256
21
799
256
15
293
768
19
386859856
256
39
287
256
41
829
256
51
829
768
11
275
256
1011
271
1
277
1060
1013
1070
1506
2289
997
2323
1021
256
61
541
79
791
999
1008
2017
503
505
-2138371
990
783
507
496
989
1013
1013
503
501
993
572
971
2585
1082
959
783
122
383
913
2557
3579
1451
1957
1427
1449
1431
1441
496
1413
923
1919
915
1457
921
925
1407
1417
1433
1965
1519
256
59
285
768
485
1495
-264557112
975
1979
1987
1979
3472
1967
1465
1465
1995
1507
768
505
967
1076
955
1098
965
1078
957
1590
967
2601
1282
628
945
799
271
937
1995
586
929
815
256
77
1185
2597
2607
562
989
2099
1116
985
1192166922
271
3
847
256
1011
1948133387
1327
1
1205
979
405
768
7
271
1019
953
1282
2050
315
768
19
321
256
1021
321
785
815
256
1015
313
283
664
403
1789
1777
269
257
353309032
353309374
1387
1497
1003
919
1263
768
29
345
797
285
256
39
325
287
831
768
35
307
829
1055
41
293
256
39
265
768
13
871
45
295
795
281
256
7
333
819
797
2796
935
1359
1008
387
1008
879
1495
1008
3776
881
1391
2409
911
1419
2423
2872
4500
1987
1479
6916
7911
1008
1483
1999
1008
1997
2498
962
1008
2795
71
521
65
1059
971
1489
1995
2979
959
1469
1467
1751
1007
1959
1455
1975
1981
1025
527
16
768
2918
2912
6795
1485
1493
1008
2009
496
971
496
979
1481
496
543
1027
79
537
471
2939
2854
925
1415
1427
1443
927
1957
1946
1447
1483
1477
1008
782
977
1066
973
564
985
554
1001
1800
655299057
949
544
953
546
959
1070
971
1523
1590
951
1784
1040
985
1052
983
1040
987
1562
31
363
775
811
1082
983
1078
979
1590
979
1074
993
287
256
148
160
784
916
1710
29
787
768
57
819
768
31
275
1015
2494
1008
2025
265
1017
769
768
1011
185537286
11
777
256
7
783
9
789
256
51
311
256
13
-33615132
1001
1044
997
1054
11
1029
55
1209
947
271
495
831
3997
1357
1389
4407
6410
6681
971
776
1773
267
1050
993
787
1058
1011
787
768
3
821
295
331
256
9
319754502
319754773
999
783
1013
621744894
405
468
1763
792
273
768
9
289
256
5
797
768
29
301
768
47
813
256
29
285
768
45
283
768
47
287
768
53
799
256
29
311
271
361
287
343
819
329
793
325
823
867
327
1113
87
383
256
97
1234
857
293
341
287
325
811
845
775
1085
1105
821
768
33
803
768
29
807
256
39
285
768
37
789
768
27
777
256
27
259
256
1021
256
33
263
256
23
769
1019
768
9
787
256
15
781
256
13
279
491
859141
37
547
1023
1294
9
271
256
55
313
256
69
587
43
789
256
27
267
256
503
256
11
487522836
155
936
784
1009
935
768
35
775
256
39
793
43
1569
47
834
259
256
3
787
1570
106
293
0
957
806
291
35
261
768
1017
256
25
271
768
505
256
49
263
-264288027
616
1269
1312
259
949
496
1001
768
503
1967
2428
2920
1503
496
1495
1015
773
768
469
979
496
517
267
49
1031
61
797
2017
496
1007
2813
473
256
15
261
768
65
803
5091
395
496
2741
1413
1455
1449
1973
933
1457
1465
1451
1007
1790
977
1594
951
578
939
2001
2073
1110
907
839
1186
311
271
945
1555
2595
2079
291
783
919
1076
917
317
1224
823
1178
1082
13
1215
927
415
783
923
1082
927
2551
2061
2565
2583
2075
602
963
2549
1535
853
1688
2041
1541
2047
2087
1587
2111
1695487928
333
1218
329
1208
827
1588
3
1500
2501
1106
955
2041
562
981
1104
941
1547
1078
983
1076
967
1080
943
775
783
945
305
783
937
1582
937
311
1198
1622
927
1604
933
1090
935
825
271
927
813
1228
2053
801
271
895
301
271
893
813
271
879
277
783
271
971
773
271
981
277
271
889
532
909
534
28
15
883
803
1742
1774
2771
3693
2808
1385
1905
496
13123
955
971
1995
2472
1953
496
1712
1
51
337
819
829
256
1019
783
768
983
1054
1011
1052
650
2484994421
1275
835
1618
1003
1127
2129
271
286
357
789
321
289
851
285
847
307
847
295
847
817
347
313
341
807
351
803
877
793
883
297
899
256
31
909
781
901
768
1
393
256
11
1019
789
768
1019
271
1
295
256
989
888
814
2616
307
2302475
35
271
768
43
785
768
47
805
768
65
257
540
261
256
11
775
768
15
263
256
39
602
293
256
5
771
256
7
783
15
795
768
1011
777
783
38
942
272
1023
429
256
1
789
768
33
807
256
41
817
831
321
768
51
809
768
61
275
256
63
531
77
783
768
1009
505
33
775
256
7
405
901
1008
931
1937
921
1449
947
1451
925
1449
1995
1001
3325
62
1920
1052
935
-5262362
809
1787
966
1192
1715
572
985
1082
981
829
1612
981
2083
791
1062
991
271
1023
813
1084
3
273
544
1003
309
1092
983
315
1587
853
2105
2095
1654
979
2111
2109
367
1150
1001
873
2619
584
941
1618
947
301
271
929
1068
53
1812
2553
1277
1451
1977
1457
1975
955
1008
1493
1993
496
1007
1495
1008
2011
1008
1505
1008
1055
1545
57
263
1008
1981
266463184
1003
271
1019
783
1019
271
1007
856625934
7
271
1015
837
1781
327
259
790
285
768
7
287
256
13
785
768
3
283
256
37
787
768
25
261
256
509
256
17
269
256
15
273
256
13
279
768
11
783
5
271
5
261
256
1021
265
768
31
283
768
37
799
411
921
1008
421
2826
1933
3412
409
1445
2931
4215
783
883
259
783
907
259
783
1058
985
281
552
991
273
1056
993
783
1001
785
1056
1005
1070
995
2057
2599
2619
2099
1679696631
1679698429
357
781
871
1261
572
973
1598
969
568
983
1092
927
589
1717
2342
322
1329
941
1008
939
1423
1489
951
1003
1465
1041
771
969
1008
1463
1008
2025
1465
496
981
496
955
1479
65
279
-1275071596
1976
1512
1572
1013
1574
15
273
256
25
267
256
13
777
256
39
279
256
41
1539
77
769
768
43
773
768
29
777
256
35
273
768
35
279
768
39
793
256
17
785
768
35
269
256
35
771
768
27
1043
69
1579
497
496
1980
1981
3000
1471
1008
1999
1487
973
1477
3941
4412
1806
875
688
768
31
1008
1495
496
1501
-264944909
1519
2490
1991
1481
1479
965
1008
3004
496
967
1008
1507
499
2508
3267
53
2243
993
3266
1975
3467
1222
439
-789033
-788250
256
45
817
256
501
1524
1997
1493
496
977
1999
496
971
973
496
1507
256
51
1242
1447
931
1453
1461
1981
1467
1461
1979
2992
3441
1963
1967
1967
1971
1965
945
945
1973
1983
1991
496
977
1001
5
23
785
256
9
787
256
3
275
256
13
267
256
1023
271
991
823
1094
1003
1608
999
305
576
1005
819
1602
985
817
1751
853
1779
783
995
1072
977
1074
947
1076
987
1082
915
555
1457
1545
568
969
1062
991
1074
979
1074
995
1588
999
289
1072
991
1578
1001
789
1572
973
1582
959
1080
951
1092
977
1612
965
1090
975
1088
961
1606
963
2073
1621
1622
943
795
271
933
301
271
933
1586
935
1592
982
1789
2195
528
949
1064
949
1066
959
1062
969
554
973
1578
973
1572
971
538
955
542
949
1570
945
795
271
941
1588
943
1590
957
1582
943
1062
953
1064
957
1567
594
955
781
783
923
1568
937
1058
933
542
897
1
1751
2162
-1710324
1552
977
1046
979
1560
1017
1046
997
2233
2470
-1375729636
0
49
407
768
919
496
935
496
427
1008
951
1437
925
915
917
1433
919
1455
1981
957
1475
1463
1481
1497
496
991
-9209403
-9209402
777
768
25
797
467
1489
496
1471
4890
5641
1007
1460
1991
1473
1483
715
776
970
2467
945
1465
8788
3466
496
1999
-527138167
75
521
1976
1465
1497
1987
1467
40
1448
-1181272
1082
987
566
987
809
1592
997
655298844
265
333
799
335
256
1011
1056
1019
783
1021
307
1090
999
299
1279
605
1022
2663
347
256
9
1037
31
1061
55
1041
45
1053
497
768
85
267
768
85
1031
85
1569
19
285
768
47
1126
295
301
299
768
51
301
256
35
815
768
53
813
855
662
833
768
11
781
768
23
797
768
3
283
768
3
293
768
127
900
1135
341
256
15
275
256
11
271
768
1015
1780
3102
57
791
768
39
301
256
39
297
256
31
299
768
51
291
768
21
265
256
1015
2046
7518
473
1008
1053
779
768
6818
5018
496
919
1391
1893
1810
1608
947
1102
949
1608
945
2591
2637
1561
823
1180
2503
835
1686
2681
-804313280
2007
311
1682
2007
1092
891
2001
819
271
903
291
271
913
1590
901
1086
923
831
783
915
321
271
845
1979
1945
1993
1465
616
917
2019
817
271
859
1393
1459
1453
1674
1827
2091
789
271
875
1610
887
797
1696
833
1708
1136
957
2109
2141
2677
702
965
2677
2203
2641
1687
2741
-1827728458
441
742
2080
2008
2451
-266791959
-266790486
-266789793
539
972
1240
475
1505
491
1495
496
1987
2966
4932
496
1489
2826486
1017
1013
1008
1501
491
67
1043
75
1250
985
1008
1497
983
875
496
381
496
905
1453
2302
941
1798
793
987
791
1734
290
301
295
853
303
317
256
1017
783
1011
783
1013
271
1021
799
1582
106
287
1461
285
567
797
768
13
787
768
25
793
768
27
283
256
31
785
768
31
787
768
41
275
768
55
273
256
41
791
256
9
281
768
1019
265
256
29
793
256
501
19
263
768
1019
1008
2507
2992
1008
1493
496
975
2497
3760
81
1056
993
271
1009
521077060
799
855
1781
801
2601
1117
345
2117
361
1735
685
979
1722
1003
411
1791
383
261
389
779
905
256
9
391
295
403
768
47
907
805
397
273
401
775
-1458630238
1789
437
1791
271
953
1076
939
590
49
891
899
2011
1046
969
1050
981
1602
979
1596
985
1096
997
317
588
983
1590
973
568
953
1074
937
1539
1096
957
1612
933
574
939
570
943
1074
943
1580
969
809
2569
1301
1368
1788
1214
435
1423
2940
5
271
505
1008
907
1008
391
1391
1377
496
359
1355
1343
821
1333
1845
1353
1504
353
1375
1885
496
381
1008
385
1923
1933
1419
903
1411
901
5327
496
921
1417
496
419
1443
20
1469
430
1413
1008
397
496
395
496
403
1399
1881
897
1008
385
885
1415
1417
1409
1008
913
1008
385
1008
895
1943
1439
855
1366
1782
1577
1608
915
1570
901
1558
905
293
783
889
271
119
527
1414
1078
917
261067589
859
768
25
839
315
813
768
9
309
787
833
1104
997
1606
15
1274
596
967
1122
983
1102
927
1084
973
1620
965
2037
770
1665
1264
256
1019
271
973
1977
1983
1479
2005
985
1008
1499
983
1501
496
2501
3000
768
1003
1966
1995
1008
2001
496
3272608200
3272611190
3272614172
3272615161
3007
5012
7021
7116
529
89
1025
83
1561
87
1029
95
539
111
690
1081
99
1545
83
1632
257
256
75
819
401
111
401
88
295
257
295
1708
1672
367
305
901
307
367
839
1109
67
1128
1065
55
303
256
1023
768
27
299
23
783
993
509
1008
2283
1787
1013
496
925
1008
1473
7566302
2454
1453
1463
943
655
512
948
271
925
496
397
1935
1008
917
1931
1915
1008
387
1008
927
1897
2274
311
256
1017
2585
1637
883
256
1003
1702
1596
995
293
-1894841455
885
768
65
873
853
845
291
1660
1142
823
787
827
275
817
289
837
795
304
821
768
9
307
768
1023
311
256
19
835
307
1608
271
1805
998
505
1008
1997
2501
2982
496
1503
479
2015
501
-533319732
-533319235
47
1027
77
529
479
1451
939
1967
963
1983
1471
1459
3038
3309
841
796
839
1562
925
1290
2251
1100
961
1096
951
2573
1104
959
1092
957
2591
2619
355
2111
1112
933
805
783
927
297
271
933
568
949
805
1243
1751
893
1734
949
544
959
562
957
562
959
1078
955
560
977
558
973
1068
965
540
971
1074
959
544
949
1072
965
1066
937
295
271
931
1052
947
1070
987
1080
987
572
120
1415
692
1885
496
889
496
891
3356
381
1008
389
496
905
496
1023
610
1294
2285
1576
991
1574
989
1068
979
1588
975
2053
582
961
1094
969
1092
961
2577
2107
853
2613
560
937
793
271
931
793
271
937
793
271
991
265
768
53
693
859
676
1452
1435
921
1008
939
931
1451
949
951
1463
951
1465
3009
5449
941
1453
941
1989
86
1947
2916
1499
-4208474
23
805
1922
2125
2908
1007
783
1019
269
256
21
811
768
25
293
256
983
2213
937
1457
1457
943
1967
1451
1443
1447
1447
1459
1983
957
1465
1465
1463
1985
496
2001
2464
2485
1989
1989
1993
2275
511
496
2015
2506
-1184317
496
1491
1491
496
1495
1008
1059
1257
287
901
656
991
1485
989
961
1461
-1073746519
-1073745243
256
1
259
256
13
269
768
41
303
768
31
785
503
509
2013
-267314718
497
-266655774
-265474599
-265474110
1008
2011
499
509
503
1015
1023
256
47
287
768
41
771
496
925
933
1443
1951
1437
1435
496
421
5351
1008
1023
363
865
1885
1375
859
1371
1899
1008
409
1379
1437
3754
7
1025
1017
398
287
917
1180
783
985
1090
987
1090
993
817
1088
997
817
1088
1009
289
560
995
291
1074
1001
621744894
1011
271
1019
271
1011
797
1580
991
564
987
1084
987
1090
985
576
979
1090
987
2075
821
1604
993
825
2619
845
777
1258
558
955
566
955
570
957
570
983
553
161
415
528
929
2209
1556
987
1068
993
797
1068
997
801
1584
1003
783
1013
783
1
289
256
1
991
315
1591
825
1608
1009
783
1011
313
265
345
793
349
1775
1592
979
1600
979
1604
981
1086
25
47
792
214
799
959
907
1690
1001
279
1062
999
797
1580
1003
801
1072
1005
271
1013
783
1019
997
297
568
989
297
568
989
1082
991
1594
993
297
568
997
297
1080
1013
1003
319754492
1015
271
1015
271
1021
789
256
5
279
768
15
787
768
1
271
1011
279
1062
997
289
560
1007
722408214
722408485
1003
655299328
1017
271
1021
59
1367
1497
943
935
1718
1425
1427
496
939
927
927
927
923
923
1439
2934
2430
1423
917
1459
1973
949
1971
1973
2250
833
2875
271
1023
781
256
31
815
768
29
795
2519
1247
1638
1021
273
769
1278
768
1021
496
1431
935
1449
1447
1443
1445
1447
1457
1465
955
1471
1477
1475
1473
1491
1015
1008
1465
2015
2286
29
305
256
39
807
768
1021
31
1802
1015
1975
1145
1955
1986
1475
961
2442
1040
815
256
31
817
256
1554
995
267
1050
999
267
1050
997
781
1052
1003
151982848
1015
271
9
797
256
31
809
256
333
1363
496
357
1879
1008
361
496
869
496
869
851
496
359
1373
1895
1008
383
1393
1008
387
1391
1008
893
881
2933
423
1383
1967
496
680
1037
1743
817
1088
1001
1612587291
273
349
783
783
991
1072
979
1082
977
1084
975
301
572
57
1138
2022
809
1080
1003
791
1062
1003
799
1070
1011
783
1013
271
1017
999
309
580
993
823
2095
271
1007
923735295
841
279
865
267
313
1096
979
562
977
576
973
1600
961
305
256
164
77
932
2617
843
1626
999
281
552
1001
285
1068
1001
797
1068
1007
783
1011
783
1019
271
995
309
580
993
307
1090
997
305
1088
1005
783
1007
271
1019
311
279
857
785
271
993
1580
981
1082
981
1078
977
811
768
75
2294
2085
118427904
1007
271
1013
783
1017
271
1021
281
256
5
279
256
9
275
256
1023
783
1007
791
1062
993
283
554
1003
755962134
755962405
999
1277043443
1013
783
1017
295
277
843
793
827
768
999
1562
979
1060
983
1064
989
548
33
273
768
55
1217
925
929
1200
465
1471
1485
-265079346
1437
1957
2030
2513
1997
1485
1995
1213
1836
1686
1791
47
799
256
511
1494
1479
1504
4010
1795
2802
496
1503
539
1005
1294
3281
1469
2396
1022
768
43
279
768
983
1721
2061
1880
496
975
2003
-266392321
511
1465
4506
4985
496
688
993
2259
397
1008
911
1409
897
1407
1008
399
1942
1031
1009
271
1013
783
1015
275
768
17
821
768
25
305
256
1005
534
985
536
977
1566
983
1056
17
525
23
1715
921
1698
271
999
809
1592
1005
271
1013
783
1015
295
768
13
839
279
843
768
1007
1064
981
1072
979
1586
983
1072
3
537
125
2579
799
1070
1003
265
536
1005
783
1011
271
1017
783
1021
1019
783
1001
273
1056
995
793
1576
1001
803
1074
1005
803
1586
1003
271
1009
783
1017
271
1021
289
256
19
315
291
837
256
1021
785
1568
985
1574
985
1574
987
1064
997
279
768
176
91
1456
2067
791
1574
1021
7
781
256
35
299
768
33
799
496
557
-1409283937
-1409282914
-1409281906
-1409280899
256
49
261
768
1992
949
2486
2673
1800
3161
41
273
1023
2002
961
674
569
946
1180
3990
-2367016
-2364985
-2364807
535
1458
2047
-805305920
-805304406
-267444487
41
275
768
1488
4280
4791
6837
7312
967
1277
1506
3512
1515
496
1264
47
785
256
978
1473
525
1277
1894
2405
4417
5917
1485
973
1993
2510
496
973
971
1483
264739434
1481
965
2506
1483
1483
1989
1264
47
789
256
2502
527
279
768
35
785
1008
3012
3054
4039
1475
1519
2502
1475
2512
3501
1481
967
1481
1519
2542
-128552
-125721
256
503
1475
1473
3026
3495
2030
3564
4583
768
45
787
256
501
1989
1989
1513
768
35
277
256
507
1008
1992
1479
2030
3007
3033
4026
1008
1085
633
1536
361
872
1869
1008
1493
1008
1493
496
977
496
979
1008
1208
1001
1288
1023
3012
967
963
1985
2031
3022
1008
1075
1141
2050
357
868
1891
2413
779
256
27
269
985
1479
1519
2030
3021
496
1485
1999
1995
2031
3527
965
2016
2511
21
771
768
43
273
989
2999
1481
965
2515
-982863
768
511
1988
1989
973
971
3003
1995
967
1477
2031
3510
-268365096
31
273
256
991
3037
3571
275
768
33
781
-663586
-662307
37
783
1483
2514
3537
4008
967
3025
4012
1479
1479
2067
271
768
995
2042
269
768
37
783
1483
2010
2999
1485
971
1483
1491
2514
-804048233
41
789
256
1278
33
273
1023
1557
787
768
29
269
496
975
1003
256
37
793
768
29
257
1008
1997
1993
1479
1479
1475
991
19
779
256
37
275
511
1811
768
29
777
1008
1264
29
269
1008
1483
1483
969
2985
1481
969
2512
3997
1479
1180
1001
1190
1000
1511
-392749
-391966
-390997
1294
1023
2032
-267972359
35
279
256
31
265
1008
2147
3060
355
1378
3182
1862
1995
1481
1483
1007
1046
779
979
4417
768
1691
1378
2754
4247
4394
866
256
1171
865
1376
1877
2373
2557
611
1563
-917167
-2162630
23
275
256
1019
-785946
-269089325
-805759604
768
41
277
256
2759
4293
1473
1487
496
977
1999
2001
1971
959
1475
1479
2031
3020
1485
1997
971
971
1483
969
2031
-454179
768
25
275
256
1009
2031
3014
1479
973
1995
1487
1481
971
992
1165
360
768
1709
1382
-1180330
-1179051
33
789
256
1046
775
1008
1493
1008
2007
496
1493
1008
3013
3208
873
1836
360
615
1600
965
1481
1477
1993
1552
1735
1008
1485
973
1997
1519
1988
1989
1479
2031
-522276
-521825
1481
1485
1485
977
1008
2001
496
981
1008
1491
1008
1491
496
1513
503
3
771
256
27
779
256
989
1485
973
3530
4026
4511
1008
1493
1008
1495
496
985
1008
1497
1008
1501
501
505
968
409
680
1515
54
-2618968
-804778053
-201324620
-369097004
-369095519
-369095450
1143
2054
359
1382
2890
3369
1489
1008
1491
496
979
496
1491
496
1493
1008
2031
2042
773
256
37
791
256
511
-262677
-262166
-261143
-259609
-258702
-2101504
-2101292
1575
1710
566
1737
1485
1487
496
1007
3004
496
977
1999
1008
1489
496
1489
496
1489
1008
1997
1485
1997
1483
2023
1023
3069
4059
1184
81
944
-918244
-268365856
-268304425
768
39
789
256
3580
5626
6138
942
1718
491
1002
2025
2536
3531
496
1491
496
983
496
1504
2491
1485
1485
1999
975
1008
1519
2798
23
777
1008
1264
-335543367
13
777
768
29
275
479
1487
1491
2031
3002
1459
1967
1459
2449
1457
1435
1008
783
987
1058
993
1062
1011
533
200
1087
2549
2820
1001
791
1062
1003
783
5
815
277
825
768
1009
1554
977
1564
981
542
981
1056
973
787
256
182
553
950
1078
1011
256
5
775
256
5
265
256
19
795
256
41
301
256
23
489
496
1497
1008
2009
1008
1497
1008
2484
2012
496
2491
1483
1489
241
1848
-264420486
2956
1983
2972
1983
3472
6463
-265737993
1017
485
17
2773
1475
963
1987
1475
1477
1477
1475
1479
1485
2056
450
1514
2024
-536
1017
503
489
-267314213
-267313206
-266790437
-266789434
1008
2011
1008
1101
1191
919
903
1686
-838859805
511
1532
-1442982
-2230972
-4465889
265
768
21
275
-1972264
-1970009
-1968986
-1967963
-1966969
-1966661
1743
3260
1008
2023
1463
1795
2903
917
883
1878
2007
77
756
1023
2010
1481
1483
2001
2512
-268102219
256
27
785
256
37
273
-135712
-134178
-872547404
-872546381
-872546201
29
948
1288
1009
-100662796
768
507
-267780365
123
271
1276
869
496
1473
1997
1483
1485
1483
1483
1991
1477
1477
1993
1491
268157602
268158610
268158689
1141
2070
869
1380
-637532351
-637530853
-1576599
-1575198
-1574283
889
2347
2057
1519
2522
62
755
993
2016
2037
269
768
479
973
496
1007
3130
1490
496
1493
1008
1495
2006
4001
1483
-64024
769
256
39
275
256
4092
-1703746
1534
2005
3531
1007
1170
872
768
1699
-402651442
857
2353
971
973
1997
496
1489
496
1519
3023
3023
946
2051
-234880346
523
512
950
859
1279
2276
1008
2007
1008
1017
771
768
29
775
479
1489
496
1491
496
1007
2519
3030
-2365502
-2365485
777
256
33
273
477
1981
1008
2003
1008
2005
1008
1497
1008
2007
1008
1499
1008
1497
-268437060
1999
1491
496
977
1008
2005
1008
2007
3030
272700509
272701020
272703015
1995
975
1485
975
1008
1487
1491
496
517
773
768
1023
1489
1491
496
979
1008
2005
1008
-1006630484
-1006628464
-1006627441
-1006626443
-1006624411
256
21
783
768
31
781
-794658
-794165
-268497180
29
275
256
1019
1008
1487
1485
496
1487
2003
496
1003
256
25
271
768
999
3556
5536
493
1262
2310
263
768
-671087181
-671086716
-671085437
176
3
1456
1292
1023
2009
1483
973
1487
1485
1008
1487
1491
496
2991
1997
1485
496
975
1489
1008
1519
1998
496
1487
2003
496
1493
1008
2001
496
977
1008
2005
496
1519
3023
4527
5550
6531
7553
9599
10343
1997
973
496
1489
496
1489
496
1271
256
23
263
496
1479
969
1483
1995
3023
5813
15
769
256
39
789
768
3038
2003
496
981
496
977
496
1499
1008
1505
503
495
-803134027
-803133534
-267577840
265
256
47
783
-267650099
-266921496
1015
1522
2533
256
25
787
256
25
771
1008
1999
1491
1008
2001
496
979
1008
2003
1008
1481
1993
1995
3054
4539
1487
1999
1487
496
1007
3068
263
768
27
263
995
496
1493
496
981
496
1007
1518
2029
3022
1008
1493
1008
2005
1008
1495
496
1493
496
-325918
15
271
768
31
271
-771750974
-1006628598
843
-268432619
-268432136
2001
1008
1491
1008
2518
-391249
768
37
273
768
1534
-392208
771
768
37
273
256
2045
2556
4064
5087
6060
998
1509
2020
3554
5128
1960
1507
2994
496
1489
2003
1008
2003
496
981
1008
2007
1008
1987
1479
1481
1483
1483
973
1489
496
2004
3491
1489
1008
1491
1008
2005
496
1495
1008
2009
-268829754
-268828765
1487
496
1489
496
979
496
981
1008
1497
1008
4503
1483
973
1485
977
496
977
496
979
1008
2766
263189236
1462
-1313990
-1313480
1769
2772
1021
256
39
783
256
2045
3068
4041
961
961
1477
967
1481
1995
977
1483
975
1999
1489
1008
2005
1008
2007
1008
2506
1487
1487
1008
2003
496
1491
496
1491
1008
1495
496
1007
1989
1481
1485
973
496
1489
1491
1008
1495
496
2502
1995
1483
1999
496
987
9
769
256
31
781
489
496
1491
4065
1966
1999
496
1491
496
1491
496
981
496
1491
2002
2991
496
977
2003
1008
1491
496
985
496
1495
496
2888
-1051159
-1050391
44
1372
511
2159
344
1701
-1180879
-2364160
267
256
29
781
-923712
-1448533
-1446128
-1445930
866
1832
891
1118
2030
2798
1518
2659
350
1167
349
1371
2352
-335935539
-335934025
-335933002
-335931492
-335930003
-335929958
633
1572
511
1022
-670884628
31
269
768
-637532745
-637530735
1487
1999
1008
2003
1008
1493
1008
1493
496
1493
1008
2947
1455
1445
943
1465
1459
1993
2001
2003
1485
496
1491
977
496
1491
1491
1008
2015
1003
-267053605
-267052596
1009
1013
1013
503
507
998
1453
1975
1469
1483
973
1487
1487
496
1277
768
29
261
496
1504
2503
496
985
1008
2000
496
1489
1491
496
1493
1008
1495
496
3508
4531
4689
515
1438
1721
2001
1487
1008
2506
5035
-914027
-913546
44
1886
2989
1485
1487
2001
496
979
496
983
496
1497
1008
1793
768
-603978829
-603977295
-603975785
-419224684
2251
1489
496
979
1008
1491
1008
1029
928
700
481
496
977
1008
1495
496
981
1008
1497
496
983
1008
1519
2031
995
485
271
1023
1534
1968
1706
1017
1510
-263371719
-263370780
1023
4536
1383
1938
1388
-1182229
-1181206
-1180725
1008
1085
633
1574
511
1022
3038
1485
1008
1491
1988
1479
1995
973
1999
1519
-2102839
-2101844
269
969
496
975
2001
1008
1489
1008
1493
1008
2007
496
985
496
1497
496
987
-267974691
-267974180
-267973707
1485
1485
1487
496
1489
496
977
1008
2005
1008
1519
-2894923
-2894432
-2893421
263
256
5
1023
-603977249
-603976326
-637532681
-637531673
-637530676
496
1495
1008
1497
1008
1499
1008
2013
-2501191
-2500920
13
777
768
491
2005
2034
265
-792658
1995
973
975
496
1491
496
1491
1008
1979
971
1999
1999
1489
496
1493
496
983
496
1497
496
989
-268237842
-268237363
2001
1008
1489
496
1493
1008
2005
1008
2009
-64018
-63522
-62531
1489
1008
2005
1008
1495
496
987
496
519
779
768
479
1487
1489
496
981
1008
1495
1008
-655908
-655412
-654411
496
1501
-268303917
-268302928
975
1008
1491
496
979
1008
1495
1008
2009
1008
1501
-268172328
-268171817
-268170336
1481
1485
975
496
752
3069
-738193912
1516
19
781
256
23
-655382
-654433
-905967671
-905966934
263947403
262370419
262371390
262371487
352
2062
-536869930
496
1491
1008
2003
496
983
1008
2007
1008
1499
1008
2004
496
1519
4525
4998
973
1487
496
977
496
2275
2786
3297
3784
4807
5318
7317
3491
-392016
-391505
-391466
263
-704642622
-704641599
-704640610
496
975
977
1008
1491
496
1491
1008
2023
256
43
775
1496
1995
1485
975
1487
1008
1491
1008
2031
5043
-912485
-911313
77
932
668
511
1498
977
1491
496
981
496
985
1008
-1778381400
-1778379702
4918
6181
6660
496
1489
496
981
496
981
1008
2005
496
1497
496
1518
2509
3532
-653898
-652891
-2625139
-2624628
-2623152
1477
973
1483
1483
1509
768
21
777
768
1790
271
1007
1057952038
1057953810
1563
2087
1575
588
985
1088
989
1080
997
295
566
991
1588
997
801
1584
1019
313
775
833
256
1003
1560
965
1052
965
1050
969
1046
961
777
191
2306
2716
1463
1467
959
1517
768
27
275
256
997
3010
4033
4332
256
45
781
1008
-1049658
-1049147
-1045618
-1045107
-1043636
1979
1463
951
1983
1489
496
1499
1008
1499
1008
2487
971
1485
1999
496
1489
496
1489
1008
2007
496
1519
4008
1270
1008
1519
-234878516
-236456524
-236456013
-236455231
182
596
1718
339
1381
773
768
27
259
496
1474
967
965
1483
1997
1499
2010
-654439
496
1503
-274
512
934
2743
1463
1481
1774856
783
1019
783
1017
-1445985
965
1493
2516
3523
1008
2025
2536
-268039453
13
773
496
1453
2757
3268
3723
3085
15
265
1008
1519
2504
3988
581
2068
2045
1987
1511
2514
453972214
453973722
-267843112
1554
991
787
1570
1008
1509
1008
2021
1534
3580
5620
256
507
501
261
768
3
271
997
779
1562
1005
472
-917285
1015
256
1
256
1500
-268040257
265
768
1015
496
1735
-787867
-888203301
1361
1232
2287
1906
3385
1487
1008
2003
496
1278
1
273
546
1270
1009
651
844
1691
1474
1483
1485
1999
1008
2023
1008
2027
1005
496
1483
-1207958627
-1207956086
-267712100
496
999
496
953
917
1519
1898
1008
1465
1993
1008
2001
491
497
11
773
479
3091
5
400
1817
107
563
113
1075
93
1083
107
1085
97
1587
73
1573
61
553
59
773
288
51
1023
37
501
31
497
784
889
227
515
104
25
840
1001
997
819
959
315
447
313
941
813
941
819
427
784
23
885
275
843
1803
287
1013
295
1094
1007
799
1086
1001
799
1005
791
1590
1001
267
1539
-854650452
-854649198
2743
2223
2153
1593
2613
1161
1393
1001
941
676
1001
775
1046
997
265
-637992084
44
1015
2054
2048
1865
775
256
5
783
1015
783
1023
256
19
807
768
1013
7
789
489
1505
496
-1050
-965
1560
-905967440
847
1870
-738192321
1009
1981
1471
1993
496
1517
496
2030
2985
5019
139
824
1719
311
2577
1284
2866
1019
256
11
273
256
489
-537852211
493
987
501
2046
2063
771
496
1495
2006
3028
3517
495
509
9
781
768
493
496
3685
822
1199
2390
768
17
267
1008
2703
1723
-261706
271
991
1502
-783208
845
2319
949
1469
1519
3029
4052
4666
4937
5904
357
868
1891
1986
2058
837
2041
496
534
608
1740
351
2319
2522
1560
993
273
544
1003
257
-1972520
-1972075
60
1938
783
1015
769
1552
989
1046
995
285
556
3556
1674
844
1691
1871
683
2567
855
3909
8920
1279
995
534
997
152044000
152044511
152046045
150799785
-1459808410
-1459807387
-1459806303
2044
315
2325
1008
1997
496
1493
31
779
1496
496
1491
21
269
2507
4041
4998
817
2063
2396
-570423865
-570421839
-134217256
-134215788
-738193574
-738192551
-738192280
983
805
2783
1457
1975
3523
-1440156
-1438526
90
1854
-1577056334
2757
-3284837
-3283665
2073
1873
2354
496
983
496
1501
-263439
21
267
1023
3575
843
2362
2845
1008
1495
496
1501
779
768
509
1504
2497
496
1493
496
1501
-267844143
-267843627
261
256
15
773
1008
2510
496
979
496
985
-264688772
505
1023
505
499
1009
1007
-265077788
-265078732
517
85
535
495
2003
-267053091
-267052086
-266528961
368
2120323
1008
1493
1008
2009
496
1481
-263630437
495
505
1017
507
803
1997
1495
1008
1503
-534105647
-266130448
31
769
256
15
773
256
3
267
256
1023
267
768
3
257
1007
1506
3038
485
996
1604
1728
863
2909
2958
1746
2751
-268305962
-268305451
-268304462
2001
1008
1493
1008
2011
-268565862
23
791
768
-503314495
-503312976
-503312489
-267312389
39
261
256
2007
1481
973
1487
1008
1493
496
3518
1489
1008
1519
3017
5013
5112
890
2144
999
1510
1517
771
256
19
-655427
-654405
-653418
1485
1487
1008
2003
496
1497
1008
1501
-268304912
-268303917
1008
2003
1008
2011
1008
1785
768
1001
1008
-1182772
-1181508
930
-1314065
-1639470
23
777
768
31
265
1008
1485
1487
1489
496
1495
1008
1499
-132632
256
35
775
256
-3154985
-3153962
-3153184
2018
1008
2007
496
1519
3017
4502
973
496
1487
1489
1008
2005
1008
1495
496
971
1483
973
973
1007
2004
1008
1497
496
-1342175275
-1342173741
-1342172718
-1342171717
496
2302
3043
256
26
644
799
955
783
1785
2014
-786517
-785007
496
1517
256
39
265
256
2557
3068
4065
496
981
1008
1519
2526
4557
5314
926
2305
3328
-671084303
-671082769
-671081760
-672921417
-4162580372
-4162579375
1008
2003
1008
2007
29
771
768
41
257
1008
2491
1999
2542
3564
5098
-335538238
-335535682
-336850008
-336846514
2275
2531
33
269
768
993
1491
496
1493
1008
1519
-267286613
-267286518
1137
2074
865
1376
2385
-3416788
-3416277
-3414270
-3414205
625
1578
-503313450
-503311404
-503310685
-503310616
1139
2084
1023
-301987857
-301986886
1768
-1442608
-1441619
60
1894
851
2365
3388
4383
1008
1491
1008
1495
1008
2013
-1048635
-1047687
1294
496
-1443883
-1442377
-1441898
597
348
2064
859
2359
1485
496
975
2754
21
511
3042
3813
2386
3037
4543
6755
342
1205
-704640761
-704639239
-704638217
-704637728
496
1497
496
985
496
1497
1008
1513
768
39
265
256
1522
-2627637
-2626130
54
2414
803
-402651402
-402648845
-402648062
1023
3069
4875
4896
773
496
981
496
983
496
985
496
985
1008
2510
496
1489
496
1519
2502
3982
1487
1487
1489
496
1487
1008
1493
496
981
1008
2031
4045
1997
1483
1479
1479
1989
1483
1995
496
2490
3475
-526072954
1025
57
775
256
55
267
768
53
1033
59
1027
2030
271
1005
203363225
-134217232
-134216209
-134215980
71
262009966
1479
971
1999
-265177845
1061
885
1396
1457
1147
2094
1023
3041
4026
-650334
262144186
262144457
1005
2028
2501
4546
-915024
-914048
1706
1023
1522
3028
1008
1491
1008
1493
1008
2007
1008
2009
496
1497
1008
2278
1436
2553
1023
1504
2527
4014
496
1491
496
979
496
979
1008
1491
1008
1495
1008
1503
473
-1311782
-1310759
-1309109
346
1181
345
1861
3359
1487
975
496
979
496
2008
1008
2007
1008
1961
1782
29
777
768
995
-1049139
-1047605
-1045823
511
548
261
256
991
2525
2555
2440
1286
256
1005
2284
1011
-603975248
-603974225
-603974009
1844
886
1654
23
1023
2026
-1706778
-738193763
-738192765
-738192254
-738190746
496
1007
1995
-389198
-471993030
-471992479
512
926
1718
507
-3683386
-3682383
-3681872
-3680339
1966
2523
1487
977
496
1489
496
1493
496
983
496
1518
2507
1487
496
-393254
-391193
347
-302776523
-302776298
768
36
134
287
965
271
-2498609
-2497870
256
38
656
271
1248
511
3548
5082
5593
6586
42
1914
1508
2019
3506
1008
1491
496
1491
496
981
496
1435
861
2395
3893
-1179358
-1178847
-1178368
496
1489
496
977
496
1491
1008
2007
496
2506
4040
5091
1400
2523
3507
1938
1283
-1184081
-1183059
-1181559
-1178490
-1178318
78
1196
351
2397
2908
1008
2542
2606
988
1499
2000
1001
496
1261
0
946
1802
1534
-403702344
-405147778
-405147267
-405146298
973
2001
496
981
1008
2031
4045
4556
5414
1171
345
1879
2138
1008
-391205
-389183
666
591
1450
393
664
980
-1709120
-1708609
-1706565
1023
2739
-536867870
-536862504
-536861481
-536859435
-536858939
-536858710
60
498
995
1023
1213
1551
369
-1577654
-1577592
1960
2537
3528
1489
1008
1489
1008
2005
1008
2005
1008
2009
-132116
-131641
-2628427
955
7901
9398
11996
-788261468
107
789
256
123
1764
5074
85
465
1729
2716
-523573114
1553
101
1061
81
263
1013
997
1008
2007
1008
1495
1008
2011
-267974179
-267973156
-267971671
2001
981
1008
1493
496
983
-395834
-259519929
1777
2545
23
271
768
997
2530
3824
4846
6865
7376
7887
8398
8853
967
1993
1481
1485
975
1489
1008
1489
496
979
1008
2007
1008
3537
4544
7101
8096
42
1914
-919063
-918088
-917915
352
1709
351
2397
2934
483
997
1008
1495
496
2810
372
947
-470024246
-1308883011
-1308881989
-2083050104
-2083049952
3
1432
2053
2046
4602
5625
6648
7641
1008
1491
496
979
496
1007
2029
2514
965
971
971
975
1999
496
1491
496
979
496
1495
496
1497
496
1007
256
511
496
3531
30
1453
979
1519
3565
-265173547
48
1910
2046
3061
505
992
1008
1065
625
1570
511
1518
-1313320
-736778570
-736777054
-738618228
-738617717
-738617236
-738616725
-738616466
256
31
777
496
975
1008
1489
2003
1008
2003
496
1497
1008
1495
496
1504
2011
256
39
773
256
1500
1997
1999
977
496
1491
1008
1493
1008
1495
1008
1495
1008
2542
2587
2281
2540
-1974860
2001
496
1489
1008
1493
496
1495
496
1499
1008
1499
-1185313
-1182077
2069
680
511
-335541780
-335541257
512
934
2563
-2759724
-2759213
-2758238
1487
975
1999
2003
496
979
1008
1493
1008
1495
1008
2011
-268105765
-268104776
1485
1489
496
1489
496
1491
496
1493
496
1495
496
1499
1008
2019
1017
975
977
1008
2003
1008
1491
1008
2007
1008
2685
2909
-2761529
271
981
592
1033
75
525
77
1553
83
1041
91
1549
97
1031
101
517
107
263
768
105
775
256
101
777
256
111
791
256
145
1069
117
848
1025
73
1027
77
1029
87
1543
183
533
439
700
833
1909
1037
61
1029
63
1539
1095
421
983
901
256
979
1999
496
1487
1487
1008
2003
2005
496
981
1008
2007
496
987
496
989
1022
2515
0
943
483
1770
4303
4814
5073
256
3049
34
-3010657
1008
2003
1491
496
1493
1008
2007
1008
1497
496
1499
-535161891
-535159861
-1038474356
-1038473333
-1038472854
1489
1008
2003
1008
1495
1008
2007
1008
2009
496
1519
2008
3031
4325
5258
865
1376
1851
1487
1999
1008
2005
1008
2003
1008
1495
1008
2009
1008
-262198
-4252774
-4252598
33
944
-266893653
-266893546
866
1137
2080
511
968
1997
1487
1999
496
975
1491
496
979
496
1493
496
985
1008
1499
1008
2031
3054
3533
1489
1008
1491
496
981
1008
2007
1008
1497
1008
2542
3475
891
1914
2895
2920
356
783
1740
511
2045
3000
1510
-1049650
-1048494
348
1713
2895
2928
263
1506
1449
-918325
-917836
1008
1497
1008
2007
496
973
1999
2001
1008
1491
496
981
496
985
1008
1499
-918602
-917090
-916067
-915072
64
1420
2013
3035
3996
1009
-2498102
-2497591
-2496856
256
26
644
957
-234879009
-234878498
-234877508
-236586077
-236584082
1483
1997
1999
1008
1999
496
971
1997
496
1487
1487
1008
1493
1008
2005
1008
2009
1008
2031
2536
1013
496
-2495655
1270
1483
1483
1485
1487
496
1491
496
979
1008
1493
496
1495
1008
2011
1008
1519
-973073962
-973073471
1008
1497
496
1499
-268438074
-268435005
912
1753
-3287888
-3287377
-3286371
-6836618
-6836107
-6834573
-6832527
-6831536
1999
1489
1008
2003
1008
2005
1008
1495
1008
2031
4555
9602
1008
2005
1008
1495
1008
2009
1008
2514
6329
995
496
983
496
1499
1008
-917049
-269351516
-269348589
371
404
257
-704642402
94
1200
875
1898
2399
3913
4424
5391
969
1483
1483
4543
496
1489
1008
2005
1008
1578
262138500
261614700
261615185
1008
1497
1008
2031
2542
3581
1976
1534
2533
3044
4052
5047
496
1491
496
1493
496
1495
496
1497
1008
-1708591
-1708114
1485
2001
496
979
496
981
496
1495
1008
2011
496
1499
-268568611
-268567589
-268566608
-268566397
1640
2619
1698
1023
4045
1489
1008
1491
1008
2007
496
985
1008
1517
256
983
971
971
975
1489
496
-1709092
-1706551
-3547213
-3546190
-3545167
-3544174
-3543663
-3541136
1008
2005
1008
1493
1008
2007
1008
1497
-2635852
-2634378
891
-738195635
-738195139
-738194132
1451
2299
3302
-838854444
-838853473
2801
3822
489
1512
3558
4069
5563
971
1483
1997
1485
2001
1519
-771749944
-771748378
1747
2770
3041
2507
42
2444
2046
3301
46
1012
-656405
-656039
263053610
263054633
-575804663
-575803686
-1051157
-1050670
-1050159
-1049676
1008
1491
1008
1493
1008
2009
1008
1499
-922182
-1841781
-1840275
-1838229
-1837746
-1836452
-1835519
1023
2014
975
2001
496
1491
496
981
496
1497
1008
1997
1999
2003
1008
2005
1008
2007
496
1497
1008
-1182255
-236062799
-236061812
-236585610
-236583204
-1744828460
768
511
-301988880
-301986875
-301986780
1137
2046
511
1478
1483
1481
1485
1483
1489
2001
496
981
1008
1495
496
987
496
977
1489
1008
1493
1008
1493
496
985
496
987
-535162403
-535161380
-535161361
1456
3749
1017
509
509
496
989
501
1011
1527
74
941
993
909
256
477
496
983
496
979
1008
2005
1008
2007
496
987
496
1499
1008
1501
-265605660
1015
1021
-640293077
-2102013
1485
973
1997
496
1487
1489
496
979
1008
2005
1008
2007
1008
2011
1008
2013
456
969
973
1487
975
1008
1489
1008
2007
496
2542
-469756211
-469755204
491
1513
3512
496
979
496
981
496
1495
496
1495
1008
2011
496
1501
-268697638
-268697080
2027
3559
768
511
1008
1485
496
1489
496
1489
496
981
1008
2007
496
1497
496
999
1506
1008
1493
1008
1497
1008
-1182255
-1180721
-1179766
1023
2008
1483
1997
496
977
496
979
1008
1495
1008
1499
