1965
95
1438
732
1712
936
975
2631
62
990
1324
995
279
806
998
15
30
997
782
1053
1005
151982338
1015
0
83
118429848
2604
206
962
1394
584
984
305
988
1058
992
783
1310
994
526
1309
1001
263
790
1005
68096495
82
271
957
978
656
1172
1684
1642
69
984
1328
984
1313
991
266
537
992
520
1303
999
5
532
1003
1050134
981
535
949
66
920
444
936
2156
872
986
556
992
15
542
997
516
1043
999
258
785
968
794
973
815
982
314
968
1061
1022
287
108
542
256
966
1974
382
1681
466
1489
1894
841
975
305
987
22
805
993
1313
992
10
25
995
780
1563
999
772
787
1003
514
785
7
1309
84
971
61
984
807
988
1061
991
790
946
1347
953
1606
951
557
9
1073
43
820
931
814
1691
159
1414
204
1468
1893
852
968
1338
975
303
976
1068
979
809
983
293
989
18
289
992
525
796
1002
523
1050
1004
768
1551
881
1376
1110
850
957
284
950
1040
1296
950
1042
930
533
987
1040
2324
951
1060
945
536
961
15
58
790
512
527
961
1303
960
280
957
787
959
19
957
1048
960
788
960
1301
959
533
958
1301
960
789
961
788
959
794
954
2202
2020
2147
1600
1570
3232254
3233021
3234005
836
-218101576
1471
1724
952
1489
9
1032
2988
1878
91
979
1289
2490
927
1458
557
971
1998
2995
1059
1534
2472
1714
1090
669
963
625
973
806
981
1220
783
962
783
963
16
961
1555
958
1556
961
1043
958
277
962
534
957
280
956
788
956
275
957
1045
957
788
956
20
957
786
954
529
953
786
947
532
942
535
937
527
947
1301
953
549
953
42
958
518
1301
35
796
768
992
268
783
961
531
958
530
960
1553
955
783
948
2788
4362
3595
4377
955
1791
8932
1410
767
4830
767
496
1811939292
1811939803
511
2065
-3350509
-6834520
819
902
427
1432
1429
958
866
966
804
971
274
943
1048
946
23
944
1046
946
1300
950
1044
947
1558
949
790
947
1048
949
1047
944
788
946
533
945
1046
946
1301
946
532
936
535
926
274
928
513
15
933
533
783
937
554
936
1045
963
525
512
51
537
0
939
540
939
29
940
1563
937
796
939
1051
938
524
783
936
1309
939
793
935
267
15
939
281
940
1045
937
530
941
277
938
1305
937
534
936
793
940
535
939
276
936
776
271
934
517
15
932
261
271
931
1299
925
527
932
282
939
1067
942
547
946
1045
1017
535
1003
1041
938
1304
940
793
943
535
938
275
936
1045
930
788
923
788
933
776
783
934
1579
945
555
943
790
10
1307
17
26
936
519
783
937
280
937
782
271
936
26
938
1307
928
540
926
280
930
280
936
1071
942
561
939
540
1000
283
256
33
553
908
2468
406
1650
943
1199
1087
1082
951
291
953
536
957
276
964
1043
966
16
527
939
285
938
796
939
1051
940
783
271
935
1307
922
778
15
925
269
15
936
559
942
1082
940
552
973
539
0
60
1313
965
1304
966
1557
969
533
975
272
979
1193
25
929
536
934
535
939
547
945
1328
950
1569
962
527
54
37
996
1039
928
836
1675
1631
1875
863
959
1327
967
1056
969
1305
972
789
982
1555
988
789
938
520
527
939
1556
947
1059
950
301
954
1309
968
783
768
63
290
512
967
1297
920
1491
2147
2647
627
953
810
962
1052
967
276
976
274
975
783
942
538
985
532
0
53
296
916
1701
2561
1393
1355
319
956
1314
961
1044
964
15
958
271
958
784
1978
1078
960
787
261921956
143
1166
928
950
627
961
550
964
278
946
2365
812
965
1535
2243
4289
958
2636
1064
984
247
768
504
1527
-6313770
-6313290
-6310517
-6309777
-6307750
-6305960
-6303464
1719
3260
5042
7574
8057
9807
-1971230
-1969522
2126
63
984
282
2258
-922743675
-922741156
-922736996
1937
1820
1040
9151
623
890
872
1213
1122
7929
915
873
911
2622
851
944
1285
-4468302
-4468059
