4
122
122
121
121
121
121
121
122
128
127
129
128
127
129
130
130
129
128
126
125
128
129
125
126
128
126
124
123
124
124
124
128
124
122
123
121
122
122
120
118
118
119
120
119
119
117
119
120
118
117
118
120
122
123
122
121
119
121
121
119
117
118
118
119
118
116
115
118
118
121
120
120
119
122
121
120
117
117
118
117
118
118
116
115
117
117
118
119
126
121
118
120
121
121
120
120
120
121
119
119
117
118
118
116
115
115
114
112
109
108
106
107
105
106
105
103
104
104
105
105
105
106
105
107
108
108
109
108
107
107
108
106
107
108
107
107
107
111
111
109
109
108
118
121
127
127
131
133
133
128
128
131
131
129
127
125
125
125
124
125
123
124
123
121
120
119
118
121
122
121
122
119
120
123
120
120
123
125
126
124
127
126
125
127
127
127
124
125
123
125
123
123
123
126
124
123
123
122
122
122
122
121
121
123
124
122
128
125
123
120
119
119
119
118
119
119
121
122
121
120
120
121
117
114
112
109
108
106
105
105
103
103
103
102
103
102
103
102
103
102
104
103
104
104
107
108
111
111
114
118
122
124
123
122
120
122
123
123
124
121
123
123
124
125
123
125
127
128
124
125
124
126
125
122
121
119
121
121
121
121
121
121
125
121
121
120
119
121
120
120
119
124
122
119
123
124
125
126
124
127
126
127
126
126
124
124
124
121
120
118
119
119
120
121
122
124
124
124
125
125
125
123
126
125
129
129
128
129
126
128
125
123
122
120
122
120
126
123
119
120
118
117
116
115
113
112
110
112
113
114
117
119
120
124
124
125
123
121
122
123
122
120
121
124
123
126
124
123
126
126
124
124
125
124
124
126
121
124
122
123
122
120
120
120
119
120
119
120
118
117
118
118
119
123
121
122
124
121
123
122
122
126
126
127
124
126
126
126
131
126
124
123
120
120
118
119
119
118
120
124
131
124
124
123
126
124
123
124
122
126
125
127
125
125
125
125
127
126
127
128
129
129
127
126
125
128
124
127
122
121
120
120
120
119
119
117
116
114
114
110
110
110
110
112
114
116
118
122
126
128
128
135
135
133
129
127
129
128
126
126
123
123
125
124
124
123
124
125
128
129
123
125
128
123
123
122
120
120
120
119
118
117
118
118
120
121
121
122
124
125
125
124
124
125
128
128
126
125
127
128
126
125
125
104
115
106
98
177
132
126
122
123
122
121
122
128
128
130
130
140
134
131
132
129
133
130
129
125
126
127
125
124
122
126
125
126
123
124
123
122
120
116
114
110
110
108
106
105
104
105
104
106
107
108
109
112
113
118
120
119
119
120
124
124
126
127
128
133
135
133
131
130
134
133
129
130
127
128
131
127
125
128
129
131
132
131
135
137
135
135
132
136
133
131
130
129
133
133
133
130
129
130
127
126
124
126
126
123
123
122
127
126
124
127
127
131
130
129
130
130
134
133
132
130
128
129
129
128
127
126
129
128
126
126
126
125
126
124
122
124
128
126
124
125
131
130
133
127
123
123
121
120
121
119
122
119
118
120
117
114
114
113
115
111
112
112
111
111
110
110
108
109
109
111
110
113
114
113
116
116
118
117
118
122
125
127
127
126
130
132
128
132
129
126
124
122
122
120
118
119
121
121
122
124
124
127
125
127
129
128
129
128
131
131
131
128
128
131
131
133
129
128
130
134
133
134
129
130
132
132
128
127
127
131
128
127
127
128
128
126
124
123
124
125
124
122
124
125
129
127
125
131
130
131
129
127
129
128
125
124
125
127
124
124
124
126
127
127
126
125
128
128
126
126
125
126
124
124
123
121
130
124
121
123
121
121
125
120
120
119
119
123
118
117
115
112
111
110
108
108
108
110
111
111
111
112
112
113
112
113
114
113
116
116
118
120
125
128
129
128
132
132
134
131
132
130
127
129
124
123
120
120
119
117
118
119
120
120
119
120
121
122
125
123
128
128
126
125
124
130
129
129
131
130
129
133
132
130
131
130
130
128
130
129
128
127
129
127
125
125
125
127
125
124
127
129
129
129
127
131
128
127
126
130
129
129
126
126
130
127
127
125
125
126
125
125
121
122
123
124
125
123
124
124
126
124
123
125
125
124
121
122
121
123
123
124
125
126
126
127
127
129
130
127
126
125
126
125
123
122
122
122
124
122
124
125
125
124
122
120
121
125
127
126
124
128
130
130
129
125
129
131
126
130
132
125
125
125
124
123
123
121
122
122
128
125
128
128
129
129
129
128
129
128
128
127
127
125
127
123
123
122
123
122
122
123
123
124
124
121
125
124
124
128
120
122
125
121
123
124
124
128
128
128
126
131
132
132
132
128
134
132
131
129
129
128
128
126
124
124
125
122
121
122
122
124
121
120
123
120
121
120
120
123
121
123
121
123
124
127
126
125
127
129
128
126
124
125
131
125
123
121
122
123
121
122
119
120
123
123
124
122
122
124
124
126
124
124
128
127
129
130
130
132
132
130
131
131
131
129
130
130
135
131
126
126
126
125
127
126
128
127
127
130
127
129
127
126
125
125
124
124
125
126
123
122
123
124
124
124
122
125
128
125
124
125
124
125
124
121
129
125
124
112
134
126
126
125
123
123
123
124
124
122
122
126
127
125
125
125
130
127
126
125
123
124
123
122
124
125
126
125
124
123
123
124
127
122
121
123
122
123
121
121
120
119
116
112
110
108
108
105
104
105
103
103
104
104
104
104
105
106
106
107
107
108
107
109
111
113
117
127
124
127
125
125
129
130
130
129
129
129
133
137
127
126
124
126
128
130
130
129
129
133
132
131
129
130
131
132
134
129
130
126
128
124
126
124
124
125
127
126
125
124
125
127
125
125
125
125
125
124
121
120
121
126
125
128
126
130
129
128
125
126
127
128
129
128
127
127
128
129
127
128
128
125
126
122
124
121
122
118
118
116
115
112
112
113
115
115
113
116
113
114
113
113
114
114
114
113
114
115
116
117
118
120
123
126
127
130
126
126
129
127
124
124
124
123
119
119
121
119
122
126
129
130
131
127
131
131
131
129
127
130
129
127
129
127
129
130
125
124
129
127
133
124
123
122
124
123
122
123
122
124
125
127
128
125
126
128
127
127
128
130
133
127
127
126
125
126
128
124
124
125
125
124
124
126
126
128
125
123
130
125
124
127
126
125
127
124
122
126
126
126
127
125
127
128
130
130
127
129
132
128
129
128
128
128
127
125
124
125
126
124
126
126
128
127
126
126
125
125
126
125
124
124
127
125
127
127
127
127
129
129
127
130
129
126
129
126
125
125
124
123
122
125
125
124
123
122
125
127
123
123
123
122
122
121
123
122
124
123
124
123
127
125
126
125
125
129
128
126
127
127
125
128
124
126
128
129
130
130
127
127
129
127
125
128
126
126
124
124
125
125
123
124
126
123
125
126
124
126
127
124
126
127
126
132
125
123
124
124
126
125
124
127
127
129
130
129
129
131
129
127
127
127
129
127
125
125
125
127
125
124
123
124
123
123
123
124
125
125
125
125
127
125
131
126
123
123
123
124
124
124
126
126
125
124
125
126
127
127
131
127
127
127
128
129
129
129
124
123
123
123
122
121
120
123
122
124
122
121
122
124
124
127
131
129
129
128
131
132
133
132
137
127
126
123
123
121
119
118
116
116
114
115
116
122
130
140
135
125
125
120
117
116
113
114
114
117
117
124
132
149
144
148
161
174
195
221
252
252
1608
187
152
141
130
127
120
118
115
113
112
111
114
115
116
118
120
122
124
128
131
133
130
128
128
125
129
128
133
135
137
139
140
134
136
136
138
140
140
143
143
147
148
149
149
149
150
147
148
139
137
139
139
140
144
132
129
122
116
84
83
69
132
109
100
107
105
108
108
110
111
113
115
121
120
124
129
139
137
135
132
134
136
137
142
146
151
155
152
150
142
139
138
137
139
150
147
157
149
149
147
140
137
138
139
140
139
138
141
140
135
137
139
142
138
139
144
142
143
140
140
139
138
135
140
141
137
137
137
137
138
135
135
136
139
142
139
143
141
142
138
144
145
142
139
136
135
132
131
129
129
130
131
130
132
134
132
134
132
130
129
124
126
130
131
132
134
132
136
135
133
128
123
124
125
125
132
132
134
139
139
142
146
145
144
143
142
147
146
143
144
138
138
124
92
