2197
990
529
884
1075
902
561
920
550
527
938
573
954
1043
1055
582
1619
86
32
178
116
80
632
76
694
620
46
604
24
586
1012
1017
56
1061
1097
980
1061
578
2113
60
1581
574
2101
940511258
940512269
583
990
65
980
1085
986
1085
982
564
1575
580
2115
556
15
912
1089
920
56
955
2047
2079
1093
15
2
106
550
1208
710
640
52
634
50
114
512
40
92
536
78
1022
1019
1981685762
1981687293
566
581
1006
48
63
998
556
1083
1000
705630205
34
849
605
174
661
740
19
850
647
1495
617
840
676
584
659
328
642
1781
753
384
752
290
511
405
288
708
1195
546
240
648
240
134
1398
1398
240
648
752
140
752
142
386
1408
240
652
752
140
240
692
488
769
458
60
1166
1346
783
850
633
828
1312
1992
795
738
767
1345
1088
66
30
52
528
48
18
0
12
527
996
1047
968
2067
1106
1459
2185
1738
611
21547817
641
959
1515
56
32
512
42
532
0
30
534
512
28
18
512
34
528
512
34
528
512
32
18
0
24
528
0
22
526
512
20
18
512
28
10
0
16
12
512
16
534
0
24
566
54
570
82
534
76
18
