29
414
1373
871
1897
496
375
1387
496
893
1895
496
379
496
881
496
895
1395
496
881
1383
1519
-1181450
-1180667
999
261
532
995
775
1046
1003
252646144
252646415
1007
271
1013
271
1021
797
768
11
283
256
7
277
768
3
269
256
1023
783
1021
271
1019
271
1019
271
1019
271
1009
783
1013
17765120
1013
271
1013
271
1013
785
1568
1015
271
1007
203301591
203302374
271
1005
-33553950
-33553679
997
257
528
783
256
-1052197
-1051174
-1050151
-1049128
-1048359
-1048088
1017
503
503
503
1013
505
1017
1019
505
1017
503
1015
271
-234880528
768
1023
256
1017
2893
1023
2044
1
5
257
256
511
-49344290
1011
271
1013
783
1
773
768
9
773
768
9
257
995
259
1042
999
51319038
1017
768
3
771
768
511
256
511
-167771453
1015
271
1023
773
768
7
769
509
1019
507
503
1017
1021
1021
1015
503
1017
1015
1017
503
1013
499
499
503
505
501
503
505
505
505
1017
505
503
507
505
1017
1015
1017
503
501
503
503
501
501
501
1013
1013
499
499
503
503
507
1017
1019
505
501
-1052197
-1051174
-1050153
503
256
1021
511
256
511
1013
503
499
503
503
1013
1015
501
1015
1015
503
21
259
768
47
309
825
1101
2790
279
496
256
11
769
256
9
257
1021
1015
783
1005
51319554
1
259
768
5
769
256
1023
1021
773
256
7
777
256
13
773
768
9
773
256
1023
256
511
1023
1013
1516
4491
4996
503
501
501
5
257
768
9
257
503
1009
507
499
497
-268104739
-268367415
-268893267
503
1013
503
503
1013
1013
501
256
1023
9
771
768
11
261
256
7
769
768
5
769
1021
1019
1017
1017
1017
507
501
501
5
259
1007
783
1019
256
5
259
768
5
773
768
3
769
768
1023
256
511
768
1
771
1023
3
769
256
5
257
1005
271
1013
7
773
256
5
771
768
511
1019
2032
1518
2541
2797
511
256
5
775
256
7
267
9
261
256
11
773
768
7
771
768
1023
783
1011
271
1019
261
256
5
777
256
13
265
768
17
265
256
11
261
768
11
257
1022
1533
-392219
-391451
5
271
256
3
257
1021
1021
267
768
1019
271
1017
1019
-657942
-269157949
-269157690
768
9
771
256
511
256
1023
1017
1013
501
1009
-268237346
-268236306
507
1023
271
1015
783
1009
271
1009
271
1009
783
1007
783
1009
783
1013
271
1011
1968
2959
1882996937
1009
271
1009
271
1015
783
1009
783
1011
783
1009
783
1013
783
1017
783
1015
267
768
7
779
256
3
263
256
5
265
256
1
261
256
1021
271
1017
271
1023
-536409129
-536408129
-536407118
497
495
495
509
509
1017
505
1017
503
1019
503
1013
501
1013
511
256
7
257
1023
1026
263
256
1
261
768
1023
783
1021
271
1017
507
507
509
1017
503
505
1013
501
505
5
769
256
1023
1021
509
499
501
1011
1011
1007
-268368922
1019
507
505
1013
1017
503
503
1019
1019
11
267
256
7
267
768
7
261
9
271
768
15
785
256
15
265
256
11
257
15
771
256
1023
1015
503
1017
501
503
1017
779
256
1023
1019
256
13
267
768
9
257
1021
777
768
9
267
768
11
267
256
511
1023
271
768
11
783
768
7
779
768
3
257
256
507
507
503
1013
507
501
1015
503
503
503
1017
1019
503
511
11
257
1015
1017
1013
503
1011
1009
503
503
503
1011
1019
1017
499
-268303630
768
35
787
256
81
1254
349
1222
347
1130
1021
256
15
769
256
21
769
768
1017
1021
256
509
503
-167771405
1015
783
1019
275
768
17
783
256
13
265
256
7
771
256
509
1023
1008
1019
505
5
771
1008
1503
-804579931
1003
1008
1499
1008
1515
256
5
769
1019
1015
501
1011
501
1011
1013
499
505
499
1019
1021
1013
1019
503
507
505
1017
505
501
503
1015
1011
499
1013
1011
1007
-268236841
499
497
499
509
1013
1019
505
1013
501
1015
509
11
773
256
11
769
256
1023
27
797
768
55
1674
2059
817
783
501
505
512
-1316918
-1316415
1021
1019
1017
505
501
1013
1017
505
505
1013
503
1019
7
769
1009
-60674
1017
511
768
5
257
511
1011
-2234010
-3154134
507
1013
1015
503
501
1017
-26
1015
499
1015
505
505
1019
1019
1017
507
1019
505
1019
507
1015
1013
257
256
511
19
781
768
9
265
768
1023
1519
2022
507
1019
1019
505
507
505
503
1013
501
501
1013
1013
499
1013
1021
503
1019
1017
1017
509
507
-167771164
-167770668
1898
3
261
256
3
259
3
777
768
5
771
256
1023
505
1522
2017
3403
1011
1013
501
1015
505
505
505
1015
503
511
1019
505
507
1019
507
1011
501
1011
499
1015
497
1013
503
511
1019
509
503
1013
1013
-268368924
1019
256
511
503
1015
1015
501
1015
503
509
768
7
773
256
25
769
441
1008
499
1013
507
505
503
509
256
509
256
511
505
501
1017
1019
1013
503
1013
501
1011
482
1019
505
1015
1013
501
501
1009
1013
503
497
1021
509
507
1023
1019
15
773
768
1021
1019
273
768
15
779
256
11
257
507
1388
1524
-131092
-524840
-524337
1015
501
1013
1015
1013
1015
768
3
265
256
51
1674
2074
343
271
883
-301987631
-301986097
-301985598
-268303890
503
1017
503
1015
505
497
1019
1021
1015
1017
503
509
11
261
503
1015
1017
1015
1013
1017
501
509
509
505
505
505
1019
1019
1021
1021
775
256
7
261
768
9
257
768
11
259
-67107860
-167770160
-167769227
-167767201
-170134734
-170133717
1017
1013
1013
1023
256
7
259
256
11
771
1003
187450057
1017
267
256
5
775
768
11
775
768
7
769
256
509
1019
-523802
-522789
1019
265
768
3
768
511
84873984
1019
261
256
1023
1005
764
1015
768
9
771
768
7
769
256
511
1851542
1013
783
1019
777
256
5
261
256
9
771
768
511
768
9
269
768
15
781
256
13
769
256
1021
507
503
1015
1013
501
501
256
13
261
256
17
777
768
17
259
768
13
257
17764606
1011
271
1013
783
1019
263
768
5
265
768
9
263
256
9
769
768
1021
1017
5
773
-1182418
-1181415
1002
1497
505
1015
505
503
505
503
505
507
1023
509
256
1023
1021
19
775
256
509
7
775
256
15
261
256
21
263
768
511
1019
777
768
13
773
768
9
257
1015
1013
1013
503
1017
503
1011
17
773
256
33
311
807
305
256
2240
319
1519
2024
1023
1015
505
501
501
503
499
257
1019
1017
1015
501
1015
505
1013
9
263
256
501
3
775
768
3
769
256
509
259
256
5
771
1009
271
1013
271
1017
256
1023
256
507
9
787
256
17
783
256
15
263
256
511
1019
263
256
3
261
256
11
261
768
511
1017
768
11
265
256
11
263
1023
781
256
5
271
256
13
273
768
15
785
768
17
777
256
509
256
509
9
269
256
15
779
768
17
269
256
511
3
787
768
13
787
768
15
277
256
17
773
256
11
261
768
511
7
781
768
13
267
256
17
777
768
11
261
768
7
259
256
509
1015
1015
507
1017
1017
503
503
-656937
1015
507
1013
1019
503
501
501
499
1011
1011
1009
503
503
1017
1015
13
259
256
509
503
503
503
17
257
1017
1011
1015
499
505
501
501
1011
1011
1019
9
259
256
1021
1021
777
768
5
263
256
9
259
1013
271
1017
11
775
256
5
769
507
1019
1015
1013
1015
1013
503
503
503
1017
503
1019
768
11
773
1009
499
495
-268304427
501
1015
1015
501
503
256
1019
783
-336464174
3
781
256
9
263
768
13
265
256
17
773
5
275
768
15
273
768
17
271
256
15
771
11
273
768
17
275
768
17
781
768
11
775
1021
269
768
5
779
256
11
779
768
11
771
1
791
768
9
789
256
9
785
768
3
265
768
1021
257
256
17
265
768
17
773
768
1021
256
9
769
1013
1518
2541
4075
-390187
-389168
505
256
5
771
256
509
507
7
773
768
9
257
11
769
5
263
256
15
263
256
13
257
768
511
507
1015
1009
1013
501
501
499
497
499
-804316210
511
1019
1290
1021
256
1
777
768
5
785
256
11
787
256
21
783
256
19
779
256
17
259
1023
1442
1884
-268368425
-268367642
1019
271
1017
783
1021
11
269
768
17
783
256
15
265
256
9
777
768
509
1019
507
768
1017
769
768
1017
501
505
1015
768
65
791
768
977
1519
2540
779
256
5
271
768
11
781
256
9
777
256
3
769
509
501
1524
1019
1017
1015
507
503
507
503
501
1011
1019
1023
256
509
256
1023
1021
1292
1021
783
1019
783
1021
271
1021
768
13
269
256
9
259
256
3
259
256
1019
1019
1017
783
1019
265
256
5
265
256
15
265
768
19
265
256
15
773
768
13
257
256
13
769
256
17
257
7
259
768
1023
511
1019
1023
256
1023
507
1015
1015
1017
509
505
503
507
1023
505
509
505
1019
1015
501
501
503
505
15
273
768
13
779
768
9
259
256
1
769
19
787
768
19
271
256
13
263
256
5
261
1
775
256
11
269
256
13
777
256
11
771
768
505
503
13
777
768
13
263
256
1023
503
499
501
1015
503
-1051156
505
1013
1013
505
1013
501
768
1019
11
773
256
21
267
256
23
263
256
21
263
768
21
261
768
19
781
256
19
769
256
19
257
768
13
259
1019
505
505
505
1017
503
499
499
-64540
1017
1023
507
505
1019
507
505
497
1007
505
1011
499
499
509
505
1019
1017
507
7
261
256
505
1023
1021
256
511
1013
507
1017
1015
501
501
1017
1011
1015
1019
-402652704
-402651687
501
503
1015
256
17
259
13
269
256
7
775
13
793
256
21
793
768
19
779
256
19
777
768
1023
256
1023
501
511
256
1023
256
1023
1021
511
501
-656420
1003
771
1554
1005
271
1007
84873476
1015
9
775
256
11
261
768
1021
1013
783
1023
777
768
11
777
768
15
779
768
15
769
256
13
257
256
511
464
1487
2508
1365
496
997
1508
2019
2528
511
11
259
1023
256
1021
15
265
256
17
261
777
1903
2023
499
532
261
768
9
771
768
11
263
768
15
263
768
9
261
256
11
261
768
9
261
768
9
775
768
11
265
768
13
779
768
15
275
256
5
771
1023
1021
493
-268367906
-268368916
256
1
775
511
3
261
768
1023
-395288
-394271
505
1017
503
503
497
507
1017
1019
1017
505
1017
1013
1015
1011
499
1011
497
-269422665
-269422168
768
7
773
768
511
256
511
511
1023
265
256
1023
768
5
771
1021
769
768
11
257
256
17
769
1021
1017
1019
1013
1017
1013
1013
1787
51
787
256
1525
1784
256
19
259
256
23
773
768
19
261
768
19
261
768
509
256
509
507
1290
1003
118428410
1011
271
1021
779
256
5
265
768
9
267
256
7
263
256
7
773
256
5
771
3
771
256
5
259
256
1023
1
265
768
7
259
768
511
779
256
11
267
768
23
261
768
19
265
256
509
1015
507
1015
503
503
1013
503
499
497
499
495
-537265244
507
5
261
256
5
257
256
509
1017
256
507
5
769
9
773
768
1023
511
9
781
768
17
265
768
15
773
-335543341
-335542334
-335541823
421
496
511
1526
501
-1182780
-1182279
495
1015
503
1013
1013
501
501
1023
1530
1361
2027
505
1005
-24
999
-2233442
-2232937
509
1017
1015
505
1015
1013
1013
1011
497
501
1019
497
507
11
259
256
9
775
768
511
507
1011
496
1417
-335542814
-335541791
-335541284
509
1021
505
509
1017
1017
1019
505
1013
497
501
-268367898
499
501
1013
503
1013
1011
505
1021
509
507
256
13
257
507
501
503
501
1017
499
1013
501
503
503
503
1013
503
501
1013
501
503
1013
499
771
7
287
256
11
263
256
3
259
768
3
257
11
783
256
13
261
256
1023
1019
499
1017
1019
11
257
256
511
1019
1017
505
1017
1019
503
1015
507
1019
1021
1017
507
1013
507
1017
503
503
1015
1011
507
507
11
775
256
11
773
256
5
769
256
509
256
5
259
9
257
768
11
771
13
269
768
11
263
256
1023
256
1021
1021
1021
768
11
777
768
15
261
256
19
775
256
11
259
256
7
771
1005
489
1008
2025
991
1491
1008
2001
496
1005
507
997
496
1491
969
1519
3541
4309
1011
271
3
789
256
5
775
768
7
789
256
3
271
256
7
261
507
9
769
256
29
1857
2338
2849
3872
4143
271
1011
1023
2034
3057
5024
1017
-269618217
-270206043
-193016
261
256
943
1760
455
2837
267
538
1003
151982078
265
256
11
263
768
5
769
768
9
261
1023
7
783
768
31
307
353
841
1195
839
271
256
19
775
256
13
769
256
1023
256
5
257
491
1002
3044
783
1015
271
1019
783
1021
-261664
505
183
900
1216
1348
1859
-1072685851
-1072684830
271
1017
-536476743
-537134192
-537133190
-537131896
1021
271
1021
271
1021
271
1013
783
1015
783
1013
271
1013
783
1009
783
1013
783
1013
783
1013
271
1011
271
271
1021
1005
219091194
1007
286200066
1009
783
1017
281
768
25
817
927
1279
1007
252645630
1007
286200064
1015
271
1011
271
1023
283
768
39
797
1893
2404
1023
783
1019
271
1019
271
1013
271
1009
783
1009
783
1011
496
992
2001
-536148003
-536146996
1009
-536212536
-536211513
-536208612
845
1359
1359
839
1351
1851
1851
1847
1851
1335
827
1853
837
1859
1355
1363
496
355
1371
2300
1800
1282
1794
1527715575
1802
1282
271
1017
271
1
1284
857
768
15
885
1158616648
793
821
1388
303
256
3
297
256
1023
1009
783
1009
219091198
1011
783
1013
783
1023
783
1015
777
256
19
795
256
419
-805304007
-805301958
841
1791
1798
1286
1288
1804
1791
1294
1804
271
985
295
566
993
1579
2595
2079
2087
2083
1577
1573
2595
2081
2085
1581
319
1591
1024399095
783
1009
815
1086
997
291
1074
997
287
1070
995
1578
993
1066
985
1062
985
1062
987
1570
989
1052
987
536
987
1558
989
1027
9
793
256
9
809
256
7
803
256
3
787
768
1023
783
1017
9
793
256
45
797
1889
819
768
15
307
768
15
307
768
19
833
271
839
781
317
768
9
813
768
5
815
768
1
301
256
5
1709
259
327
777
333
1791
783
1013
1798
1286
1288
1798
1800
1802
768
9
311
768
11
307
768
9
821
265
313
768
9
311
768
9
821
256
1
305
768
11
319
1279
307
768
1021
256
451
4523
259
530
-5095723835
911
913
1431
1008
937
1947
1953
937
1485
1349
1008
305
768
23
295
256
17
287
256
11
797
256
9
795
768
1
411
496
317
2105
1125060892
1125062182
329
785
827
2413
1802
1292
1292
835
275
5
371
781
373
785
881
271
363
777
357
267
351
783
863
781
865
779
867
269
351
781
353
265
861
259
353
259
351
265
865
263
875
771
365
771
343
259
1292
1292
11
359
263
853
775
873
781
343
269
875
259
357
267
347
259
851
1277
1015
783
837
793
327
785
839
783
329
269
835
779
835
775
317
263
319
267
333
773
768
1011
783
1
799
1070
37
279
2382
891
881
496
891
873
1895
496
879
1377
1889
1889
1381
496
357
1867
1871
1871
1871
496
355
1379
1849
1371
1008
895
496
21
-1243017254
991
1040
989
1586
987
1580
991
1070
987
291
562
987
1594
997
1092
989
1612
983
1570
985
1068
977
1062
979
1068
981
1068
993
1066
983
1066
993
309
580
1001
796
3272
496
383
496
391
1403
496
403
1405
496
393
1008
917
1891
1008
361
1008
877
1379
1385
496
887
496
921
1369
981
967
1997
1499
2488
971
1993
1469
1473
967
1463
1465
1467
1471
995
1437
1975
1455
1453
1477
943
1457
1961
1467
941
943
1469
935
1459
1467
1475
1459
1971
1455
955
1457
929
1963
1455
951
4900
1861
317
768
3
293
768
7
821
267
803
768
5
313
768
9
301
256
9
313
771
835
769
321
267
839
275
849
279
843
285
343
799
851
803
873
287
323
285
835
787
843
279
339
793
849
275
359
279
327
789
333
267
349
273
853
789
349
768
13
363
273
877
256
15
861
271
371
777
351
775
847
1279
887
261
389
256
7
907
768
15
915
269
403
256
19
931
799
911
256
35
401
287
917
279
401
256
21
391
256
21
903
768
23
905
783
931
768
17
371
269
903
256
9
391
768
9
937
267
939
256
7
783
1007
-7344471215
-7344470944
1005
1276
1802
407
256
7
905
256
7
397
768
1
395
771
1270
865
2649
881
2153
369
1639
373
2153
895
1166
1005
877
2151
385
1663
861
2131
879
2663
367
2149
2064584962
1015
1021
769
1021
1019
507
2016
2527
3310
1015
271
1021
271
3938
301
256
17
817
256
27
811
768
27
809
256
21
289
768
21
289
256
15
799
768
21
285
768
19
801
256
15
289
256
19
803
768
17
293
768
17
799
768
17
289
256
19
289
768
13
805
256
17
285
768
13
799
768
13
797
768
11
295
768
11
803
256
17
803
768
11
293
256
11
297
256
15
809
256
21
813
768
21
311
273
309
256
17
809
256
13
805
256
13
811
256
13
805
768
11
299
256
15
809
256
19
811
768
17
813
815
3606
4095
1008
1499
1008
1503
23
257
768
991
1008
783
768
9
779
768
7
791
768
1
273
768
1023
256
1021
783
1019
783
1015
783
1011
84873472
1003
777
1560
1013
271
1013
783
1011
783
9
283
256
35
281
496
1672
7
791
256
9
805
768
11
807
256
7
805
768
3
791
768
1
271
1015
783
1023
275
256
3
496
271
1023
1015
795
256
1021
783
1019
281
256
41
309
256
1023
303
256
5
271
1
1011
991
783
1005
1746805485
1003
815
1086
1007
817
1088
1003
819
1090
1005
821
1604
1001
821
1092
1001
825
2095
315
1587
309
1577
319
1102
1001
1057953021
1011
783
1011
783
1013
1790
923734806
923735077
999
291
562
993
803
1074
991
1070
987
1064
991
281
1064
991
277
1060
995
789
1060
995
783
7
809
256
1438
1365
496
49
1567
1473
1475
955
1461
1469
1473
1977
965
1477
1989
496
2517
3432
1003
507
5
299
768
13
303
768
23
305
256
31
307
768
25
309
768
33
319
795
309
768
23
811
256
25
815
768
19
807
768
9
293
768
7
293
768
7
805
256
3
289
768
1021
289
768
1021
805
768
11
317
256
449
1279
1013
783
1017
783
1017
783
1009
386863362
1017
271
1015
783
1019
783
1019
271
1011
783
1011
252646172
256
39
291
2031
1021
783
1011
487527168
1009
783
1009
271
1011
487527160
3
309
256
2045
1021
1023
23
299
256
21
299
768
23
807
768
21
293
768
17
809
768
19
809
768
23
805
768
19
805
768
15
807
768
15
803
256
17
295
768
13
803
256
19
811
768
17
309
768
17
809
768
13
287
768
9
799
256
7
799
256
7
797
256
1
285
256
7
795
256
13
797
256
9
797
768
31
819
297
271
2700
11
309
768
11
289
256
7
289
768
5
797
256
1023
768
17
301
295
297
901
1924
256
11
815
768
17
817
768
9
299
768
11
287
768
1023
768
3
271
13
807
256
55
283
885
496
256
5
289
768
1
285
768
5
273
256
1021
271
1019
271
1017
783
3
785
256
39
797
1407
496
783
1005
271
1013
271
1017
277
768
5
793
768
13
793
256
1
789
256
7
785
256
1
783
1023
271
1019
271
1019
783
1017
783
1015
783
1013
271
1013
783
1013
783
1003
783
1007
271
1009
17764608
1005
102699745
102700016
497
501
499
507
483
1489
1008
1471
1473
1991
1479
1481
1479
1483
1489
528
991
777
1048
991
1044
987
777
1048
995
773
1044
1007
271
1019
271
1019
271
1013
271
1017
783
783
1023
1019
271
1019
271
1023
3
271
1017
783
1017
271
1007
1008
2011
1017
23
771
256
505
499
1015
-524820
-524317
1013
501
507
1017
503
11
263
768
15
777
256
11
261
256
9
769
768
1023
256
7
257
1023
783
1017
783
1007
771
1554
1003
273
544
1003
271
1007
773
1556
1003
261
532
1001
769
-658709
-657696
1013
1013
1998
1995
2001
1008
1991
1479
963
969
2503
5267
5778
5
265
768
1023
775
256
1
1023
271
1013
271
1017
271
1017
-536081462
-536080451
783
1013
271
1011
783
1013
783
1011
783
1011
783
1007
185537276
185538059
1005
151982322
151982593
999
259
530
1003
267
1050
1001
783
1566
1005
785
1568
1001
773
1556
1008
1495
505
489
496
1499
496
987
496
1497
-267709976
1015
489
496
983
496
1519
1790
3
771
768
503
1015
501
1015
1019
1017
503
503
1019
256
511
1021
509
1019
1009
271
1013
271
1
263
256
5
259
256
11
771
256
511
-135666227
-137640578
-273366733
1011
1011
499
497
-268304132
768
19
777
768
13
775
768
11
769
256
511
256
9
257
256
15
781
768
9
269
768
511
499
499
-267711523
-267711036
496
985
496
1003
3
259
-67108610
271
1023
273
768
3
781
768
1
256
1023
768
1
267
256
1023
781
768
5
269
256
5
783
256
11
279
256
19
789
768
27
789
256
27
787
256
25
273
768
21
777
256
19
777
256
15
259
256
17
267
256
21
777
21
265
1013
768
511
256
11
769
768
9
261
256
9
777
256
5
275
503
511
5
771
256
7
259
768
7
783
256
11
275
768
13
785
768
17
273
256
511
256
11
773
887
496
801
1802
2301
499
499
1017
768
21
775
1013
493
1008
1791
1017
271
1023
795
256
9
285
768
17
283
768
23
283
768
19
789
768
15
271
768
9
265
256
9
263
256
7
261
768
9
259
256
5
261
768
5
1023
783
271
256
7
279
256
15
791
768
21
791
768
19
791
768
15
793
256
15
277
768
13
783
768
13
787
256
13
787
256
9
275
768
5
275
768
9
273
256
5
797
256
3
1013
271
1017
779
768
21
293
256
943
1414
496
985
-266921509
-266920506
496
1495
496
1499
496
981
1008
2007
1008
2017
505
1011
-267186219
-267185216
496
1495
1008
2011
-802737233
-802736226
-266523911
495
496
1791
21
813
256
19
813
256
23
815
256
25
309
287
315
805
831
815
321
309
833
307
827
256
41
821
256
37
817
768
33
299
768
29
813
768
31
809
768
29
813
768
27
297
256
23
809
256
23
299
256
25
295
768
17
293
256
15
805
768
17
803
256
19
809
768
13
807
768
15
805
768
13
293
768
17
805
768
13
811
256
13
805
256
13
295
768
15
805
256
13
291
768
15
807
256
11
297
768
15
807
256
15
811
768
15
819
768
15
823
256
15
299
256
13
799
768
5
289
768
5
803
256
7
293
768
5
803
768
13
799
768
7
801
768
27
317
768
3428
271
1015
271
1021
289
256
23
799
256
21
291
768
19
283
768
17
795
768
17
799
256
21
283
256
19
279
768
15
787
768
19
283
256
21
277
256
15
281
256
17
277
768
17
279
768
13
789
768
17
789
768
17
281
256
19
285
256
23
285
256
23
289
256
15
275
768
11
787
256
11
269
256
9
777
768
9
777
256
11
269
768
11
267
768
15
779
768
35
1057
3430
4431
799
1070
1001
797
1580
999
281
1064
1001
283
1066
999
453972738
453973009
1003
783
989
1074
985
1586
985
1072
991
1072
983
1578
983
1580
981
1066
981
552
981
554
977
1066
977
1066
981
1068
987
550
993
287
558
1001
277
1060
1001
1048
-1207958016
771
256
27
771
1023
283
768
1
799
256
11
289
768
23
289
768
39
295
768
35
295
768
35
293
256
33
297
768
31
797
768
29
797
768
23
285
768
23
797
768
23
287
256
15
795
256
11
283
256
15
795
768
15
805
256
11
803
768
5
273
256
3
781
256
1021
783
1017
783
1015
271
1019
1021
271
13
283
768
485
2659
768
3
785
768
3
271
1017
783
1017
783
1021
271
1013
783
768
31
285
1881
509
783
768
981
-4076142
768
445
2847
783
1013
783
1007
271
1011
783
1011
271
1011
783
1013
271
1015
783
1021
13
279
768
5
267
768
1021
271
1021
271
1021
1021
271
1019
271
991
540
987
1566
991
273
544
997
783
1566
1009
271
1017
783
1013
51319532
51320315
999
261
1044
991
2815
3311
3802
-536080963
1013
1005
1023
768
33
779
1896
-131100
256
13
263
256
25
265
768
21
773
768
19
259
256
1023
256
1021
507
503
1015
501
499
499
-393748
-393237
-392220
57
1037
1003
2031
3048
1003
793
1064
1001
1008607219
299
768
1
813
768
1021
305
256
19
807
313
337
256
437
1941
1052
987
1046
989
1044
987
534
457
1457
-268237351
-268236856
-267973677
-267972674
31
1025
3082
1007
783
1013
271
1013
271
1015
269
256
31
297
496
879
1791
1005
187633886
511
-787487
783
1534
-570423038
3
785
768
7
789
768
1
271
1015
271
1017
783
1015
271
1017
783
1015
271
1013
271
1013
271
1011
783
1013
271
1009
271
1011
271
1011
783
1011
783
1013
783
1011
219091196
1013
783
1009
783
1011
271
1011
783
1011
783
1013
271
1013
783
1011
271
1011
271
1009
783
1013
783
1017
783
1011
271
1013
271
1011
783
1015
783
1021
269
768
29
795
1393
3493
4004
4260
511
1023
271
1
1021
271
1019
1023
1528
1023
768
509
1019
1013
317
257
271
1009
783
1005
1478370035
1011
783
1007
722408244
815
291
2538
2983
5025
768
27
785
256
21
783
768
17
269
256
15
779
256
19
267
768
13
779
256
11
269
256
9
269
256
9
779
768
7
269
256
5
777
256
3
779
256
5
279
256
7
795
768
3
785
256
1
781
256
1023
271
1019
256
1023
783
15
287
768
3938
271
1015
783
1019
783
1015
496
1534
1805
1011
783
1011
271
1009
783
1013
783
1009
783
1013
271
1013
783
1015
783
1011
783
1017
783
1023
283
768
5
275
768
5
789
256
1021
271
1009
783
1015
265
256
3
781
768
9
269
768
9
271
256
5
265
256
3
261
256
1023
257
256
5
773
768
1
259
768
1023
271
1019
783
1019
271
1524
783
1019
783
-1185329
3
265
768
7
275
768
507
768
505
503
256
1015
11
777
3
289
256
15
779
256
19
271
256
17
263
768
509
19
769
768
13
773
256
21
271
256
29
781
768
1019
511
23
845
275
847
277
835
779
823
773
323
257
323
281
1174
361
768
453974746
453975529
1005
453972232
453973015
1003
787
1058
1001
277
1060
999
263
534
995
265
536
999
263
534
997
263
534
995
259
1042
997
775
-267050801
-267049802
-267316768
1495
1015
1017
5
779
5
783
1021
781
256
256
7
769
256
5
769
497
1013
1011
497
-391699
-390692
422392538
1005
219091198
1007
779
1562
1009
252646142
1007
783
1013
783
1021
279
256
9
793
768
15
793
768
13
797
256
11
789
768
9
273
768
7
787
256
5
269
256
7
781
256
7
267
256
3
269
256
5
779
256
1
265
768
1
265
768
1019
271
1023
1021
271
1023
995
496
981
496
983
496
1497
-267447331
-267446328
1008
1499
496
1495
1008
2011
511
2487
783
1017
263
768
23
281
256
21
779
256
21
771
501
503
507
1015
507
503
507
13
769
768
11
769
-1447461
1689
768
21
259
256
511
256
1023
511
768
11
769
256
11
769
256
509
1019
1023
507
507
1019
503
499
-268105248
-268173349
-268172581
3
783
1015
271
1013
271
1013
783
1011
783
1017
783
1019
271
1015
271
15
805
768
1997
1410
1023
1534
2557
3068
3339
1017
783
1019
783
1011
271
1007
803
1074
1007
1310597869
1009
271
1021
819
297
5148
5641
1008
1499
-267316259
-267315766
-267578405
-267577914
-267447843
-267447352
-535159859
-267710494
501
1013
1015
503
507
21
297
256
27
301
256
21
289
256
19
285
256
15
789
768
11
789
768
7
277
768
9
277
768
15
791
768
11
279
768
23
289
256
61
1274
791
768
5
275
768
7
785
256
3
273
256
5
785
768
13
785
768
11
787
768
37
817
768
439
1008
783
1015
256
1
783
1023
777
256
37
287
1389
1008
271
1021
768
197
665
53
654
-3946054
136192735
136193006
1005
783
1003
769
1552
1003
263
534
1005
773
1044
1001
303964909
1017
9
261
768
7
263
256
1023
768
511
1021
507
1015
1015
1017
507
768
79
1674
1791
1017
783
1
777
768
11
781
256
25
785
256
29
787
768
29
271
768
19
779
768
19
781
256
17
275
768
9
769
779
768
7
779
768
7
265
256
1
775
256
1021
1
511
1534
2541
271
1009
453972222
1011
271
1015
783
1017
783
1021
1015
783
1013
783
1015
783
1009
271
1013
271
1013
271
1013
271
1013
271
1009
271
1015
783
1013
271
1015
783
1017
783
1011
783
1019
271
1017
783
1019
271
1009
783
1009
992817374
1013
783
1009
1968
267
1050
997
789
1060
995
277
548
997
275
546
991
275
1058
991
261
1044
991
1052
993
263
1046
993
1050
993
1562
991
538
995
771
1554
1001
777
1048
1005
271
1017
271
256
3
777
256
11
779
768
7
267
256
1
261
1008
1503
-267975192
771
496
1481
496
985
1008
1497
-536214047
783
1015
783
1015
271
1021
265
768
1
271
1017
779
256
37
305
1008
1367
1008
783
1019
271
1017
783
1021
809
768
23
801
768
33
277
768
25
275
768
17
777
256
1023
256
1021
507
768
511
496
989
-1096
1277
109
1260
1880
2174
1242
915
881
1162
769
1520
17
261
256
13
773
256
7
259
768
9
771
768
7
259
256
3
783
1021
271
1019
783
1
271
1019
783
1011
271
1015
271
1009
2032
3051
1017
1021
256
5
773
768
1023
1008
2017
1008
329
1503
-804054087
-804053084
496
1499
-267842087
-267841082
496
987
496
1497
496
152044506
152045602
921
291
271
939
1306
2089
1007
783
1005
118427890
118428673
1007
151982848
1011
252645650
768
37
291
1379
1008
61
4766
496
1495
1008
1493
496
1493
1008
1493
496
979
1008
2005
496
1491
496
1491
1008
1489
2029
271
256
9
267
256
5
779
256
9
771
768
1023
1021
283
256
1023
783
1019
1021
783
1021
293
768
1023
783
1011
271
1015
271
1005
783
1005
267
538
1003
151982836
151983107
1003
-2986399323
-2986398812
-2986398805
771
768
7
267
256
3
777
387
1019
275
768
11
789
256
5
261
768
9
269
256
11
271
768
11
779
768
7
271
256
9
273
768
7
269
768
13
791
256
11
797
256
7
805
256
9
769
256
5
265
768
1011
1008
2098
2051
17
803
256
11
803
256
13
795
256
15
801
768
13
795
768
11
283
256
11
287
256
9
285
768
13
291
256
9
301
768
9
301
768
3
297
256
5
283
768
1019
783
1017
783
1009
271
1013
783
1015
783
1015
271
1011
279
256
15
317
768
929
1982
1983
1473
965
2003
1008
2001
963
1471
963
1471
1987
1995
967
1475
983
1001
1849
1787
256
43
281
768
61
1055
85
1027
159
1031
149
803
1019
768
987
2071
778
287
256
9
277
768
3
1
781
256
5
779
768
1023
781
256
27
303
256
2198
1005
807
1590
1003
789516542
1009
1800
1804
311
256
5
817
768
3
295
256
1023
271
1017
271
1019
271
1019
783
1017
783
1017
783
1017
271
1015
783
1019
271
1009
783
1011
271
1013
783
1015
118428414
1007
783
1009
783
1015
271
1013
102637807
1013
783
1011
783
1015
271
1015
271
1011
1023
-1840659
-1839636
-303829065
-303828282
1007
1563243228
1007
271
1007
271
1005
755962650
755962921
1005
1813915378
315
261
313
269
311
768
7
819
768
3
305
768
5
815
256
9
303
768
7
305
256
5
305
768
3
303
768
7
303
256
3
815
768
1023
301
768
3
1021
299
768
1
271
1021
1023
831
2319
1989
496
789
983
1479
1483
1485
2005
1479
496
975
1489
496
1491
1008
2017
269
1052
1003
487526670
487526941
993
269
1052
993
1794
2050
7
777
768
9
267
256
7
269
256
5
771
768
7
263
256
1023
263
1007
-1608242795
503
1008
2003
1008
3054
4348
1017
271
1015
783
1015
271
1
289
768
9
805
768
19
807
768
21
293
768
15
281
768
7
779
256
1021
783
1023
1023
1294
1003
471737065
1011
783
1015
271
1023
275
256
7
791
768
29
295
256
43
813
256
43
295
768
37
799
768
25
793
768
11
275
256
11
269
256
1
781
256
5
269
256
1023
768
47
787
2661
256
5
777
256
1023
261
256
1
259
768
1023
259
256
3
259
256
1
271
1019
271
1015
783
1019
511
1022
2043
7
785
256
15
279
768
25
797
768
29
791
256
21
269
768
11
257
505
496
574
1023
783
1806
1011
769
1040
999
257
-1315888
499
493
256
37
773
1008
2031
773
1556
271
1003
84873458
84874479
256
415
2369
2864
1023
1
-2105425
497
501
501
-1183265
-1182248
1011
501
1015
256
5
265
768
5
269
256
7
265
768
5
777
768
1
779
768
5
263
768
9
271
256
13
279
768
3
277
768
5
259
256
1023
783
271
1015
783
1009
271
1011
271
1019
285
768
15
805
256
29
301
256
39
821
303
823
256
49
307
256
43
287
768
21
785
768
1017
511
1534
2317
1015
783
1019
783
1019
275
768
11
787
256
11
269
256
11
777
256
507
775
256
961
1519
-918567
-918060
1021
499
1015
1013
497
1013
501
1013
501
501
1015
1009
505
499
505
1021
507
507
505
1021
505
1013
505
505
501
1009
1013
-268237328
507
1013
1013
1013
1009
1013
1009
-250730473
1013
783
1021
263
768
7
263
768
15
263
768
9
257
256
1021
5
265
256
3
265
256
1
261
768
1021
1017
3431
3942
-268364472
-268237338
503
501
1011
-268300333
499
-267972642
1008
1501
493
-130580
-392232
-391961
1015
783
1019
1
783
1015
271
1015
271
1011
783
1005
783
1007
286200062
1009
783
1015
353309446
256
17
297
925
1504
1991
1008
1479
965
1481
1991
973
1791
1021
271
1017
783
1013
783
1015
271
1019
271
1017
783
1013
271
1015
271
1015
219091710
219092493
1003
556610270
1005
783
1023
287
256
505
496
1402
1001
783
1566
1003
277
548
1001
275
546
993
275
1058
999
1556
-656421
1008
3030
1008
2007
496
989
1011
1019
2046
-268365842
9
781
768
7
775
768
5
261
256
5
261
768
5
261
768
3
263
768
1
783
777
256
7
773
768
3
271
256
9
775
256
7
261
256
11
267
768
9
779
256
11
787
768
5
261
256
7
261
-134217332
3030
3541
4564
5569
1011
271
1017
783
1019
271
1019
7
267
256
1023
257
1015
-267712555
-267712072
496
989
1001
2839
2875
688853784
688854055
1001
453972738
453973521
993
795
1066
999
281
552
1007
271
1021
783
1
803
768
1023
293
768
1
293
768
3
805
768
9
295
768
5
811
768
33
817
809
313
256
63
781
1052
915
1060
955
1584
1011
487527184
487527455
1009
285
556
1003
793
1576
1003
795
1578
1003
793
1576
999
281
552
999
277
1060
1001
807280893
256
5
293
768
1021
291
768
15
795
768
11
797
768
3
1009
277
548
1011
353309454
256
19
386863360
1003
353308924
1007
271
1015
783
1013
783
1017
271
1019
287
256
3
289
768
3
795
768
1
271
1013
783
1009
783
1017
511
2045
256
9
267
768
41
1047
87
746
2114
3122
893
888
-267974692
-268432440
-268431435
1011
507
497
1013
511
496
1007
271
1007
2252096215
2252096486
1005
521081612
521082395
1009
799
1582
999
975053555
975053826
1005
1361916630
1361916901
1003
279
550
1003
420417786
1009
874389743
874390014
999
546
993
799
1070
1003
273
544
1001
185537272
185538055
1015
279
768
51
777
2393
2889
3884
1457
1858
-1577014
-1575999
505
1021
271
1019
505
1015
1011
1015
1015
505
499
501
1013
1023
-671085872
1013
783
1017
783
1019
783
1013
783
1017
783
1019
273
768
1021
279
256
3
257
256
1023
997
285
1068
1003
287
558
999
801
1072
1005
1277043445
1015
297
256
3
301
256
11
293
768
9
293
768
3
285
768
7
285
256
3
799
768
7
799
256
3
799
256
1023
783
1
783
1017
271
1013
271
1015
271
1009
151982836
151983619
999
263
1046
1003
236856049
1003
261
532
1019
787
256
997
3909
4420
-267905746
-267905253
-264252
-262309
507
503
501
501
501
499
-803924036
-268368928
499
511
503
1019
1019
1017
1009
795
1578
1007
795
1066
997
799
1582
1005
289
560
1005
271
1013
805
768
1023
301
768
11
803
256
7
297
256
9
291
256
11
803
256
11
295
256
7
807
256
19
813
256
3
291
768
3
807
256
9
271
1015
797
768
25
313
256
497
2096
979
2063
2075
2093
1587
2625
835
2105
813
1596
1005
787
1058
467
1490
-267447374
-536211510
-536209501
1001
1505
-33553447
-33552946
505
768
1023
256
1
289
768
1019
271
1013
271
1015
783
1007
118428414
1011
84873986
1011
271
1013
271
1017
781
768
37
791
887
1008
511
1526
2309
1007
1046110383
1013
783
1023
275
256
9
275
256
7
779
256
7
779
768
5
777
256
5
781
768
11
779
256
1021
1017
271
1019
271
1019
271
1011
271
1011
783
1013
783
1009
2035924
1003
621744894
1009
655298810
1001
821
1604
1001
821
1092
999
311
1094
1001
821
1604
1001
309
580
1001
821
1092
999
307
1090
995
307
578
999
313
1096
1001
307
578
1007
271
1015
1015
271
1015
783
1011
271
1476
1467
959
1465
1473
951
1471
1989
992
1783
403
1279
1017
783
1013
256
25
797
256
17
783
256
11
271
768
5
273
768
1
1023
1021
1017
271
1019
261
256
13
793
256
965
2031
256
11
771
1023
768
7
259
256
1023
261
256
11
787
256
1
271
768
1013
783
1007
271
1007
655299340
655299611
1003
261
532
999
783
1054
997
785
1568
1001
785
1056
1009
319755002
5
809
256
459
1008
1370
7
1106
-33614079
1019
777
256
9
775
768
11
263
256
5
771
768
1
257
256
1023
1019
271
1015
-1051724
-1051703
279
768
17
283
768
37
1563
75
2188
2706
275
768
9
273
768
9
785
256
9
273
768
9
785
768
11
785
256
11
783
256
11
783
768
9
271
256
9
273
256
9
785
768
11
785
256
13
787
256
21
799
256
19
285
768
15
783
256
9
267
256
7
269
768
3
777
256
3
779
256
3
267
768
7
263
256
9
267
768
29
283
256
53
785
2925
771
768
1
259
256
1
259
768
1
261
768
5
769
768
1
257
256
3
259
768
1
1
1
257
256
3
263
256
5
273
768
1
781
768
511
511
1016
503
503
511
1512
496
983
496
1497
496
753
256
13
261
256
11
261
256
11
771
256
13
259
768
9
257
768
11
771
768
11
259
768
13
259
768
5
257
256
511
13
287
768
13
797
256
11
287
768
11
289
768
7
799
768
9
285
256
7
799
256
5
797
768
1
285
256
5
256
7
805
768
1
303
256
7
301
768
3
799
768
3
768
7
1019
271
1015
271
1021
783
1019
783
1015
783
1015
783
1019
783
1017
271
1011
783
1017
271
1013
271
1011
271
1017
783
1019
293
256
9
295
768
17
805
768
19
809
768
17
291
768
17
291
768
17
801
256
19
801
768
17
289
768
19
285
768
15
795
768
11
795
256
9
279
256
9
275
256
1
273
768
5
271
768
1
779
768
3
777
768
5
267
256
11
785
768
11
785
256
7
259
768
3
801
256
1023
285
256
1021
783
1013
783
1011
773726437
773726708
995
269
540
991
1558
993
259
530
995
771
1042
1023
2225
3
789
768
15
277
256
19
275
768
17
275
768
17
273
256
13
779
768
15
779
256
13
791
256
15
787
256
11
787
256
11
273
256
7
781
768
5
269
256
7
777
768
1
777
768
5
267
256
5
277
768
7
275
256
5
775
768
3
771
256
1023
775
768
1
263
256
3
775
768
1
265
768
5
775
768
5
777
768
25
285
927
497
263
768
9
775
256
9
777
256
3
267
256
27
279
768
965
1906
768
7
797
768
11
289
768
15
293
768
23
813
768
33
815
768
37
819
768
31
807
768
21
795
256
13
277
768
11
271
768
7
781
256
5
269
256
7
265
768
5
777
256
1
265
768
1
265
256
1023
783
1021
783
1
271
1023
783
1021
783
1019
783
1021
783
1023
271
1019
1019
263
768
9
273
256
1
783
1017
783
1013
271
1019
271
1019
783
1013
783
1009
523055324
1015
783
1009
267
768
13
803
768
975
1008
507
1555
921
1564
939
1058
955
542
973
1048
277
1060
997
791
1574
995
281
1064
997
793
1576
995
789
1060
997
283
554
1005
271
1015
271
1021
287
768
3
291
768
5
803
256
1021
271
1015
783
1009
783
1007
219091188
219091459
1001
775
1558
997
259
1281
261
256
13
775
256
15
775
256
17
781
256
35
283
768
67
-1879046547
-1879045519
771
256
7
805
256
9
799
768
13
805
768
9
805
768
11
807
256
9
809
768
11
297
256
13
809
256
11
303
768
9
819
768
13
821
768
13
823
277
825
801
313
803
311
768
35
307
256
33
305
256
33
303
256
35
815
768
31
817
256
35
815
768
29
813
768
31
305
768
27
813
768
27
815
256
27
309
795
825
768
23
303
256
23
293
768
17
803
256
15
287
256
11
799
256
11
289
256
13
801
256
19
287
256
11
801
256
37
2588
1935
285
256
11
287
256
3
289
768
37
315
768
964
275
768
51
805
1395
1776
1023
771
1017
783
1021
783
1019
1023
5
783
256
1023
273
256
5
265
256
9
787
256
1
799
768
27
281
256
27
277
768
17
781
256
9
261
783
1015
271
1013
783
1015
271
1019
271
1015
783
1013
271
1019
271
1015
271
1017
783
1017
783
1015
783
1011
783
1017
271
1015
271
1019
783
1015
271
1015
271
1011
783
1015
271
1015
783
1011
783
1013
783
1015
271
1011
783
1011
783
1015
783
1015
783
1015
783
1011
783
1015
271
1015
271
1017
783
1013
271
1013
783
1013
783
1011
453972732
1015
783
1009
271
13
295
768
475
893
-3388995193
-3388993148
-3388992651
-536738360
511
5
771
7
259
768
9
773
256
5
257
256
7
769
768
1021
9
771
768
9
259
256
7
259
1023
768
9
769
256
1023
7
259
256
11
261
256
7
261
768
3
257
256
9
771
256
275
768
1023
256
1
1005
271
1009
271
1011
271
1015
271
1011
785
768
23
811
768
435
1501
821
1604
1001
821
1604
1005
923734272
1009
309
580
1009
313
279
337
768
965
1517
1976
2839
1830
821
256
39
819
768
31
305
768
29
817
256
31
817
768
29
303
768
35
815
256
41
821
256
33
821
329
1615
2747
15
269
768
15
271
768
7
783
768
15
783
768
61
1148
1008
501
768
1
285
313
295
837
805
329
813
845
809
835
279
303
768
11
803
768
1
277
768
3
275
768
1
783
1021
271
1019
783
1017
783
1019
783
1011
783
1019
271
1015
271
1011
783
1013
783
1013
271
1011
271
1015
271
1011
783
1015
271
1011
783
1019
783
1013
271
1011
783
1015
783
1019
271
1011
271
1015
271
1013
271
1021
1009
271
1009
783
1009
271
1017
783
1017
271
3
277
256
43
797
1025
811
768
15
299
768
13
807
256
9
297
256
9
295
256
5
295
768
7
295
256
1023
783
1009
271
1007
793
1576
1009
783
1009
783
1013
783
1011
783
5
817
256
1376
1294
1021
783
12
565
768
711
1008
1564
981
576
979
1074
977
1072
985
1072
975
1580
973
556
969
558
969
1584
963
1070
957
1582
961
1076
971
562
973
1074
993
621744382
1019
271
1017
271
1015
783
1013
271
1011
783
1013
783
1011
271
1007
271
1009
538845417
538846200
1003
269
1052
1003
267
1050
999
779
1050
997
779
1050
997
185537276
185537547
1007
277
548
999
51319020
51319803
1001
769
1262
-268105244
501
503
1017
265
768
21
295
256
47
1146
2045
1810
263
534
1001
118427882
118428153
999
261
1044
999
263
534
997
263
1046
993
259
530
995
261
1044
995
773
1044
997
1042
993
1042
993
1556
993
261
1044
993
1048
995
1554
993
1046
989
1554
991
534
991
263
1046
993
265
536
989
1050
991
777
1048
991
538
993
534
987
538
989
1052
989
1566
989
1566
989
540
985
1056
987
275
546
993
1068
987
1586
985
560
987
1570
985
1058
981
1572
973
1058
973
1060
977
1062
981
1064
977
1066
995
1084
961
1080
961
1080
957
1082
961
568
961
1592
957
1078
957
564
961
1076
969
1076
965
1586
979
1076
989
564
995
293
564
999
801
1584
989
554
989
1060
991
1568
985
1564
987
1054
981
1048
979
532
981
1042
905
496
407
903
496
407
1413
1409
1008
907
1008
909
1913
496
903
883
1399
496
395
899
496
901
496
381
496
381
496
889
1385
1008
377
1008
379
1008
381
1008
897
1008
3171
1421
1423
1421
1947
1678
1008
967
1453
1453
937
1963
1455
1457
943
1461
965
4288
1011
271
1011
783
1011
271
1011
521081600
1003
793
1064
997
791
1062
999
793
1576
995
793
1064
997
793
1064
1003
487527172
487527443
1011
293
256
31
297
1519
1007
5307523285
5307523556
1003
813
1084
1003
811
1082
995
809
1080
995
1076
991
295
1078
993
295
1078
995
809
1080
1003
297
568
993
809
1080
1
319
256
475
496
2227
991
303
1086
999
307
2087
317
1579
827
1610
993
1596
989
1082
989
1594
977
1076
983
566
985
1080
989
1084
989
1080
985
813
1596
1013
837
768
463
1791
965
2569
582
961
1604
963
1092
961
1088
955
572
965
2597
1614
893
496
377
1008
891
1008
895
1399
1008
395
1008
897
496
375
1008
381
1385
1008
377
1008
891
496
379
1008
897
1008
383
2421
1859
77
1098
1609
1977
951
1471
1469
961
1475
2003
-262843640
753
5
289
256
1021
783
1017
271
1017
768
33
799
1905
1279
1017
271
1013
221004481
1007
271
1011
51319030
256
23
285
1397
2021
783
1019
271
1011
271
1013
-268434479
-637532219
-637531708
-637531437
768
1021
501
495
-268368933
-268368426
501
501
499
1011
501
505
1277
71
1666
2945
13
801
768
23
799
256
25
287
768
23
279
256
21
787
768
17
275
768
13
271
256
9
269
768
9
779
256
9
267
256
11
261
256
1017
783
1005
783
1023
259
511
497
1023
2028
783
1007
259
530
1005
17764608
1005
169747187
1003
388838100
388838883
1001
271
1007
219091710
1019
777
768
11
781
256
11
269
256
11
777
768
13
773
256
7
261
768
15
773
256
11
777
768
7
775
256
7
773
768
3
773
256
7
773
17
263
768
11
267
256
13
773
256
15
779
768
17
259
256
9
263
256
5
777
256
13
261
256
5
259
256
5
261
768
3
773
768
5
265
768
7
267
256
3
265
768
1023
257
503
3
261
256
3
265
256
256
1
267
256
1023
783
1019
271
1
783
1009
783
1015
271
1005
783
1003
773726959
773727742
1001
420418304
1007
783
1019
297
256
33
805
1519
297
768
1023
297
256
1
1017
271
1019
271
1019
271
1021
783
1021
777
768
45
779
1367
1457
955
1473
1473
1979
1447
-16675729909
333
797
843
285
327
795
335
281
331
797
847
797
329
797
331
279
333
795
851
795
333
283
333
799
847
283
337
795
335
795
845
795
335
285
849
801
849
281
339
289
863
799
865
295
341
287
851
789
335
281
331
283
333
791
851
279
849
277
843
289
851
827
3145
317
273
831
269
323
269
839
309
861
256
2796
256
15
813
256
11
813
256
9
809
768
3
809
768
11
815
256
9
299
768
13
807
256
11
299
256
29
827
315
2315
291
256
11
295
256
13
811
256
11
303
768
9
801
256
9
799
256
7
281
768
1017
7
283
768
35
813
256
1001
2025
783
1017
783
1015
271
7
793
256
511
1008
373
884
783
1017
271
1013
783
1015
783
1017
783
1017
1015
783
1011
51381205
51381476
997
1052
989
1048
987
1044
985
1048
991
779
1562
995
1048
933
4438
1977
959
1511
503
1019
1
779
768
1023
256
3
783
1021
1017
271
1019
783
1009
271
1011
219091706
219091977
1003
783
1054
1003
371073267
1007
271
5
285
768
37
775
2155
1015
271
1011
783
1003
783
1009
1914578662
1282
1798
1800
1806
837
777
335
785
849
781
839
773
831
1275
1286
271
1013
783
1013
271
1009
856625410
1003
789517080
789517863
999
813
1084
1003
809
1592
995
293
564
1003
293
1076
995
287
558
991
1064
987
1066
993
283
1066
997
265
1048
991
1556
792
256
39
261
256
33
773
256
31
257
53
1051
927
1937
291
768
13
793
768
7
267
768
1
271
256
5
29
1053
507
496
2170
7
793
256
7
799
768
1023
791
768
1021
1013
271
1011
271
1019
783
1019
783
1017
271
9
801
768
1879
1509
783
1011
271
1011
118428398
118429181
1003
773
1556
1001
771
1042
1005
51319550
1001
271
5
281
256
481
3409
271
1021
783
1023
783
1005
1294807776
1294808047
1003
487527162
1011
783
1015
271
1023
811
256
9
813
256
13
815
768
1
301
768
1023
271
1017
271
1011
783
1013
783
1007
1462579422
1462580205
999
281
1064
997
273
1056
999
787
1570
997
785
1568
997
269
1052
993
1564
991
1048
991
532
993
257
528
1914
773
768
11
775
256
11
269
256
21
279
256
29
285
256
45
787
256
37
271
256
35
271
256
27
777
768
23
769
509
256
3
768
5
263
256
1
773
256
1
3
779
768
1
3
791
256
9
779
768
11
779
768
13
783
768
19
785
256
27
275
256
41
791
768
47
277
256
35
783
256
29
787
256
25
783
256
31
263
256
29
531
103
1226
2518
768
1019
271
3
263
768
1021
267
768
1013
783
1019
783
1023
783
1019
273
256
1023
271
1019
267
256
1
783
1021
271
1019
783
1007
783
1015
783
1005
1075716843
1007
783
1
795
768
1021
271
1019
281
256
1021
1021
783
3
787
256
1015
795
768
1013
271
1023
267
256
1021
783
1015
783
1019
279
256
1019
783
1023
783
1023
803
256
271
1003
1748779723
1748779994
1007
783
1009
783
1011
783
1017
293
768
9
795
256
11
293
256
5
801
256
1
799
768
5
795
256
7
271
1017
787
768
1
279
768
1015
1019
783
1015
271
1015
265
256
1019
271
1013
271
1013
783
1015
783
1015
783
1017
783
1017
271
1011
271
1015
271
1013
783
1017
271
1019
271
1009
783
1013
783
1019
271
1017
279
256
11
309
256
3396
185536768
1009
271
1007
185537274
1005
271
1009
219091712
1013
271
1017
1019
496
1973
495
2411
1008
1781
256
11
801
768
15
789
256
9
793
256
9
293
768
11
805
256
11
289
768
9
799
768
9
285
256
9
291
768
3
811
768
3
311
256
7
289
256
7
807
256
17
313
256
23
813
768
29
811
768
31
809
768
29
811
768
27
305
256
27
297
256
27
299
256
31
801
768
27
809
256
25
291
256
17
297
256
25
837
256
17
271
768
17
299
768
15
817
256
21
815
256
15
803
256
15
287
256
13
799
768
7
287
256
5
279
768
3
287
256
9
291
256
15
265
256
9
799
768
29
1558
1008
2725
1017
783
1019
289
256
1023
1279
7
285
256
1021
787
768
5
5
795
256
1021
773
256
13
809
768
955
2187
768
5
769
509
771
1042
1003
261
1044
1003
783
1566
1013
495
-268237347
-268236346
-268105253
-268104254
1008
1265
256
1023
25
773
768
39
279
831
1854
291
256
9
275
256
15
279
256
23
783
256
23
791
256
19
791
256
13
785
256
15
267
256
3
777
256
1023
267
768
1023
265
768
27
537
59
3955
1
1
783
1023
1021
783
768
3
271
768
3
271
256
1
279
768
1
13
277
256
37
775
2198805557
1013
783
1017
269
768
7
269
256
11
269
256
11
261
768
7
769
256
1021
3194
1013
271
1009
783
1009
471736553
1009
783
1017
271
1009
279
256
27
807
821
1279
1011
420417798
420418069
1003
874389745
1011
353309468
299
263
496
782
1019
783
1019
783
1007
271
1005
783
1011
271
1013
271
1017
783
1011
783
1
799
256
27
769
1605
256
11
299
768
7
293
768
5
789
256
3
1015
809
256
491
2001
1008
496
1013
783
1015
271
1015
271
1017
271
1019
807
256
25
287
256
17
273
256
11
775
768
511
13
259
256
11
771
256
511
-671087873
1015
271
1017
271
1019
783
1017
271
1017
271
1019
271
1019
27
297
768
31
803
256
23
287
768
7
265
256
1
259
768
1
271
1007
773
1044
1003
878338211
1011
271
1017
256
27
291
256
29
287
256
27
281
768
17
789
768
5
789
256
1019
279
256
13
791
768
9
777
768
7
265
768
73
1573
931
1
289
768
1023
293
768
1
293
256
1
293
256
1
807
768
1
295
768
3
295
768
1
805
256
1
293
768
1
293
256
3
807
256
3
807
768
1
805
256
1023
291
768
3
291
768
9
815
256
5
815
768
3
287
768
1023
1
768
1983
1374
2416
1473
1025
257
1013
783
1009
783
1009
783
1011
783
1009
783
1007
185537274
185537545
1001
263
534
1001
259
1042
999
259
2562
256
1023
15
799
768
13
285
256
13
795
768
9
795
256
7
281
256
7
793
256
9
285
768
9
293
768
7
807
768
5
789
768
5
277
256
1021
783
3
785
256
1
768
1023
291
768
3
783
1019
783
1
781
256
1019
783
15
795
256
3375
7
269
256
3
265
768
1023
783
1021
261
256
1023
771
768
3
261
768
1
261
768
13
787
256
45
261
496
2013269161
785
256
3
1502
1771
768
9
777
768
9
263
768
11
779
768
11
781
256
11
275
768
11
787
256
1
781
256
3
1023
1013
783
1962
4517
19
785
256
19
785
768
13
779
256
11
271
256
17
781
256
17
783
768
15
779
256
13
779
256
11
269
768
11
267
256
13
781
768
17
781
768
13
779
256
15
779
256
23
797
768
11
285
256
19
783
768
11
783
256
11
273
768
5
269
256
9
783
256
13
785
768
17
269
768
15
273
768
31
293
305
311
496
1407
533
815
768
431
1279
1011
783
1011
17765122
1009
783
1009
271
1013
51319552
1011
271
1009
271
1011
271
1013
783
1011
783
1011
271
1015
271
1013
783
1015
783
1017
271
1021
1021
271
1017
271
1021
41
813
1008
3185
11
805
768
15
295
768
13
291
256
17
299
768
23
813
256
35
817
768
45
303
768
41
301
768
35
299
256
31
285
768
29
793
256
27
793
256
25
271
768
25
271
768
27
273
768
33
801
768
67
714
1324
905
556
1246
1441
3740
1008
1491
496
977
1008
1499
27
261
2031
805
256
11
291
256
5
287
768
5
803
768
7
799
768
7
797
768
3
799
768
3
271
1017
271
1015
271
1015
271
1011
783
1007
623719124
1011
783
1011
783
9
287
256
499
1008
852
1013
271
1017
783
1019
1003
941498605
3
827
768
995
1008
2676
1577
1100
979
1594
975
1074
967
1580
969
1068
969
554
969
1574
969
1060
969
546
979
550
1017
511
337
1814
1461
1461
1457
1459
1459
1457
1461
1463
1463
1461
1973
1975
947
1973
1463
1463
1465
1463
963
967
963
1465
1465
1973
1977
1467
1467
1467
1471
3239
787
256
7
285
256
9
285
768
5
799
256
7
269
256
1
1019
1023
777
256
1021
39
807
2030
271
768
1
789
768
3
283
768
5
287
256
1023
1013
783
1023
7
257
256
-657940
-1314351
-1313583
87
1625
155
1438
275
1402
1368
511
771
256
9
257
256
7
769
256
5
257
256
509
5
781
256
3
267
256
3
497
2633
1
801
768
11
781
256
1
789
768
3
273
256
21
1571
2003
2150
5
257
256
1021
775
256
19
281
857
1008
991
496
979
1008
1517
256
71
1164
1139
255
357
497
5073
965
959
1981
1467
1007
1790
901
1054
939
1052
969
1564
991
783
1054
1011
271
1023
275
768
3
779
768
1
267
768
5
269
256
5
781
256
5
779
256
3
265
768
1
263
256
3
1019
783
1023
783
1017
271
1015
783
1015
271
1013
271
1011
783
1011
271
1017
1800
1282
271
1009
271
1005
295
1078
1005
295
566
1001
807
1590
1003
588190460
1011
554636026
1023
829
256
2810
4701
783
1013
783
1021
813
256
9
813
256
15
817
768
15
299
256
17
293
256
15
809
768
15
803
256
17
809
768
19
295
768
15
293
256
17
805
768
13
295
768
15
805
768
9
291
256
9
805
256
7
801
768
13
291
768
15
303
768
13
823
256
5
803
768
5
281
768
1021
271
1021
3377
1064
945
1060
931
1066
921
554
909
285
783
903
1072
895
1078
899
811
783
921
307
271
951
1561
823
1094
1001
783
5
317
783
307
768
15
291
256
23
287
256
15
283
256
15
283
768
13
285
768
13
283
256
19
279
256
15
793
256
15
793
768
15
797
256
33
551
2011
879
1390
271
256
1
785
256
1
271
256
3
768
3
271
256
1
269
768
1
783
768
7
795
768
5
295
256
3
273
768
3
265
768
1023
1019
271
1019
261
256
3
271
1019
779
256
19
295
768
3361
1011
271
1011
271
1013
271
1015
783
1013
271
1019
811
768
23
809
768
21
287
768
17
795
768
9
279
256
7
275
768
7
271
768
9
787
256
83
1682
1008
783
1019
273
768
5
791
768
13
791
256
15
785
256
7
259
256
1526
499
1028
261
768
17
769
256
15
261
256
13
261
256
509
505
497
1007
-536080945
-536080949
501
507
256
509
1009
496
1497
496
1519
2542
3053
3324
1011
473649332
1005
51315488
256
2833
1023
1516
3496
501
1003
-267447838
1021
1011
1013
1008
2011
1005
-267710466
783
1021
271
1017
271
1017
783
1015
783
493
-260366
1017
271
1003
261
517
25
277
1141
17
1017
783
1017
783
1015
271
1017
271
1015
271
1015
271
1015
271
1017
271
1019
783
1015
783
1017
271
1017
271
1017
783
1021
783
1021
783
1009
271
3340
1013
783
1009
1004
1275
1005
773
1044
995
771
1042
995
771
1042
1005
257
528
1003
118428398
118428669
1007
269
768
33
775
861
2155
1019
252645624
252645895
1001
265
536
1001
777
1048
1003
185536770
1007
286200074
768
33
805
1399
496
271
1013
271
1013
783
1009
783
1011
271
1011
271
1007
823070976
1013
271
1013
1284
1798
833
273
331
271
309
768
5
303
768
1
297
256
3
783
1017
521081100
521081371
1003
791
1062
1001
793
1576
1001
279
1062
1003
283
554
999
795
1578
1001
285
556
1003
521081598
1015
783
256
31
809
256
31
295
256
31
807
768
31
805
256
29
291
256
31
803
256
31
805
256
33
805
256
33
803
256
27
803
256
25
805
768
25
803
768
23
291
768
19
803
768
23
291
256
27
303
256
29
307
768
23
293
256
19
289
768
15
799
256
15
797
256
9
283
768
11
287
768
13
797
768
21
799
256
11
285
256
41
565
3708
768
9
281
768
15
789
256
13
279
768
23
807
256
69
1146
1149
1083
119
257
768
1003
2585
552
981
534
983
528
1019
783
1019
267
256
15
805
768
977
496
1
795
256
45
789
1387
497
813
768
3
821
256
1021
783
7
811
768
511
3435
783
1019
783
1013
3051
783
1017
256
3
769
256
509
503
1019
507
505
1019
509
1675
1017
271
1017
271
1015
271
1019
271
1015
271
1019
271
1017
271
1017
271
1019
271
1019
795
768
1021
1019
256
1973
19
795
768
25
795
768
17
791
768
7
787
256
3
783
768
5
267
256
5
781
768
1
265
768
1
775
768
1023
783
1
1008
2007
1008
1493
1008
2001
496
1491
496
1493
496
1491
1008
1491
1008
2791
465
2013
-64037
-63766
999
777
1560
997
269
1052
997
267
538
995
269
1052
999
219091700
219091971
995
273
1056
999
789
1060
1003
420418306
1019
1019
783
1017
271
1015
271
1013
783
1011
783
1013
271
1015
271
1013
286200066
1007
17765096
17765879
1009
783
1013
271
1011
783
1015
271
1017
271
1019
805
256
21
831
256
453
1008
1023
2533
1008
2009
-267842597
-267841596
-267974179
-267973688
-536474163
501
509
256
1023
501
495
281
256
7
797
256
1
781
768
3
1015
783
1021
271
1019
261
256
1023
783
1021
265
256
31
289
-1051396
1013
1015
783
1023
1
511
256
5
769
256
505
1021
271
271
1021
775
256
3
1023
1534
2302
1023
9
273
768
11
273
256
9
273
256
11
783
768
11
779
256
9
267
768
3
775
256
3
265
256
9
775
256
5
787
768
1
967
2501
3306
491
-267974678
1019
768
7
781
768
505
768
3
1023
1534
2317
1011
386863360
1015
783
1015
256
5
271
1019
783
1017
-1706162
263
256
439
496
857
520
281
256
11
293
256
5
809
768
1
787
256
1
1017
271
1021
787
256
1023
783
7
799
768
61
265
1345
496
19
299
256
15
811
768
9
277
768
9
785
768
1
271
1023
771
256
3
773
256
5
777
256
73
1588
2031
2814
1007
271
1011
783
1005
783
1009
487526656
1013
271
1017
272
271
1007
271
1005
271
1003
673063149
1005
1059926742
1059927013
1005
353309442
353310225
1007
353309442
353309713
1005
1833652400
1011
783
1011
783
1009
538845413
538845684
1001
267
1050
999
267
1050
999
781
1564
1001
781
1052
1003
265
536
1007
271
21
799
1880
2391
-788147
261
768
957
3099
1021
257
1023
1806
1015
271
1023
2007
1481
1483
1264
11
307
256
1726
1005
271
997
775
1558
1003
283
554
1001
277
548
1001
785
1056
1005
785
1056
1003
269
540
1005
151982318
151982589
997
261
532
1001
259
1042
999
259
1042
1003
17764606
1474
3452
1823
279
768
7
267
768
7
263
768
3
257
768
1023
783
1021
256
1021
271
19
789
768
469
2091
2874
257
1040
993
773
1044
1005
271
1005
769
-1706770
263
768
5
275
256
19
771
256
27
781
256
17
263
-129304
1005
588190476
588190747
991
289
1072
993
1068
985
1084
991
265
536
993
287
558
993
1066
1001
271
13
1023
1917
1997
496
1269
256
15
783
256
25
789
256
27
277
768
25
271
768
19
271
768
19
269
768
13
781
256
17
779
768
11
267
768
13
265
256
9
777
256
7
777
256
7
263
256
7
777
256
3
777
768
3
267
256
3
779
768
5
779
256
1
261
768
1
1
269
256
1
271
1021
277
256
3
793
768
3
275
768
1
273
256
1023
271
1013
783
1019
271
1019
31
811
2904
271
1013
783
1015
271
1015
271
1013
271
1015
783
1015
271
1011
271
1011
151982330
1009
783
1011
271
1017
271
1011
787
768
31
293
1897
783
1017
783
1015
271
1013
783
1023
783
1019
269
256
23
811
1008
1911
767
1022
2045
3068
4602
5625
6408
1015
271
1019
783
1019
256
13
283
768
25
803
768
27
797
768
23
269
768
1023
501
1023
768
17
773
768
13
259
768
13
259
-335543844
-336723746
507
2031
5
773
256
1023
511
782
1017
271
1021
283
768
17
803
256
27
801
768
21
789
768
11
265
256
1023
1015
1001
263
1046
995
775
1558
995
269
1052
993
779
1050
1007
783
1011
271
1017
783
1
267
256
9
267
256
11
781
256
13
783
768
13
263
768
7
768
1023
771
768
29
535
69
-33550495
1017
271
1019
271
1017
271
1013
271
1015
783
1015
271
1017
271
1013
271
1013
271
1013
271
1021
783
1015
783
1013
783
1011
420417796
420418067
1001
789
1060
1005
453972222
1013
386863370
768
13
821
909
2535
496
1007
768
7
261
768
7
771
1013
261
1013
-1313825
-1312019
1023
-67107408
959
1483
1008
2011
1017
768
21
773
768
13
263
768
9
773
256
17
2914
1507
831
-395302
-394791
-393768
-393497
1023
263
256
17
261
768
21
777
768
17
261
256
511
509
256
5
787
256
5
269
256
1023
265
768
1021
783
271
999
271
1023
1806
997
773
1044
1007
773
1044
997
263
1046
995
267
1050
995
267
538
999
781
1052
995
269
1052
1001
286200580
1
1013
511
1018
1013
783
1013
271
1021
281
768
3
801
256
9
787
256
9
261
768
7
771
507
505
1021
11
809
256
11
301
256
9
811
256
13
821
269
809
256
3
803
768
5
297
768
7
301
256
15
823
768
11
819
256
3
303
768
3
271
1015
1007
271
1009
1563243238
1563244021
1005
487527180
487527451
1001
281
1064
1003
795
1066
1001
795
1066
997
797
1068
997
285
1068
997
283
554
1005
271
1017
271
1019
1019
271
1019
783
1013
783
3024
496
1487
1487
1495
1008
1501
-267841620
992
1471
2001
496
1499
-268172818
-269092390
-269092119
1009
783
1011
783
1007
740172005
740172276
991
1058
989
1056
995
1058
989
275
1058
993
275
1058
991
1574
1017
809
768
1019
789
2358
979
1052
989
1054
1005
1925
2948
768
7
261
256
7
781
1
271
1023
-1183256
-1183000
7
259
1007
-268173336
-268172315
783
1015
1019
277
256
1021
271
1013
51319767
51320038
-2104871
-2104360
-2103873
-268498975
1023
1294
1009
783
1009
511
1008
1017
1008
2007
496
981
1008
2019
1021
256
9
261
768
509
-268237861
-268236838
-268235304
-268498231
511
505
1019
1017
271
5
267
768
13
267
256
11
777
256
7
775
768
7
259
256
9
257
768
1
1007
1630352098
1630352369
1001
799
1582
1003
797
1068
1001
795
1578
1003
1042162435
1042163218
1001
277
1060
999
271
542
995
1048
989
1048
987
534
989
1044
2044
9
787
768
7
781
256
7
273
256
5
271
768
7
271
768
7
271
768
1
271
256
3
269
768
1021
1
783
1015
271
1013
271
271
1017
271
1011
783
1007
102637809
1013
783
1017
271
1007
271
11
287
768
461
1427
1517
783
1021
271
271
501
1023
256
1023
271
1011
271
1021
259
768
5
261
256
5
771
1015
271
-167771198
-167769674
499
501
509
768
505
501
1
265
768
1019
271
1017
271
1015
783
1019
1023
783
1017
783
1015
271
271
1019
271
1007
271
1005
118427894
118428677
1001
777
1048
1001
773
1556
999
775
1558
1003
769
1040
1007
203301113
768
453
496
501
869
2542
3043
783
783
3
1021
783
1019
271
1021
1019
271
1013
1023
-335542287
-1139859038
1011
768
5
771
768
1
256
5
261
768
3
261
768
1023
261
768
5
263
256
3
267
768
1
768
1023
271
511
782
1011
499
1015
495
1007
489
-267447312
1015
-268105261
-268104248
1023
2032
3043
4066
6414
767
1005
151982338
1015
783
1011
319750950
256
989
496
1852
271
1013
783
1015
271
1009
386863872
386864143
1003
787
1058
1005
785
1568
1007
252646140
252646411
1003
785
768
31
799
1347
2021
3044
-1837668
-1836900
11
779
256
3
259
256
1023
2044
1019
1019
505
505
1015
505
503
503
503
503
501
501
1011
1013
1013
1013
501
1013
503
509
1021
1021
507
-657658
1011
511
-1446171
1013
783
1013
783
1009
-33553936
-335543352
-335542329
-335541306
-335540523
1023
-787479
-786972
256
1526
2549
3562
5588
3903
4164
256
15
265
256
17
267
256
19
265
256
15
769
768
1023
265
768
21
779
768
17
775
256
13
259
768
11
257
256
1023
507
1019
503
1017
1015
1017
505
783
1021
773
256
5
261
256
5
259
256
3
769
995
257
528
997
261
532
1007
271
1021
783
1021
783
1011
783
5
779
256
7
777
256
7
775
256
5
259
2627
507
503
1017
1019
1013
1013
1013
1013
889
763
256
17
777
768
11
769
509
1021
1005
17765122
1021
261
768
5
773
768
9
771
1023
1806
1003
773
1556
1005
777
1560
1005
781
1564
1005
252646142
1017
1023
1532
1019
505
1017
507
1019
505
503
503
499
499
1021
768
11
261
1015
1013
507
256
1
263
768
3
771
1023
1292
768
3
267
768
3
779
256
1
1021
256
1023
1021
511
998
496
981
1008
1503
497
507
5
783
1015
271
1017
783
1023
1019
271
1017
271
1015
783
1013
783
1013
783
1017
271
3
271
1013
783
1019
267
256
59
2156
496
1023
271
1019
271
511
1012
1013
1013
1013
1011
5
273
768
3
271
768
7
271
768
5
785
768
7
787
768
5
787
768
7
787
256
1
273
768
1023
1023
271
1017
783
1017
783
1013
789
768
37
801
2186
271
1001
269
1052
1003
779
1562
1007
151982846
1003
779
1562
1019
279
256
1503
-2080372938
769
1552
997
285
1068
995
793
1064
997
279
1062
995
793
1064
999
281
552
995
793
1064
997
793
1576
993
793
1576
997
795
1578
993
797
1580
995
799
1070
997
291
562
1005
588189956
1019
783
1019
783
1021
271
1015
783
1013
271
1017
783
1019
783
1015
783
1013
271
1015
783
1013
271
1011
783
1009
271
1009
271
1013
271
1011
271
1009
1023
1502
1489
496
977
1999
1008
1485
1487
2021
5
777
768
5
775
256
3
265
768
7
263
768
9
777
256
9
777
768
5
265
256
3
263
256
5
263
768
1
261
768
3
775
768
5
787
256
7
277
256
1023
779
768
1021
271
1017
783
1015
783
1017
783
1015
783
1023
271
1017
271
13
789
768
1459
1886
-1946156099
-2920154250
501
499
501
1011
1013
507
507
501
1023
271
1021
271
1013
1026372322
1026372593
1011
353308928
1011
420414242
256
53
789
2382
783
1007
271
1015
271
1011
572400353
572401136
1001
769
1040
511
1504
496
977
1008
1491
496
977
1493
1008
2017
495
1008
1483
2030
-260646
-260135
-259864
1017
783
1013
783
1011
783
1013
271
1015
271
1013
271
1013
271
1017
269
256
7
775
768
7
773
256
5
773
768
5
257
505
1019
2022
783
259
-266124936
275
768
1
783
991
496
1489
496
989
493
496
1003
1015
505
503
1013
505
783
1
1015
1009
-2102049
1019
783
1013
271
1009
271
1009
809255631
1009
271
1007
767
1013
783
1023
2046
-100660768
-100658722
-100657690
259
768
9
769
256
7
771
256
3
257
256
5
779
768
3
773
507
3
259
768
3
-738196565
-738195782
1023
295
768
9
805
768
17
293
256
13
283
256
9
271
256
3
775
768
1
259
511
-657437
-656934
5
773
256
5
773
768
1015
-268898390
-268897895
-268103970
35
3673
271
5
789
768
1021
2636
25
269
768
31
267
768
25
775
768
21
771
256
1023
768
27
781
768
21
257
503
1011
1530
509
505
501
511
-267842069
505
7
775
497
501
1017
495
-268303880
-268303837
1561
1477
1005
353309440
1013
783
1011
793
1064
1021
1003
1847469268
2048795868
1792
1225725173
1798
1013
271
1011
271
1013
783
1009
271
1013
783
1007
271
1011
271
1011
271
1007
783
1011
783
1007
271
1011
554636032
1007
271
1013
783
1019
783
1019
783
1013
271
1011
286200568
286200839
1005
779
1050
1001
779
1050
1001
779
1562
1005
271
1011
783
1023
285
768
491
1377
511
2003
961
1493
1008
1493
496
981
496
979
1008
1019
775
783
1019
271
271
1009
-335543341
-337121345
-337120562
271
1017
509
256
1019
1008
1019
271
1019
1021
768
15
793
768
13
781
256
5
257
256
511
257
271
1005
783
1009
783
1011
783
1011
271
1013
783
1015
271
1013
783
1023
281
256
5
279
768
7
781
768
1
-234879525
-234878742
1007
252645632
1009
1279017679
1279018462
1005
420418300
1017
793
256
7
795
256
9
791
256
7
273
256
5
781
768
5
267
768
5
267
256
7
267
768
5
267
256
3
779
768
3
777
768
1
263
256
1
768
1023
783
768
1
1023
2046
2537
768
3
283
256
5
283
768
5
799
768
7
801
768
7
291
768
5
801
768
3
289
768
1
291
256
3
291
768
9
813
768
7
309
256
1
809
256
1
5
289
768
1021
1802
783
1019
1802
1802
21
837
789
315
789
313
768
19
309
256
21
821
768
19
307
768
23
305
768
21
813
256
17
299
256
17
809
768
15
805
768
13
291
768
17
809
768
15
815
768
13
805
256
13
281
256
9
275
768
7
785
256
3
783
256
1
781
256
7
783
256
11
779
256
7
267
768
21
279
256
1836
977
-469759042
-469758531
