85
101
105
102
103
104
85
126
100
103
103
66
138
104
104
80
124
103
105
105
106
105
102
104
103
101
104
105
105
102
79
49
117
109
105
106
106
106
104
106
104
63
145
78
130
105
103
103
103
104
101
104
104
105
102
77
123
106
105
104
104
104
101
103
102
104
94
116
71
132
103
105
101
104
105
105
101
103
103
105
104
103
104
101
104
101
104
104
106
105
85
120
105
67
142
104
107
102
102
103
105
105
104
103
102
104
103
103
103
105
107
100
103
104
104
105
103
103
74
69
150
104
107
104
105
104
103
105
104
104
103
103
105
102
105
105
106
104
85
121
104
86
121
105
101
85
121
102
106
76
122
107
105
104
103
104
105
101
88
117
105
91
119
103
101
104
104
102
87
122
103
100
102
104
104
81
122
105
103
75
122
105
104
105
104
101
91
118
103
90
118
106
101
83
77
45
155
108
104
108
105
106
105
104
104
105
105
104
104
104
104
103
104
105
106
104
101
105
105
102
105
84
124
104
103
103
106
106
104
105
103
106
82
123
106
107
104
102
103
64
145
104
104
106
107
99
103
103
104
103
104
104
104
105
100
105
105
106
104
102
102
105
103
103
105
107
102
103
104
105
105
105
105
104
104
102
104
104
105
104
104
100
105
103
103
104
105
103
103
101
105
104
102
104
107
105
100
103
104
105
105
103
104
107
101
103
103
104
106
104
104
106
101
103
88
118
103
104
104
102
101
105
101
103
106
105
106
104
100
105
102
103
104
106
105
102
102
104
102
103
104
107
102
100
104
104
103
104
104
105
101
102
103
106
102
104
105
103
102
103
102
104
106
102
103
103
104
102
103
105
104
104
105
104
105
102
103
105
105
104
105
101
104
104
102
104
105
105
104
99
103
104
102
104
105
106
102
99
104
103
101
104
104
106
102
98
104
104
101
104
105
104
102
100
102
104
105
101
104
105
101
102
80
126
105
103
103
104
71
135
101
103
104
104
103
103
106
102
100
103
103
104
103
103
105
105
98
102
104
103
72
137
70
139
100
102
103
105
103
103
104
105
99
103
102
104
106
102
103
105
103
101
103
103
104
104
104
103
102
102
103
102
105
104
104
103
70
136
101
102
105
105
102
90
118
101
101
102
103
105
102
103
105
104
99
103
102
104
104
102
104
106
99
102
103
75
127
107
104
107
104
98
103
103
103
103
103
102
105
104
99
102
103
103
103
103
104
105
102
99
103
103
102
103
103
105
106
103
102
102
104
102
102
104
105
103
103
104
65
139
101
103
103
104
96
109
103
104
99
100
103
81
124
102
105
104
101
102
103
104
83
122
104
72
136
74
128
103
104
102
102
106
104
85
117
101
104
102
102
103
106
103
94
110
102
91
113
102
89
120
103
83
119
103
104
81
124
105
107
102
99
103
104
103
104
102
105
105
99
102
105
101
104
104
105
103
100
101
104
105
102
104
106
105
102
101
103
105
102
81
125
107
103
100
104
104
105
103
104
106
104
99
102
104
104
103
103
105
105
99
102
103
79
125
107
105
101
74
125
106
107
104
103
105
102
102
80
122
105
106
104
100
105
101
102
105
105
103
104
99
104
104
82
123
106
105
101
103
65
142
104
105
105
107
99
90
117
103
104
104
105
105
100
86
119
106
103
103
106
106
100
71
135
105
104
103
104
105
103
84
120
103
72
138
103
89
72
147
103
104
104
107
102
83
121
105
65
143
104
106
102
101
103
105
105
102
105
104
101
102
102
104
106
103
103
102
105
102
103
104
93
118
102
102
104
105
89
119
104
101
104
102
103
71
140
103
101
103
105
103
104
103
106
102
100
104
70
138
103
104
105
102
102
103
105
103
103
105
103
103
103
103
70
141
76
132
102
104
102
104
104
106
102
100
103
105
101
103
104
105
102
101
102
104
103
103
104
106
100
102
103
67
144
103
67
145
100
103
102
105
71
140
104
101
105
105
102
104
105
106
103
99
104
105
102
103
106
105
101
87
120
104
105
103
105
84
53
152
108
105
108
107
100
105
106
102
104
106
106
101
103
102
105
104
104
106
106
99
92
117
105
104
103
105
104
65
142
103
105
105
105
103
103
104
103
103
106
105
103
101
104
104
86
121
104
107
103
100
104
102
83
123
105
105
100
91
117
103
104
104
107
101
94
112
104
103
84
122
107
103
103
105
106
104
104
105
101
105
102
104
105
107
102
90
115
105
103
84
123
108
105
98
105
105
104
80
124
106
103
104
105
107
103
81
122
106
103
104
105
105
104
104
105
102
98
110
106
67
143
104
103
102
104
104
106
103
104
101
106
102
103
106
105
104
99
106
104
86
122
104
108
100
90
118
104
104
104
106
102
91
115
104
106
103
103
102
105
103
81
122
105
105
104
105
103
104
105
104
103
105
103
102
107
105
103
93
114
104
104
85
123
107
101
84
124
105
104
105
105
104
103
88
119
106
104
104
106
102
91
115
103
106
106
103
101
106
104
89
120
105
107
101
88
120
106
104
104
105
102
104
103
104
106
106
103
101
103
105
103
103
103
107
101
102
103
106
107
104
105
104
102
104
102
104
106
104
105
100
105
104
104
104
107
106
103
101
104
105
103
104
105
106
100
103
104
106
104
105
106
102
103
102
105
106
104
105
104
104
104
103
71
141
102
103
63
144
101
105
104
105
103
96
109
105
103
103
106
104
102
103
104
104
108
103
104
102
105
105
104
104
107
107
99
83
126
105
103
105
106
102
87
119
72
139
103
104
101
106
71
137
103
107
104
99
74
137
102
105
105
105
102
103
103
105
103
104
106
105
71
135
104
105
104
92
118
102
102
103
105
106
103
105
102
104
103
103
103
106
105
102
102
104
105
103
104
106
102
102
103
106
104
103
105
104
104
104
103
107
107
104
105
102
104
103
104
105
106
104
103
101
106
102
104
104
106
106
100
102
104
105
104
104
104
78
125
104
104
72
124
107
106
106
106
104
105
105
107
99
103
106
70
140
104
106
105
100
103
104
105
106
104
106
104
103
106
103
105
106
106
104
85
120
105
67
142
105
107
107
102
103
103
106
104
91
118
104
104
78
123
106
107
107
101
104
105
102
105
105
106
100
91
66
126
108
105
107
76
124
106
106
107
74
138
103
67
144
103
106
107
106
86
119
104
68
143
104
108
105
101
104
105
106
104
104
107
102
83
122
104
105
104
104
101
105
102
89
120
106
102
81
122
106
104
104
106
100
103
103
106
104
105
104
102
104
103
102
106
106
103
100
106
103
102
105
106
105
102
102
103
106
103
104
106
106
100
104
104
106
104
104
105
102
103
103
104
105
107
103
102
105
104
102
106
107
104
104
101
105
103
103
105
107
102
100
105
64
144
104
106
105
102
101
104
73
137
103
80
131
102
75
135
105
104
103
101
105
103
88
70
147
107
83
126
104
76
115
124
101
103
102
66
143
103
101
82
127
104
85
125
105
102
87
120
100
85
121
100
100
102
103
100
95
108
99
98
74
31
103
104
80
115
100
84
117
200
82
118
101
79
118
101
86
111
80
125
99
100
101
86
113
103
102
83
115
101
83
117
104
98
93
108
99
92
111
96
98
101
101
97
100
99
99
99
100
102
100
99
99
102
99
100
101
103
95
99
101
102
99
102
100
99
104
99
100
104
105
99
97
103
72
129
102
100
101
99
101
100
100
101
104
100
99
100
103
100
102
101
70
135
100
101
105
104
101
106
99
99
101
103
103
101
100
101
102
99
101
106
102
96
102
101
98
102
103
101
97
100
102
103
100
101
104
101
100
100
103
105
101
101
101
105
102
103
105
108
61
145
104
107
110
105
105
108
108
98
102
105
101
102
104
102
99
100
101
101
102
101
99
101
102
102
102
103
105
101
101
102
104
105
103
99
104
105
103
102
107
101
97
107
102
68
137
72
130
100
103
103
101
101
69
135
100
100
105
102
102
106
102
100
101
104
101
103
100
100
103
103
100
103
68
135
101
102
101
104
106
102
100
103
104
105
70
134
100
101
100
103
104
101
102
100
104
104
101
103
103
101
104
104
102
102
107
106
99
94
112
105
104
102
96
110
91
113
105
102
103
64
141
102
103
106
104
72
134
101
91
114
103
105
102
97
101
99
102
102
102
100
99
100
100
104
101
101
98
103
103
102
103
103
105
102
101
102
103
104
104
100
102
104
102
95
116
100
101
81
127
101
104
104
101
91
113
105
104
103
99
107
103
103
103
107
105
101
79
123
107
104
104
106
101
101
103
104
104
104
103
99
106
104
102
103
107
101
87
116
101
93
114
67
135
102
104
102
102
67
142
104
101
102
103
106
103
99
102
105
103
102
104
104
102
102
103
103
67
144
98
105
104
102
81
129
102
100
103
102
105
102
70
130
103
103
76
129
106
107
98
86
122
105
104
104
104
105
102
103
104
107
104
101
105
105
104
81
123
104
80
123
106
102
82
123
104
102
103
103
106
105
99
103
103
105
103
105
105
104
103
81
124
109
105
101
103
104
106
102
104
103
102
80
124
104
106
104
103
104
105
102
90
120
101
99
105
102
105
102
103
100
106
80
125
105
108
102
100
106
105
103
81
124
110
102
103
104
107
103
104
100
103
107
104
104
106
107
102
90
118
105
108
103
101
105
105
103
82
124
105
103
69
125
108
106
108
100
102
104
103
103
107
101
101
103
105
105
105
104
99
106
104
103
103
107
105
101
103
104
106
104
83
123
105
102
84
122
106
105
104
99
107
104
103
105
70
141
100
103
101
106
106
103
104
101
105
103
104
104
108
104
101
104
105
104
104
104
81
129
102
103
105
107
105
79
126
104
105
103
105
107
102
90
118
103
91
118
102
75
126
102
83
58
152
105
73
120
122
104
84
120
106
103
79
125
105
108
102
104
107
106
106
107
108
102
71
140
105
105
104
100
106
104
104
105
106
106
100
88
119
106
103
103
103
106
104
104
105
107
105
94
111
106
106
102
82
124
106
106
102
103
107
106
104
101
107
105
103
104
107
107
101
82
125
105
105
106
106
101
103
77
133
102
105
105
