95
73
99
92
67
112
95
80
75
96
80
100
89
67
106
70
99
88
54
56
120
101
84
91
64
81
100
84
82
96
70
81
96
67
82
96
68
85
98
67
49
131
92
57
56
68
97
74
71
102
66
82
97
94
86
94
81
93
85
89
77
85
88
75
98
80
106
72
99
73
80
100
77
67
84
103
70
97
91
60
94
92
59
76
87
89
101
92
62
94
90
68
101
89
61
94
89
63
92
94
56
76
102
63
96
93
63
117
84
95
75
79
106
58
96
73
108
85
79
98
62
93
87
61
65
100
73
94
69
99
53
90
67
72
117
65
103
64
111
69
112
58
105
90
78
80
94
64
87
96
64
98
103
87
57
94
93
64
96
86
72
95
74
84
53
84
80
75
74
74
75
77
77
78
77
56
56
96
97
66
102
98
68
78
109
75
106
98
63
101
97
66
100
96
67
106
96
61
81
89
69
105
96
66
103
95
80
104
97
61
108
95
65
107
94
68
104
93
61
106
95
61
109
95
59
99
96
62
100
95
65
83
108
65
101
97
75
115
71
67
100
96
64
104
99
60
55
82
87
76
101
109
98
60
106
74
130
94
104
67
92
105
89
73
102
72
87
102
65
98
80
105
73
101
96
65
101
96
66
92
110
58
137
98
78
97
104
70
93
104
68
93
87
57
117
109
67
102
102
64
56
133
95
86
103
72
86
75
109
67
110
98
63
108
102
64
128
91
114
62
108
102
60
56
78
99
76
137
87
106
99
61
102
97
63
75
108
71
111
98
70
123
67
126
66
108
97
82
110
66
115
88
93
92
79
101
69
86
53
83
93
72
93
99
85
78
101
68
87
79
72
88
107
95
90
100
70
95
85
85
84
101
64
94
57
74
103
86
80
95
78
75
106
83
86
77
108
69
109
99
62
113
105
67
119
99
110
66
101
96
66
105
99
61
58
79
100
72
56
136
99
76
103
81
82
103
71
87
102
68
98
77
107
69
49
134
66
122
94
68
98
83
72
103
74
90
101
94
67
100
95
69
64
136
57
60
80
104
84
67
49
140
87
106
98
65
113
99
58
105
99
60
70
63
95
76
93
92
58
109
82
77
78
78
77
60
78
105
67
99
61
105
85
74
86
69
85
78
80
80
80
81
79
79
72
85
80
79
80
81
79
79
79
79
78
76
81
79
79
78
78
79
79
79
78
78
70
86
81
63
124
98
96
99
100
66
111
98
62
115
102
63
80
109
72
109
98
63
101
101
65
102
98
64
103
98
64
104
96
62
103
94
71
100
85
72
90
77
121
105
67
81
105
73
120
84
107
91
89
82
96
91
82
110
63
62
131
71
104
95
63
103
72
121
74
106
64
114
105
66
91
89
74
92
102
96
61
100
67
89
98
63
103
103
67
95
106
91
63
111
95
58
67
116
74
98
109
89
93
91
72
112
67
116
92
92
69
117
68
115
93
90
89
79
103
59
100
100
62
73
60
94
77
75
76
77
76
59
88
89
63
102
82
82
81
80
80
60
98
87
85
85
86
86
86
68
104
79
83
101
64
105
82
79
77
72
83
78
78
79
65
90
83
63
55
129
81
67
107
69
98
106
101
74
66
82
73
134
65
113
101
63
128
75
108
81
73
77
98
68
95
95
111
62
99
69
92
100
62
48
132
95
80
101
64
88
100
62
91
80
73
101
101
95
80
102
95
75
102
65
87
103
64
119
88
91
87
68
96
73
78
76
72
102
65
121
74
101
64
123
93
86
70
102
101
66
43
131
95
78
98
67
89
102
65
88
101
95
64
100
74
84
54
82
57
78
89
81
80
80
76
84
81
74
88
81
81
63
93
82
69
92
81
80
62
89
87
81
80
69
90
82
80
61
95
81
65
91
81
80
79
80
80
65
91
84
66
49
83
89
111
66
46
117
75
93
73
112
104
66
66
135
86
77
81
80
102
63
47
131
64
101
95
72
103
83
66
91
108
85
106
99
77
121
64
76
137
74
121
77
106
94
61
56
74
80
84
90
117
69
113
103
105
94
66
101
67
90
101
72
93
78
77
104
107
99
96
90
96
101
64
101
97
95
95
74
53
100
89
82
106
63
128
97
102
91
74
102
66
93
102
83
83
100
65
99
103
69
98
104
95
70
103
67
51
81
99
83
61
98
86
67
88
76
74
73
72
74
74
75
69
55
71
102
92
62
98
83
64
99
84
67
88
58
91
78
76
74
70
78
74
73
74
73
74
73
63
59
102
73
81
76
74
77
55
89
78
73
69
78
73
62
62
65
86
73
73
73
74
73
60
84
56
66
83
83
75
52
69
65
92
65
53
102
57
65
113
72
77
68
80
74
74
74
54
47
115
82
76
83
73
73
71
77
57
86
77
69
80
71
80
77
76
77
67
88
61
89
68
92
57
125
97
65
123
88
67
104
69
94
100
72
92
98
57
92
88
70
102
87
65
90
93
59
103
90
65
98
93
79
89
97
52
62
120
62
103
75
99
52
100
67
97
91
83
96
62
47
126
90
90
84
57
119
68
97
58
116
89
86
84
77
95
86
66
101
93
75
96
62
54
85
84
69
111
69
96
91
61
97
91
63
96
90
65
51
76
92
77
86
91
58
99
91
58
69
105
66
106
81
67
86
69
79
61
88
68
62
90
87
82
82
63
100
83
61
60
121
71
88
77
77
76
76
77
65
83
73
81
78
77
78
57
105
88
72
94
83
68
96
68
87
91
68
97
83
81
81
83
84
82
72
54
60
103
92
63
114
90
75
86
109
64
102
97
59
98
94
65
61
130
62
99
97
63
116
94
69
104
71
112
95
83
102
69
99
50
105
99
91
62
74
104
68
101
73
75
102
64
43
108
106
90
61
65
96
72
78
96
93
58
65
104
61
116
87
71
57
70
99
86
63
98
91
58
97
94
60
95
90
65
97
92
59
53
62
105
89
61
100
65
93
72
57
80
72
72
74
73
73
73
76
78
78
57
70
106
99
56
106
105
82
103
98
83
88
67
58
75
73
81
106
71
101
64
123
69
116
90
88
64
113
87
87
86
86
85
55
53
128
70
99
90
62
95
93
57
77
102
64
97
72
71
76
100
83
82
110
63
105
100
88
79
99
88
80
78
69
78
53
94
59
57
55
86
70
101
101
91
65
97
65
92
101
96
59
101
63
124
66
114
88
87
87
88
88
69
93
98
91
88
88
83
88
91
63
109
88
87
56
71
115
65
96
91
64
97
90
60
79
104
63
107
90
72
103
95
83
66
85
77
71
104
93
84
96
64
108
97
89
86
93
67
102
98
89
76
99
68
83
52
84
92
86
97
69
111
81
91
87
66
106
86
84
85
86
65
105
86
84
84
85
85
86
83
86
85
74
96
85
84
89
86
88
88
88
78
94
93
80
96
88
54
97
72
86
107
90
65
96
66
95
101
60
91
98
68
87
51
78
99
54
90
91
74
99
78
90
84
81
84
79
76
96
84
83
81
83
67
67
80
68
120
69
101
67
95
88
63
101
86
68
70
104
67
98
64
101
85
77
90
79
67
110
85
83
88
85
55
63
74
71
103
69
100
94
70
106
89
66
98
64
61
79
105
61
96
93
63
58
121
97
89
87
87
63
101
66
89
96
84
65
96
86
58
89
97
86
70
100
84
85
84
85
84
84
55
93
89
67
76
61
110
90
67
80
99
92
81
87
80
89
77
70
105
74
94
84
61
107
85
85
85
85
84
68
102
86
68
89
94
88
80
91
56
95
92
62
43
58
95
55
97
95
60
96
91
64
100
95
61
99
95
72
96
82
68
116
56
99
93
79
99
58
117
79
103
90
72
105
63
74
88
73
65
104
98
58
53
62
111
87
85
82
83
78
81
70
93
64
100
81
82
83
81
68
94
83
80
81
57
97
78
83
76
75
75
74
76
75
65
74
81
76
77
75
53
51
121
93
59
89
77
75
75
68
80
62
85
76
63
82
69
76
73
47
97
72
71
74
60
56
94
66
83
73
71
75
73
74
53
86
74
63
82
73
46
88
85
62
77
81
74
75
76
66
82
76
75
75
72
76
76
76
77
76
69
62
96
84
69
70
49
129
85
57
98
62
95
77
55
66
107
72
79
59
83
80
73
73
73
74
58
63
97
75
74
74
75
53
82
65
104
78
80
77
76
76
80
65
54
111
77
54
85
70
99
78
69
70
84
61
85
76
61
87
75
71
61
86
69
71
52
66
107
72
94
103
91
64
109
65
104
112
62
122
72
56
82
74
123
101
86
79
107
59
111
78
79
97
89
68
96
62
91
97
63
90
96
66
93
88
67
106
90
66
99
74
94
96
65
45
103
67
94
95
74
76
93
61
84
94
75
79
96
89
89
78
93
91
74
95
68
91
95
62
49
106
101
68
92
70
79
92
80
62
80
77
55
124
94
89
83
100
56
73
116
67
96
78
107
61
94
89
61
55
76
96
87
65
99
64
113
88
88
84
63
49
108
62
116
71
99
58
93
98
48
100
49
60
120
67
113
91
88
70
44
130
76
94
92
84
84
85
66
101
76
92
82
84
85
84
84
71
98
85
78
89
84
57
93
91
69
89
68
74
67
73
104
75
95
99
63
94
90
68
54
70
97
60
83
73
110
60
115
90
65
108
86
83
54
92
71
95
96
66
95
89
61
108
87
85
83
68
99
79
94
86
59
51
74
99
64
80
50
76
84
81
77
100
82
99
86
89
99
53
97
88
101
76
103
68
88
79
116
94
77
108
95
62
115
84
109
57
104
72
105
101
103
72
80
104
97
95
82
99
102
63
121
99
77
76
69
104
86
103
108
99
78
105
64
89
104
108
100
74
105
98
65
121
68
113
62
104
83
121
92
101
95
61
110
97
95
83
86
108
59
53
82
106
68
88
73
117
66
105
97
57
102
95
61
72
103
73
97
69
94
86
104
60
93
106
71
112
87
87
63
106
93
70
103
87
63
110
86
66
98
65
81
97
61
56
76
82
99
83
95
64
103
84
78
67
106
59
40
128
68
81
104
74
93
96
55
120
80
86
89
84
85
85
69
99
86
58
98
71
69
111
57
90
101
59
59
98
77
107
96
89
59
49
65
101
88
57
95
71
108
87
69
97
73
94
62
72
111
72
74
96
75
64
96
96
74
90
67
84
80
66
119
58
93
93
86
80
87
69
76
93
87
87
84
82
63
96
76
67
79
102
80
93
87
80
81
84
83
70
85
89
57
93
87
71
94
75
69
67
96
68
99
87
77
83
77
73
87
97
54
100
101
92
60
105
93
91
63
103
67
92
107
88
79
74
102
85
86
91
76
80
96
89
57
99
64
113
69
113
85
81
88
85
76
95
86
62
69
106
64
102
95
63
115
82
96
77
67
113
65
109
89
60
106
73
44
109
76
81
105
94
90
98
88
66
111
89
80
97
58
65
101
106
65
125
77
103
68
85
106
68
81
86
73
101
105
85
78
111
93
63
101
73
98
106
63
109
88
61
75
123
68
107
66
112
93
88
90
90
91
92
92
91
94
92
72
112
93
93
94
94
95
94
95
75
113
91
56
97
51
128
74
129
61
80
54
96
76
75
79
73
93
68
104
82
59
105
105
64
124
72
121
72
113
63
89
103
106
95
93
91
94
85
98
93
65
115
96
63
72
123
62
113
98
68
126
65
60
112
69
97
113
61
129
86
108
64
117
90
90
71
110
62
120
87
95
60
95
103
61
104
102
89
66
101
66
97
99
63
106
86
62
112
67
65
78
107
70
109
93
72
109
78
88
103
84
64
116
81
109
61
109
96
77
89
108
64
116
96
60
110
61
134
71
114
64
120
93
90
71
117
57
78
122
63
112
97
61
53
90
82
60
87
67
35
133
89
67
85
113
61
102
102
69
102
105
91
72
108
90
79
103
73
95
106
63
101
106
62
99
108
60
103
103
66
103
101
64
106
101
63
101
105
65
100
102
66
106
98
64
108
98
69
106
93
70
111
90
77
102
74
66
86
111
66
111
68
102
103
92
73
92
75
97
70
137
74
108
66
88
113
70
87
114
61
94
115
98
65
112
65
96
74
116
66
108
87
88
58
82
111
93
68
97
107
68
112
79
77
54
90
114
86
75
104
108
96
93
91
76
105
91
59
110
87
66
53
81
112
97
92
69
112
93
91
90
85
96
93
70
110
90
68
114
91
