1276
1011
256
1007
-268174109
17
789
768
17
781
768
11
261
256
1023
-167770365
1021
3916
6322
4380
5367
265
1048
1003
275
1058
1003
783
1054
1003
779
1050
995
261
1044
1001
783
1005
185536772
1019
257
768
9
769
256
11
769
768
25
773
256
7
265
768
9
277
256
15
281
768
1019
271
1017
783
1013
783
999
271
1013
252645620
252646403
1005
185537252
185537523
1005
271
999
783
1009
236855537
1015
84873462
989
1445
2227
3
281
256
1013
783
1007
263
534
1007
783
1007
17764608
1011
271
1017
271
1017
783
1015
271
1021
271
1021
271
1015
271
509
1008
2446
501
511
1022
2045
2528
1429
1409
1023
271
997
263
534
997
257
528
999
772
1019
261
1011
783
17
261
256
15
791
256
21
781
256
973
1244
1003
263
-4076345
-4075322
-4073409
530
259
1042
997
259
530
1015
505
29
789
768
485
1013
1019
5
263
256
1023
995
2018
3011
1008
1493
496
-268304176
509
982
3483
256
1023
769
-1316427
-268429385
-268428896
496
1497
496
987
475
984
2007
2263
501
507
23
819
1003
-1312805
-1312298
1017
503
2007
256
15
261
1019
511
1522
503
2414
1782
783
271
507
496
997
1015
1008
1495
271
489
1019
271
985
534
511
4912
5935
6191
1
783
1015
1021
279
256
1015
271
1021
801
768
5
785
256
7
275
768
5
271
256
15
773
-260208782
219091198
1015
185537280
1019
783
1023
265
256
1021
511
1510
783
1013
17826784
-249093682
505
1019
1444
2419
1046
1046
987
534
985
265
536
987
1556
985
769
1552
1001
51319042
256
19
773
768
5
277
768
1023
783
1001
789
1060
501
1911
1008
256
2458
1279
1017
256
21
777
256
7
293
256
511
985
19
777
768
15
771
1810
2081
-1444384
-1443883
949
1973
1535
809
1591
1019
256
777
256
39
805
2019
377
768
981
1510
1080
2372
1534
1843
768
768
1011
783
2829
346
1741
3162
1590
275
3396
284
977
1051
971
849
1705
3489
831
2827
830
256
49
765
103
1054
1020
533
804
1002
783
1008
271
1014
783
1016
783
1016
2244
5162
985
480
986
5
276
997
779
1562
995
263
774
256
17
257
256
1023
768
19
265
768
15
257
256
769
1786
1021
768
5
261
256
1015
746
1238
1099
1013
9129
3399
2001
496
1495
-268174360
811
1859
1008
783
963
1084
945
1527
2061
2063
1098
977
1080
993
287
558
1003
271
1017
507
485
2015
1008
1973
-167768718
-167767243
1471
8113
1471
1025
269
768
1556
993
1574
987
1064
993
271
542
995
277
1060
993
785
1568
1005
783
1015
783
1023
791
256
7
787
256
27
791
768
3
789
256
1
279
768
1
271
1015
271
1015
1013
271
1017
271
1011
271
1017
271
1017
783
1019
1
263
768
3
271
1023
263
3416
783
1023
793
768
11
289
768
13
283
768
3
261
256
1019
783
1023
279
256
5
267
256
5
777
256
5
785
256
3
269
768
9
775
768
3
781
256
7
781
768
7
779
256
1021
1947
777
1560
997
538
995
261
1044
999
777
1048
1009
783
1017
775
256
9
779
768
29
263
256
511
1021
259
768
3
263
256
19
779
256
13
769
1013
783
-2895988
885
1022
2045
2546
1021
1019
499
999
895
991
493
505
503
-1838237
1007
2514
-1312806
959
1080
1023
1975
1979
6711
4375
2011
1015
895
782
271
995
257
2164
-266373679
1007
1510
1015
1017
1015
505
1015
1015
1015
503
1013
505
501
505
1017
17
769
256
1023
1005
-4867170
-4866795
-4865772
501
882
-1053200
-1052185
1009
-267842923
1023
-1312326
-1311377
1023
2042
768
1019
9
-100662300
-100661297
259
1266
496
1008
881
2542
4964
2005
271
542
977
777
1560
981
1052
983
1042
987
1560
987
1040
995
528
989
825
2101
1225725450
341
2123
845
2635
2105
843
2105
327
1607
1288
788
329
1269
839
263
837
773
325
1277
319
2105
1881022713
1007
1286
783
1019
783
985
1092
997
803
1074
997
809
1080
1007
783
995
297
568
1007
271
1017
293
768
17
809
256
35
768
1023
287
256
1021
420417788
999
785
1056
1003
779
1562
999
270409971
1023
271
1007
271
-584739
-582350
501
499
499
505
503
1021
1021
505
505
509
768
5
261
256
1023
2040
2043
783
-67108380
-67107877
511
256
9
769
256
1023
503
505
1017
1019
505
501
505
505
505
1017
1017
1791
99
771
1013
1011
503
501
1013
509
256
7
769
1021
507
505
1017
1015
503
505
-262953132
767
1015
3
263
768
1
781
256
1021
783
1011
271
1011
271
1011
783
1009
783
1015
783
1015
271
1021
271
1015
783
1019
1023
783
1013
769
783
1021
783
3047
1588
987
783
993
305
576
1005
722407662
1011
890179872
890180655
1007
2640
343
2123
365
1657
877
2165
887
263
369
279
881
256
51
875
299
871
277
865
301
321
273
325
256
11
313
261
271
1023
271
1011
311
768
19
1286
813
768
7
801
256
1023
309
256
1
297
256
1
783
13
295
768
9
321
256
5
301
1277
307
256
5
825
768
1013
1021
829
256
1
1755
768
19
827
256
15
289
275
781
768
3
281
768
9
293
768
81
791
256
175
50393850
257
223
1043
29
548
925
542
933
1064
921
550
923
1588
783
9
275
256
15
281
768
1021
768
1019
271
1023
271
1017
783
1019
265
256
1019
1023
1021
265
768
1023
1017
271
1023
261
987
1777
2048
-134216771
505
1017
501
505
501
501
499
501
501
1023
-1100131045
-1100130534
-1100130027
1017
505
1021
505
505
1015
1017
-789033
-788020
1015
1015
1017
1013
1017
503
505
1021
768
15
261
256
497
998
1015
-268439042
907
1001
505
503
1017
503
1017
1017
505
1015
505
11
257
256
9
771
501
1011
501
505
1017
1017
503
505
1017
505
1021
-1177168508
-1177168507
257
256
5
777
256
1
271
1013
271
501
503
1015
-671087690
-676539042
-676538083
511
503
1019
1017
505
503
1017
1015
1019
509
256
-787162
809
495
497
493
-267975198
-1877531784
1009
-267972638
1017
503
-536870498
-536869991
768
1023
1015
503
1017
1015
503
1276
1547
997
257
1040
995
769
1040
995
257
528
993
769
1040
999
257
528
1011
1516
1017
507
509
1015
505
1013
-260713027
256
1023
271
495
1009
-268368928
495
497
1007
1009
-536341543
507
1015
505
985
-1973066
-1972555
-1971538
1019
1017
507
507
1021
501
1017
503
1017
1015
507
1009
-1314353
1013
499
499
-1184805
-1184310
-1183525
-1182502
-69604665
775
-790582
-2368087
1510
269
1277
1786
1011
768
1011
491
256
499
1015
768
495
501
256
-1709810
1040
1311
-704641580
1019
505
511
985
2000
261
783
-100660918
-100659915
271
1009
1023
259
256
9
1005
991
995
1266
1005
511
1294
993
1318
1353
269
1997
1017
1015
256
501
-268237587
13
305
457
496
991
1021
1021
1
261
768
989
-533177869
269
496
1499
19
771
995
773
1044
-267299866
-267297244
991
263
774
1782
1685
1023
2046
1
273
256
1003
901
1023
497
1009
271
271
999
17826531
505
1019
511
511
501
1019
1017
1023
768
5
769
501
271
1007
1011
-267709458
768
1017
1008
1493
1516
775
267645462
3796
768
1005
493
1015
768
1019
1015
985
257
762
1019
5
257
507
505
1019
503
1021
1021
9
263
768
2882
269
768
13
785
256
1015
1499
493
1007
2026
505
509
503
1017
1017
1017
511
1017
-265708763
1008
256
1021
505
985
1792
-391446
503
505
1017
503
505
1015
507
1046
1012
507
1019
507
1962
1008
1390
503
1015
1019
1015
505
497
1007
497
-268752519
867
496
999
777
1048
991
771
-1710412
-1709403
1021
19
259
768
11
259
2399
2898
1886
-301987896
-307776152
-314090691
-314090194
-268172832
-267974682
1015
503
501
501
505
505
1021
1015
1019
505
1019
1015
1019
1021
768
11
773
768
5
1011
-919073
-918816
1023
2968
1380
-920602
509
1021
51
1752
1646
941
772
1787
-3021635
-3020629
1015
503
503
1013
1021
256
11
259
256
1019
1524
503
1890
2536
1015
1013
1011
501
1011
501
497
501
497
499
1007
1013
1009
1011
1009
499
1009
499
495
501
503
1015
1009
503
501
3336
507
507
769
1017
501
507
1015
501
499
503
1017
-67108108
-67107325
1001
261
1044
997
257
1040
997
773
1556
997
769
1552
999
769
1040
1001
769
1040
1009
783
1017
271
3
257
768
15
257
768
27
257
256
29
259
768
25
257
768
17
257
256
17
769
1013
503
509
-771751493
768
17
263
768
7
257
995
1897
1511
507
768
15
773
256
511
768
985
528
983
513
1023
256
1023
1288
495
-1576999
-1576502
-1575479
509
505
505
999
1498
2005
1015
1019
503
505
1015
1013
1013
1015
1015
503
501
1013
1019
1019
1023
-8157344
-1052964
1008
2017
7636
941
1031
1520
769
11
1246
273
1250
1040
1003
2172
1005
1534
-267658269
-267656979
999
783
511
1008
351
1008
496
1519
1970
768
1017
273
-524614
993
277
554694120
-393236
-392965
507
943
1489
1060
989
1570
989
1046
987
1048
993
261
532
993
534
993
267
1035
9
773
256
15
769
768
21
773
768
17
261
256
15
259
768
11
261
256
9
771
256
5
771
256
5
261
768
5
259
768
13
265
256
13
269
256
9
777
256
-5915402
1044
505
1023
2044
271
1015
1004
261
1280
511
1011
1009
499
497
1009
495
-268172316
497
1021
-917528
-917159
1401
2690
1120
-915715
1011
505
503
991
1999
2492
3011
771
1042
1001
261
1044
1501
3455
497
1490
-1050710
503
1013
1017
1013
1015
501
1017
501
1011
1011
1007
1011
5282
499
505
1009
-803865211
-803863734
371
1008
1019
25
277
256
509
768
17
273
768
511
768
1009
277
1
509
768
511
1504
487
1008
1538
969
1564
1023
1042
263
256
21
779
768
7
263
511
256
511
505
503
505
509
509
511
496
363
1503
-1313588
-919670
7364
1042
1040
991
1042
3296
1008
501
995
773
1044
4437
-266660890
507
-1244191
-1241827
2023
1560
496
2481
875
1386
509
1017
1128
1555
115
1541
121
259
256
129
773
256
123
515
107
1031
75
259
1017
1015
501
511
1532
1011
271
1019
257
768
5
261
256
13
771
1023
1023
1013
499
1013
501
503
1013
1015
1013
1013
1013
1015
1015
19
773
768
11
769
1019
1019
507
1023
507
507
1017
1015
1013
501
1011
1013
507
256
1021
497
1005
-536409131
-536408128
-268105251
-268104760
1008
2013
1008
1499
-1876416650
-1876415877
256
3
1001
219153342
769
1040
993
1042
989
257
1040
977
1042
-266769105
1042
497
495
1009
1013
-919123
-918106
499
507
1009
-267710496
1008
2009
1008
1503
501
1021
1019
507
991
257
528
995
257
528
1940
2925
1282
2305
3122
-1972775
-2232080
-2231063
7
769
256
511
256
-458311
-457810
-2102892
2516
4501
505
4343
1019
503
1015
1007
1008
1503
256
33
1027
73
1037
139
789
1045
309
1128
327
421
898
387
768
953
1102
509
511
1530
507
2399
1009
497
1009
1011
1007
-536342567
499
499
499
1009
1009
-1578025
-1577257
3
511
-268437129
1390
1013
1013
1013
1015
1011
503
499
1015
1015
256
17
771
256
1023
497
1002
987
1040
985
528
989
1042
991
257
1040
997
261
1044
1558
511
-637533238
-637529117
499
1017
256
19
769
997
771
1042
1003
17764606
-1502243
-1500409
1513
503
1017
503
503
505
503
783
1007
17765102
17765373
1003
257
528
1001
769
1766
261
532
1023
1279
507
1015
501
1015
499
2893
503
1015
503
-128075
106647711
1011
271
1015
783
1023
1023
256
1023
363
-1050149
-940573804
267
256
13
771
501
1010
1017
497
1015
1011
1015
501
1017
1015
271
991
257
528
997
257
528
271
445
716
1019
1516
1015
511
-658000
2031
499
501
499
501
499
1021
3310
1015
505
783
993
769
1552
993
259
-267557281
2322
752
7
769
256
507
256
15
773
768
7
257
1019
-335543850
2457
1904
-1972779
-1972274
1015
505
782
1023
1524
769
433
1327
1624
1318
511
1019
111
1225725119
1225727125
507
511
505
-130578
-129557
768
3
773
256
1021
1007
1008
2328
1264
1023
507
1023
-536869420
-536866546
2025
3028
257
528
501
505
505
497
1480
1552
983
1042
442
663
981
1636
-2237216
899
496
1013
1017
1011
503
1021
256
1017
505
507
256
1023
1017
1017
1017
1017
1017
1015
505
505
507
1015
507
1019
1015
1518
505
503
995
257
1040
991
1280
3178
1005
271
983
1040
985
1042
983
1040
985
1044
2008
-2628685
7
259
999
263
1046
1015
511
-1050646
-1049354
995
771
1554
997
773
1556
991
257
528
995
261
1044
991
257
1040
997
771
1554
997
259
530
1001
84873982
1013
783
1021
769
256
7
259
256
1023
256
1023
2016
1011
501
497
501
497
1009
1015
-267710494
495
3485
1017
505
-1444372
-1443389
1387
-268958792
-269349194
2147487702
530
-872414245
-872413734
1019
505
507
505
1019
503
509
1019
77
1025
113
1029
237
1072
387
650
241
2172
608
2300
511
-393744
-391849
-1973823
777
768
-234880034
-237117025
257
528
865
2901
499
501
1013
1013
501
1013
1013
1013
501
1015
1013
1017
1021
1023
1021
783
997
267
1050
997
263
1046
993
769
1040
993
261
1044
989
257
1040
993
259
1042
993
769
1552
995
259
1042
997
257
1040
1003
118428416
1017
1023
1003
51380478
1013
1949
1034
257
256
1023
509
1023
1034
259
1042
985
530
985
1042
981
532
989
530
987
534
989
771
1042
993
532
997
771
1042
1003
271
1021
1804
1023
2298
1104
1008
1481
2000
987
2491
3496
1011
496
1507
487
1013
-535157289
1015
1008
1503
1019
-265850006
1406
1013
-268225577
-268223731
1009
783
-136718460
-136717441
1023
1310
1120
1017
505
1013
505
499
503
499
256
495
1007
503
499
501
1011
503
511
768
511
501
9
257
509
3
257
11
263
256
511
768
1021
1530
2043
73
517
131
1039
289
600
367
407
769
161
371
1717
303
1023
-67169025
1005
84873986
1019
3
769
768
11
769
768
509
768
7
771
256
507
1
2298
520
257
256
3
783
1009
35652053
35652324
-1841185
-1838777
2956
496
1501
1011
271
991
769
1040
995
257
528
995
769
1040
497
-2367030
-2366774
5
261
256
1
-389667
507
1007
271
1015
783
1023
259
256
9
771
985
1040
2038
1021
507
503
1450
1369
2042
2313
999
257
528
-525836
-524831
-6051432
-6047506
271
1019
271
1009
-134216736
-134215715
-134214732
1375
958
1280
2301
3084
997
769
1040
997
257
1040
1001
257
528
1001
17764606
1023
-1377309570
1023
1027
265
1451
887
436
875
1723
582
1023
2012
1042
993
261
1044
995
259
530
993
261
532
991
261
562
1748
2071
1288
3753
1395
769
256
11
257
993
257
528
2919
257
528
999
771
-201325339
-201324336
-201323825
-201323056
253
373
1277
1582
1003
259
1042
1011
769
2703
1008
9
773
768
11
781
768
13
267
256
1017
783
1003
291
562
997
285
556
995
281
1064
993
283
554
991
277
1060
991
1572
993
281
552
993
789
1572
999
279
550
1003
783
1013
271
1017
785
256
1
273
768
1021
1015
271
1013
271
1013
271
1011
783
1013
783
1007
783
1011
271
1009
783
1011
17764606
1009
271
1011
271
1011
271
1011
783
1021
271
1023
1019
271
1023
256
3
257
256
1023
257
256
1
259
256
1021
1
771
256
9
261
256
15
781
256
11
777
256
-5181303
1021
271
507
507
1013
2008
1052
989
1044
991
532
989
1042
989
1044
987
532
991
1044
991
261
532
997
263
534
999
773
1044
1007
271
783
997
261
532
1001
261
532
1003
169747181
1017
271
1021
769
768
7
771
768
13
771
768
21
771
768
21
769
256
19
259
1013
1015
501
501
-656918
-655367
773
256
509
1019
1011
783
1013
271
1023
771
256
511
507
997
1558
1023
1534
2317
1001
769
1040
993
257
1040
993
259
530
1021
768
13
259
256
503
783
991
1556
993
771
1042
995
773
1044
999
771
1042
1005
783
1013
271
1021
257
256
5
769
256
9
257
995
771
1042
995
769
1040
3
771
768
3
-1107295957
-1107293985
-1107293729
9
769
256
17
769
256
21
257
256
1021
511
-2353809122
-2353808624
2172
1110
-655913
-1971263
-1970762
1015
497
1011
499
499
1011
1007
783
1019
271
1023
381
1008
-262185
-261402
985
1552
987
1044
991
769
1040
-4467260
-543487939
505
1017
1013
1015
1013
503
1019
1017
505
505
991
1556
991
771
1554
995
261
532
999
257
1040
1003
51380478
1013
271
-369098256
-805304894
-805303871
-805303364
1023
256
11
261
256
17
771
256
17
775
768
15
769
256
17
777
25
773
1017
511
2515
778
2302
507
509
507
-268237340
1500
1999
271
997
773
1796
-1313084
2392
783
256
301
353
1110
397
769
137
367
1211
1090
1017
1545
987
530
983
1556
987
530
985
1042
1001
769
1040
1982
27
769
768
1019
256
19
773
768
511
1290
999
261
532
997
257
1274
507
17
771
507
505
503
505
1
769
768
11
257
768
19
261
256
17
769
768
15
773
1023
256
511
256
1023
1011
1019
501
505
503
509
256
15
769
256
511
1021
1015
505
1017
1021
505
503
256
13
257
768
9
261
256
3
769
123
519
293
345
582
373
1206
-201320957
-201319934
-201319678
1023
256
1023
256
23
771
1015
499
499
1007
1013
1009
497
497
499
1009
501
499
1013
1011
505
1011
1017
499
1013
499
503
1013
503
1021
768
27
257
1015
-2234920
-2234411
999
84873982
985
1040
505
503
1015
1017
1019
1015
505
507
503
507
1017
1017
499
1013
505
1017
507
507
1017
509
1017
507
499
1015
-268215960
1389
526
257
256
1023
1013
-267711008
2392
1008
1526
507
503
1017
1013
505
1009
-268368642
1023
261
256
511
985
1044
985
1040
983
1042
987
528
987
1042
991
769
1552
987
-454438
-453481
851
1483
1009
1510
1766
499
-270867059
775
1046
997
261
532
997
259
530
1005
271
1009
271
1019
1023
256
9
771
256
509
989
1054
985
536
983
1044
985
536
985
1046
987
1048
989
1558
991
777
1560
997
263
534
1001
775
1046
1003
219091714
1017
783
1017
1023
771
768
7
769
256
511
903
1008
1969
17
259
256
21
257
256
41
775
768
73
1031
97
269
768
217
807
1152
670
275
1687
25
1142
993
4613
1023
783
256
1023
256
511
768
35
775
768
59
1031
87
267
256
181
801
604
405
584
256
119
783
1023
1534
2557
993
265
536
995
775
1046
997
261
532
997
261
532
1003
151982334
1017
271
1021
261
256
9
771
256
11
257
256
13
771
256
1023
256
7
257
511
-234880036
-234879765
1008
2983
1946158391
1946159384
1564
991
1044
989
1044
989
1040
1846
497
773
256
3
-167770898
93
1029
225
556
387
895
1652
1128
271
997
771
1554
999
259
530
1007
783
1009
271
1015
783
1021
5
769
781
1052
995
265
1048
991
1046
993
1558
991
263
534
993
263
1046
993
775
1046
995
263
534
997
261
1044
1003
84873468
1013
271
1017
271
1023
771
256
5
769
256
7
771
768
7
769
256
7
257
256
1023
256
5
769
256
511
7
257
499
1013
503
501
503
1011
-2152802
1015
9
261
768
17
261
256
23
775
256
21
257
256
19
773
768
15
257
768
15
257
256
13
769
256
11
771
256
9
771
256
5
257
256
5
257
768
11
263
256
13
271
768
9
781
256
187
291
257
349
1425
427
787
2095
269
1023
1530
265807374
1013
271
1013
783
1011
271
1013
17826558
-3026016
-3024222
-3023951
999
771
1554
999
257
528
997
259
1042
1001
773
1044
1001
769
1552
1007
271
-3814993
-3814034
2545
495
-536132231
1877
511
511
1552
305
361
610
413
406
373
1729
830
769
256
5
259
256
5
769
256
1023
271
-69079115
-69076767
7908
8225
2083
1795
1009
-194589
-190724
505
499
1015
1013
501
1011
511
1294
1003
775
1558
999
-33615614
1013
271
1
257
256
3
257
981
1754
1044
983
2161
1013
1011
-704641076
-704641075
1015
511
256
1279
73
1033
131
533
279
1493
407
257
165
369
1209
1320
1011
1011
495
1015
501
1021
503
1019
1015
1015
499
-573184
1706
612
-1051708
-1972540
975
1040
975
1554
979
1040
987
1554
989
769
1040
983
1048
987
1560
987
534
991
265
536
995
265
1048
1003
151982846
1019
768
5
263
256
5
769
768
3
261
256
989
1044
985
532
989
1044
991
769
1040
999
261
532
1003
17826278
-536131209
1392
1013
499
1007
1013
1009
-267713062
1011
-583203
-581726
353
-1207958159
-1477751168
-1477750669
1733
365
769
327
901
1264
857
2079
1300
2317
501
1015
501
503
503
1013
505
501
1011
1017
503
1019
503
501
1011
1023
768
21
771
511
503
1019
1019
1023
256
11
777
256
7
513
95
775
256
229
552
389
1174
291
1192
1100
1013
499
501
499
1011
1011
1009
1005
-267710494
1011
1009
1011
1007
497
1007
1009
1007
1017
509
509
999
-267974697
-267973694
496
985
496
1497
1008
2007
496
987
1008
1497
-267973155
-267972662
1008
1499
1008
2013
1008
1497
1008
2011
496
1519
-4077164
-268104222
495
-268237342
-268237336
1011
499
-267975200
499
505
503
1017
509
61
1025
1023
768
185
285
1130
1441
1173
43
2079
265
1294
1017
509
507
505
1015
1015
1015
505
503
505
1015
501
1011
501
1013
501
501
501
505
1017
509
509
1019
509
25
257
256
509
256
509
1015
503
501
1017
1021
1001
769
1777
-2497609
-2496827
503
11
257
511
495
-269280336
-788500
-788009
-787498
-786989
5
769
-919574
-919077
1015
501
1013
1011
497
499
1033
165
-2113927328
-2118663951
-1051443
1526
1015
501
503
497
1015
501
501
1019
507
1019
509
505
507
-437172459
265
536
1003
783
1013
271
1019
261
256
5
261
768
11
257
256
11
259
768
9
773
1001
773
1556
1005
271
1013
271
271
987
1040
2545
3540
777
1048
993
771
1042
993
257
528
993
257
1040
993
259
530
991
769
1792
2777
2400
783
1013
503
505
1023
1023
1518
2029
3547
511
1516
271
542
993
261
1044
995
773
1044
995
769
1040
995
259
530
997
261
532
995
773
1044
997
271
542
993
261
532
991
1040
1023
-256785
-255109
768
5
259
768
1021
783
989
530
989
532
989
532
993
263
534
995
259
530
999
261
1044
1003
51319556
1021
257
768
7
259
768
9
771
768
11
261
768
7
257
256
5
257
2018
-4338286
-4337787
499
1009
1015
1011
501
503
501
501
1015
1013
1019
1383
1513
497
499
1009
499
497
499
495
1011
497
1011
1009
1011
495
1009
-267579422
1009
1017
503
505
1015
1017
1019
1015
1013
1013
1013
1013
503
11
769
65
513
95
1029
235
929
1907
2212
1591
778
1306
985
1040
1008
359
-605686975
259
1042
1003
17764606
1013
271
783
1021
1
769
256
9
257
256
17
769
256
1023
768
25
769
256
1019
256
1023
995
771
2305
3290
1554
509
1017
503
505
1013
505
1021
507
1021
-100661927
389
556
667
45
2071
787
511
1553
989
1554
989
1040
991
261
1044
993
769
1040
997
771
1554
1001
769
1040
995
769
1040
-268172306
-273435227
-273433181
1013
1015
1011
501
1011
501
503
1019
505
1019
503
1019
1017
505
503
507
505
507
1015
507
75
513
99
261
768
219
1971
913
518
666
606
769
2815
1023
771
256
5
769
256
15
769
256
1023
256
19
257
4789
193
281
1136
1989
1264
873
2105
788
1291
511
782
1009
499
2056
153
768
345
891
927
779
628
923
776
1047
997
263
534
999
779
1050
999
775
1046
1003
777
1048
1005
151982338
1017
271
1023
261
256
3
773
768
11
261
768
13
773
768
17
777
768
15
773
768
13
773
256
9
257
256
9
771
256
3
257
256
5
259
256
1023
1023
771
256
5
777
256
7
269
256
1023
783
1021
1021
1005
-1703459
-1701097
1008
-134216730
-134214802
882
1008
271
271
1001
265
1048
1003
151982336
1015
271
1023
263
768
5
773
256
15
257
256
19
771
768
19
771
768
1023
256
511
509
256
511
509
505
1502
775
1046
995
773
1044
999
263
534
1001
773
1044
1009
271
1013
271
1021
261
256
511
256
13
257
1021
999
777
1048
997
773
1556
999
265
1048
997
771
1042
1001
773
1044
1001
35528939
1013
1365
2030
3041
496
-132619
995
1048
991
1050
1011
271
1007
270410469
270410740
1001
773
1044
1003
267
538
995
773
1044
999
777
1560
1007
987
1068
995
769
-1839603
993
1042
989
1040
987
1040
987
1044
987
530
987
1046
989
1040
993
775
1558
993
773
1044
1001
779
1050
989
742
1961
1806
1013
271
1021
256
9
773
1009
271
1017
783
1021
777
256
5
771
256
15
257
256
19
769
256
23
257
256
511
256
21
769
509
768
13
257
511
1021
1017
509
1013
-1577008
-2890869
497
1514
-268333648
-271355537
271
1011
271
1013
271
1019
1
775
256
501
-131713
1373
511
511
-201324048
-201323006
768
1023
1015
271
1017
256
511
768
21
777
256
511
256
25
773
256
1019
-268434448
-268433463
528
987
1042
991
1040
995
257
528
771
1554
995
769
1040
991
771
1554
995
257
528
991
773
1556
995
259
530
997
259
530
1003
84873982
1015
271
17764608
1023
2020
777
1560
997
773
1044
989
265
1048
995
769
1040
997
769
1552
1003
775
2795
261
1044
1003
777
1560
1007
271
1013
783
1019
256
11
771
256
17
261
256
15
769
1001
263
534
1003
773
1044
1001
203301103
1015
773
-805568601
-807936386
1021
511
995
257
762
1011
505
511
256
51
1537
85
1031
159
269
525
309
355
1154
413
257
173
377
1741
-1838473
-1837454
1019
503
1009
271
1013
256
5
769
768
11
769
256
511
1013
1796
991
770
-271197540
-271196557
829
256
9
259
768
1017
507
373
2403
151982830
151983101
2473
343
-268433458
-268432947
-268432456
-268431433
-268430420
1021
1292
1013
1008
1364
1023
2044
155
277
533
323
2011
927
948
887
1749
1104
509
1005
271
1011
271
1015
271
1
259
256
3
769
256
13
769
256
1023
256
19
257
256
17
257
256
13
769
993
-3023175
-3022154
-3020136
257
528
993
1781
2740
1979714324
779
1562
1001
267
538
997
261
1044
1001
775
1046
997
769
1040
997
777
1048
997
259
530
1003
773
1044
1003
84873472
1013
271
1021
773
768
1023
995
773
1044
995
259
1042
999
261
532
1001
51319038
-1637936
-1636100
1511
501
271
997
769
1552
995
773
1044
993
257
1040
995
257
528
995
769
1040
997
771
1042
999
769
1040
1005
17764606
1013
271
1013
271
1019
771
768
1023
768
19
257
256
1023
507
2742
997
261
532
997
259
530
1003
771
1042
511
-392723
511
1019
-269796078
455
2024
783
1054
999
777
1560
997
261
532
997
261
532
997
257
528
999
263
534
999
263
1046
1003
51319038
1015
271
1017
773
768
9
257
768
1023
256
17
771
256
511
256
1021
3
777
256
11
769
768
19
263
256
17
769
256
17
261
256
13
257
1003
84934914
997
257
8164
3425
1008
2009
-267318806
1017
69
1025
1023
768
233
1451
915
769
293
399
293
3555
-5393111
1019
997
257
1274
1013
1011
1013
497
985
1042
987
1554
987
1040
997
261
532
999
769
1040
1007
271
271
1023
2003
-393271
528
985
1042
985
528
985
1040
883
1509
1015
505
1015
1013
499
1013
499
271
777
1048
1005
271
1011
271
1015
271
1021
263
768
3
773
256
11
261
256
11
257
768
13
771
256
511
256
7
771
256
1023
256
3
257
256
1
257
256
1023
1023
259
768
3
773
256
9
271
768
1
1944
2929
532
-639902302
-639902046
285
1985
401
426
373
1715
301
-6447314
257
1017
511
783
1011
783
1013
271
1023
257
256
1021
1001
51319550
1011
271
544
989
532
985
1556
985
1048
985
1040
985
1044
983
1044
989
1044
989
771
1042
995
261
1044
999
773
1044
1009
17826048
1009
271
1019
256
15
259
256
17
261
256
11
773
256
9
773
256
7
257
768
5
257
256
3
769
768
1
257
768
1
1023
1023
1
773
256
9
267
256
9
779
768
71
1138
881
1519
2798
17
773
768
1023
256
15
793
256
11
265
256
7
267
256
11
779
256
19
779
256
23
777
256
25
281
256
19
269
256
3
785
256
5
257
13
283
-267844102
257
768
11
257
256
507
768
17
775
768
9
769
768
17
265
256
1021
889
496
256
497
1008
2027
1021
256
1834
1891
1215
1836
31
257
1013
501
1023
1456
2071
495
501
-201326118
-203825965
509
783
991
1040
989
1682
847
2043
3066
4085
768
1023
768
5
257
256
1021
1021
271
999
769
1040
993
-2756902
-2754550
496
1017
505
505
503
768
271
1007
-266503355
493
499
1011
497
1009
1013
-267974160
-267973671
-267972648
-267972377
4846
5851
6360
1005
1013
783
1009
271
1015
783
1023
257
256
3
769
256
509
511
2256
991
259
530
995
261
532
997
257
1270
1977
507
995
769
3103
-100661292
-100659502
331
1955
1189
75
381
2103
1312
1011
1011
499
501
271
985
1044
983
1552
987
1050
983
530
987
1046
989
259
530
993
775
1046
999
259
530
1005
256
271
1019
256
13
775
256
17
257
768
17
261
999
-33554180
-654384
267
538
991
1554
1715
256
9
771
256
9
769
256
13
769
768
11
769
256
11
769
511
511
256
507
256
1013
1008
1499
505
1003
265
-1445281
1040
1910
783
987
1280
3142
1019
1023
997
771
1042
993
1044
-169877070
-171060554
993
257
528
997
769
1280
511
2330
1519
261
768
1
257
256
1021
995
261
532
997
265
1048
995
263
534
1001
267
1050
1001
151982848
1013
271
1019
256
511
256
15
259
256
11
257
256
1023
1040
985
1040
1023
271
1532
768
141
1545
299
333
1166
407
440
883
1227
1093
993
261
1044
993
773
1556
999
267
538
1009
271
271
1001
185536752
185537023
1007
783
1019
1021
257
256
9
775
768
13
257
256
1009
768
13
269
1017
2347
1016
1287
983
-653791
-786727
-784611
783
256
29
1029
71
1035
119
1549
289
1112
361
407
414
381
1733
592
987
528
991
261
1044
993
261
2273
1048
987
1046
987
530
985
1044
985
1044
985
1044
987
1044
985
259
530
995
771
1042
271
989
1558
987
1044
985
532
989
532
991
773
1556
997
769
1040
1762
1556
118427900
1011
783
1019
271
1023
257
768
9
257
993
769
1040
1023
-524311
-1182067
793
618
1670
257
405
777
2589
1292
2846
-393999
7
769
768
1021
503
1275
1023
768
195
785
628
634
275
1184
2583
2062
985
1556
987
1554
989
1556
989
259
1042
995
773
1556
997
259
1042
1003
17703153
1021
259
1009
783
-525846
1021
256
59
517
159
256
343
1915
1699
65
381
2119
