28
81
81
81
81
80
81
81
81
82
81
80
82
82
81
81
81
53
108
38
125
35
128
83
81
82
81
81
82
80
80
80
80
81
79
79
80
80
79
79
80
78
81
80
80
79
80
80
77
81
79
78
79
79
77
80
79
78
79
79
79
79
79
79
79
80
79
79
79
79
79
79
61
94
79
79
78
79
79
79
78
78
79
79
78
79
78
79
79
78
79
79
78
79
79
79
80
80
80
80
79
80
80
79
80
79
80
79
78
78
74
83
79
79
79
79
79
80
79
80
79
80
80
80
80
80
81
80
82
82
82
82
82
83
83
84
83
83
83
83
84
83
83
82
84
84
84
84
85
84
84
84
84
85
83
84
84
84
84
84
83
83
83
84
83
83
52
112
84
82
84
82
82
81
82
82
82
82
82
82
82
83
83
82
82
83
82
83
82
82
82
81
82
82
82
81
81
82
82
82
83
82
82
82
82
83
83
83
82
81
82
82
82
81
81
81
81
81
82
81
81
79
81
80
79
80
80
79
80
80
81
80
82
80
82
81
82
82
82
82
81
83
82
82
82
82
82
80
84
83
82
82
84
83
84
83
83
84
83
82
86
82
84
81
85
82
86
83
84
84
84
84
84
84
84
84
84
84
84
84
83
81
69
66
64
58
59
58
57
59
56
60
51
110
95
89
86
86
82
85
84
82
83
82
81
85
83
83
83
82
83
82
83
83
83
82
82
82
83
82
84
84
82
83
83
84
83
82
82
82
82
82
81
81
81
80
80
82
81
81
82
82
81
83
82
83
83
53
110
83
83
81
82
82
81
81
82
81
81
82
80
84
82
81
82
82
82
82
82
82
81
81
82
83
82
82
81
82
83
82
82
82
53
110
83
82
82
81
82
80
84
82
81
81
82
82
82
82
82
83
82
83
82
82
82
82
81
82
82
81
81
80
81
79
80
80
80
81
81
80
81
82
82
83
82
83
84
84
84
84
85
85
85
85
85
85
86
85
85
85
85
85
85
86
85
85
86
86
85
86
85
85
84
86
85
84
84
85
84
85
85
85
86
86
86
87
86
86
87
87
87
87
87
87
86
86
86
85
84
85
84
84
84
84
85
84
85
84
84
85
85
85
85
85
86
86
86
86
86
87
87
87
87
85
86
84
84
83
83
82
83
82
83
83
82
86
82
86
83
84
85
82
86
83
83
83
83
83
82
82
82
83
82
83
82
81
83
82
83
83
83
82
82
83
83
83
83
82
82
82
83
82
83
82
82
83
82
81
82
80
82
81
81
82
81
82
82
82
81
82
81
81
81
81
80
83
81
81
82
82
82
82
82
82
82
82
83
82
81
81
82
81
81
81
81
80
81
81
80
80
80
81
81
81
81
80
81
81
81
81
80
80
80
81
81
81
81
80
80
81
82
82
81
81
80
82
81
81
81
80
81
80
81
81
81
81
80
81
80
81
81
80
80
79
83
81
80
81
82
80
85
82
83
83
82
82
86
84
84
84
81
85
85
84
83
83
83
84
83
83
82
84
81
83
86
83
82
83
84
83
82
83
82
82
84
83
83
83
83
84
84
85
84
83
84
83
85
84
84
83
84
85
84
84
84
83
84
84
84
83
83
83
83
82
84
83
82
82
83
82
83
83
82
82
82
83
82
83
81
83
82
82
82
81
82
82
82
81
82
83
81
81
81
80
81
76
80
80
84
80
80
79
80
76
82
79
78
54
104
44
114
81
79
75
83
79
79
78
79
79
78
79
78
79
77
77
78
78
79
78
78
54
101
63
96
79
78
79
78
78
78
78
79
79
77
80
78
78
80
79
78
78
79
78
80
79
78
78
79
78
79
78
79
78
78
79
80
79
78
79
77
79
78
78
76
78
77
79
78
78
77
55
100
79
80
78
77
79
77
80
77
79
77
78
78
80
78
77
79
78
79
79
79
79
77
79
79
79
78
79
77
78
78
80
79
77
80
79
79
79
79
79
78
80
79
79
79
78
78
79
78
80
79
78
77
79
80
79
79
77
79
78
80
78
79
77
78
78
78
78
78
78
78
79
79
79
80
79
80
79
82
80
80
79
79
80
80
79
79
79
79
81
79
80
78
79
78
78
80
78
79
78
79
78
79
78
79
78
79
80
79
79
78
79
80
79
79
77
79
79
80
78
79
77
79
79
80
79
80
78
81
79
80
81
80
78
80
80
81
81
79
79
79
79
81
79
80
79
75
82
75
81
79
78
78
78
76
78
77
77
78
78
78
78
78
78
79
80
79
80
80
79
79
81
79
81
79
80
80
80
81
80
81
80
81
82
81
81
81
81
80
81
80
81
81
79
80
81
80
81
81
81
80
81
80
81
81
80
80
80
80
81
80
80
79
80
80
80
80
79
81
80
80
81
80
79
81
79
81
80
79
79
79
80
80
80
80
79
78
79
78
79
78
78
79
78
79
79
79
79
79
79
79
80
79
79
80
79
81
80
80
79
80
80
80
79
79
80
81
80
80
80
80
81
81
81
81
81
80
80
81
82
81
81
80
81
80
81
83
81
79
82
81
80
83
80
79
81
81
80
80
78
80
80
81
80
80
79
80
80
82
80
80
80
81
81
81
80
79
82
80
81
83
81
81
80
81
81
81
82
80
79
80
81
81
80
80
78
80
80
81
79
79
80
81
81
81
80
79
81
81
80
81
78
80
80
81
79
80
79
81
79
82
80
80
82
82
81
81
80
82
81
81
83
81
80
81
81
82
82
81
80
82
80
81
81
80
79
80
80
81
80
79
79
81
80
80
80
80
82
80
82
81
81
81
82
81
83
81
80
81
82
83
82
82
80
83
82
83
83
82
82
82
83
82
82
80
81
82
82
81
53
108
83
81
81
81
81
82
81
81
80
80
81
82
80
79
81
81
82
81
81
80
81
83
82
81
81
80
81
53
108
81
79
80
81
81
80
79
82
80
81
81
81
80
82
82
83
81
81
82
80
81
83
81
80
81
82
81
82
81
79
81
81
82
82
81
80
81
82
82
82
81
80
82
81
82
82
80
81
81
81
83
80
80
81
82
81
81
81
80
81
81
82
81
81
82
81
82
81
81
79
81
81
80
81
79
81
81
82
81
81
82
80
83
81
81
81
80
80
82
80
78
81
79
81
80
80
79
81
81
80
80
78
80
81
81
81
80
79
80
82
81
80
80
80
80
83
80
81
79
81
80
82
81
80
79
81
82
81
81
79
82
83
82
80
81
82
82
82
81
79
81
81
82
80
80
81
81
80
83
81
80
81
82
81
81
81
79
81
80
82
81
80
81
82
82
82
81
81
82
82
83
82
81
82
82
83
81
81
82
82
84
83
82
82
83
83
84
83
81
83
83
84
82
81
82
82
83
82
81
81
83
82
82
81
81
82
82
84
82
81
82
83
82
83
82
81
82
82
83
83
81
83
82
84
83
83
83
82
82
82
84
82
82
81
82
81
84
81
82
81
82
82
82
82
80
81
80
82
80
80
79
81
82
81
81
81
81
81
83
82
82
82
80
83
82
82
82
81
82
82
81
84
83
81
83
83
85
82
81
83
82
84
82
81
81
82
82
84
81
82
81
82
84
82
80
82
82
83
81
80
57
108
82
82
82
81
81
82
84
82
82
82
82
83
83
82
81
81
82
82
82
80
81
82
82
82
82
81
82
83
82
83
81
83
84
83
85
83
82
84
83
85
84
84
83
83
85
84
84
83
83
84
84
83
83
83
82
82
83
84
83
83
82
84
84
84
82
82
83
84
82
82
82
81
83
83
82
83
82
81
82
83
83
83
81
81
82
83
83
82
81
56
108
84
84
82
81
83
83
83
83
81
81
81
82
82
81
80
82
81
82
84
81
81
83
82
82
84
82
80
82
81
82
82
82
81
81
83
83
82
81
82
82
82
83
82
80
83
81
82
83
82
81
83
81
84
82
83
82
81
83
83
82
81
82
81
83
82
81
81
82
84
83
83
81
83
83
83
82
83
81
81
82
82
81
81
82
81
83
82
82
81
84
82
84
84
82
82
83
84
83
82
65
43
50
131
90
90
89
84
85
84
84
82
82
83
81
82
81
81
82
82
82
80
82
82
83
82
80
57
107
83
82
82
80
82
83
81
81
80
83
80
83
81
80
82
81
82
82
81
81
80
82
81
81
80
81
82
81
81
80
80
81
81
83
81
80
82
81
83
81
81
80
81
81
82
58
104
80
81
81
82
81
79
82
81
80
81
81
79
81
82
81
81
81
80
81
81
82
82
81
80
82
81
83
81
79
82
81
83
81
80
82
82
81
82
82
80
83
81
82
82
81
82
82
82
83
82
81
82
82
83
82
81
82
82
84
82
81
81
81
83
81
81
81
80
80
81
81
81
81
80
82
81
81
81
80
82
81
82
81
80
81
81
82
81
81
80
81
81
82
81
80
80
81
81
82
81
80
82
82
83
82
81
82
83
82
82
81
81
82
83
82
81
80
81
81
83
81
80
81
83
83
82
81
81
81
83
81
81
80
81
81
81
81
80
81
81
82
81
81
81
83
82
82
80
82
81
83
81
81
80
82
82
81
80
81
82
83
81
81
80
81
82
82
81
81
80
81
81
80
81
81
81
81
79
83
81
82
81
80
81
59
103
82
80
82
82
81
82
82
81
82
82
83
82
83
81
83
82
84
83
81
84
82
83
84
82
82
82
84
84
83
82
55
110
83
83
81
81
81
83
81
82
80
82
81
84
82
81
81
83
83
84
82
82
82
82
82
83
82
81
82
82
83
82
82
81
82
83
83
83
81
82
82
82
82
82
80
82
81
83
81
81
81
82
82
82
81
80
83
80
83
81
80
82
82
83
81
82
80
83
82
83
82
81
81
82
82
82
81
79
81
81
82
81
79
82
82
81
82
81
81
83
81
84
82
81
83
83
81
84
83
82
81
82
84
82
82
81
81
82
81
83
82
80
82
81
83
81
81
82
82
82
81
82
81
81
81
83
81
80
82
81
83
81
82
80
82
81
83
81
81
81
81
82
82
81
81
81
83
82
81
81
80
82
82
83
81
80
82
83
82
81
82
80
81
82
82
81
81
80
82
81
83
82
81
82
81
83
82
81
80
81
82
81
80
79
81
81
81
79
81
81
81
82
80
80
82
82
81
81
79
81
82
81
81
81
80
81
81
83
82
81
82
82
83
83
83
80
82
83
83
81
81
82
81
83
83
82
80
83
83
82
82
81
81
81
83
80
80
80
80
81
82
82
81
82
56
109
84
82
82
82
82
83
83
81
81
82
83
83
82
81
82
83
81
84
82
81
82
82
82
81
81
81
81
82
81
81
81
81
82
81
82
81
82
82
82
82
81
81
82
82
81
82
81
81
83
82
81
80
83
80
83
82
80
82
80
82
81
81
81
80
82
83
83
82
81
83
83
84
82
81
82
83
83
83
81
81
83
82
84
82
81
83
83
84
82
81
83
83
81
82
81
83
81
82
81
81
82
81
84
81
81
84
80
82
84
81
80
82
81
82
82
81
80
81
82
83
82
80
83
81
82
82
82
81
81
81
82
83
82
80
81
81
82
82
81
81
81
82
82
82
82
80
82
82
81
82
81
80
82
82
81
82
81
82
82
81
82
81
81
81
81
82
81
80
81
80
82
81
81
80
81
81
82
81
80
81
80
81
81
60
101
82
80
82
81
82
80
82
82
81
80
82
81
83
81
79
81
82
82
82
81
80
81
83
82
83
82
81
82
83
82
82
82
81
82
83
82
81
82
82
82
82
83
82
82
55
110
85
82
81
81
79
81
79
79
79
80
79
78
78
79
81
78
78
78
79
78
78
77
78
76
77
79
78
78
77
79
78
78
78
77
78
79
77
79
78
77
79
77
78
78
78
77
79
77
80
79
80
78
79
80
79
81
79
79
78
78
78
78
77
77
77
78
77
77
77
77
76
77
76
76
76
75
75
76
75
75
75
75
75
75
74
76
71
79
76
75
76
76
75
76
75
75
75
75
75
75
75
75
76
75
75
76
76
75
76
75
76
75
75
76
75
75
75
75
76
76
75
75
76
75
76
76
76
76
75
76
75
77
75
76
76
75
75
77
75
76
76
76
76
76
76
78
76
76
76
77
76
77
76
76
76
76
76
77
76
76
76
77
56
96
77
76
77
76
77
76
76
72
79
76
72
75
75
75
75
74
75
79
76
75
75
75
76
75
75
76
75
75
74
74
71
79
75
75
74
75
75
74
75
75
73
76
74
73
76
75
72
77
74
75
75
75
75
75
76
75
76
76
76
76
76
77
77
77
76
77
77
77
77
77
77
77
76
77
76
77
77
76
77
77
77
77
76
76
77
75
76
76
75
76
77
75
76
77
77
76
76
76
77
76
77
75
76
76
76
75
76
75
75
76
76
76
75
76
76
76
76
76
75
76
76
76
76
77
76
77
77
77
78
77
77
78
78
77
77
77
