126
512
18
-3008542
752
2939
856
624
700
1164
680
1876
180
716
166
526
706
850
1876
526
766
1063
830
1061
900
29
890
551
926
544
527
938
45
920
51
962
575
986
561
946
527
992
1079
970
26
553
1016
563
1008
534
512
1014
24
512
1006
538
512
2
532
512
976
532
512
20
22
512
4
530
0
38
527
28
22
512
24
302973518
0
16
542
512
44
540
512
14
0
18
520
512
64
22
0
32
528
0
24
568
78
604
572
8
38
516
512
58
1024
66
512
34
1042
72
532
0
88
536
0
76
536
114
528
112
682
78
0
488
-260670252
-260670128
522
850
1418
17
874
545
844
561
854
45
844
1061
846
555
890
2237
2712
610
676
1776
1182
602
766
198
572
212
1080
204
582
782
1792
766
582
732
540
1066
788
540
527
824
534
15
852
539
872
557
888
551
878
544
527
884
30
527
894
545
900
549
932
545
928
518
15
948
1053
936
539
952
553
960
1057
962
545
964
549
976
547
962
41
978
547
960
527
976
1053
990
547
986
16
543
986
26
41
992
536
1063
1016
20
0
1014
562
542
74
512
1008
527
1012
0
512
56
622
534
512
12
512
250
634
185
1408
1621
1669
2
738
512
766
752
978
762
250
70
668
518
-264884512
1644
244
0
236
0
38
2
512
52
28
80
667
26
596
255
32
550
512
76
1032
50
154
592
512
36
512
996
36
536
240
992
0
252
744
512
66
10
0
20
552
0
42
538
0
16
42
0
1268
76
686
1379
666
116
1218
1090
46
18
44
536
0
34
532
512
8
558
512
752
512
252
512
26
66
18
566
540
514
38
646
624
550
512
42
526
512
56
20
30
776
1494
0
52
532
0
26
22
0
20
14
512
1014
62
512
18
532
0
88
158
512
520
122
1376
872
158
632
766
138
552
60
546
32
24
30
50
750
514
124
22
98
752
760
574
1020
527
1002
576
512
1000
592
512
1020
512
24
542
512
22
14
512
6
536
0
982
504303644
504303659
1000
583
8
526
0
38
1126
232
583815922
1093
10
638517802
1008
558
512
22
72
34
102
0
46
0
58
134
1146
661
100
270
1304
694
604
1200
78
220
626
544
584
524
40
512
1020
15
994
528
543
990
20
35
998
26
553
994
26
41
994
470749210
470749225
2
544
512
2
64
538
90
1530
527
512
14
2
246
232
240
472
240
450
962
-265884433
998
0
527
986
1043
1012
8
0
68
151
1111
359
527
172
192
716
876
208
626
216
1146
566
0
1012
8
494
1196
-521209904
-521207869
1945
612
767
1272
1332
1878
640
686
828
192
684
692
14
662
646
526
670
814
1082
730
14
15
750
0
15
832
518
868
1041
916
533
1020
527
2
24
30
0
16
554
46
56
512
976
769
1296
1004
527
10
548
8
66
546
82
512
1002
987655
996
544
559
998
269484764
269485768
1004
540
1067
982
553
970
1075
976
565
976
47
1014
597
1275
2113
610
767
1316
966
35
980
1069
980
557
990
527
1012
1037
80
1022
546
1073
516
34
18
0
44
522
