42
786
240
478
-269426235
-269425343
979
82
939
113
950
2137
539
574
512
38
36
512
62
532
86
548
106
530
527
936
539
932
35
922
37
904
32
15
896
567
888
1481
592
1453
1139
952
1143
980
1443824202
30
554
0
40
28
0
42
534
0
30
526
0
16
522
0
12
524
512
10
10
0
26
532
512
54
1056
32
8
758
-83885577
1008
15
563
850
567
846
935
2001
616
15
906
620
15
946
1093
576
1103
1006
527
1014
527
1010
15
8
12
512
50
546
512
48
560
0
44
12
0
1014
252
779
866
1067
860
1433
1471
2041
2081
1603
1035
46
512
12
540
0
14
532
0
6
512
8
22
767
796
870
545
866
553
860
1081
878
1475
1519
2085
1601
974066210
512
20
24
0
28
516
