104
100
57
148
100
101
56
145
105
94
64
139
102
101
59
142
105
101
55
144
99
105
55
143
100
57
144
101
103
55
143
100
55
143
99
57
143
100
104
55
142
100
55
144
97
58
139
103
99
56
139
101
54
139
96
57
140
96
56
140
99
55
138
99
54
120
96
58
136
99
54
144
97
56
140
99
54
140
96
55
124
109
73
74
67
62
81
82
74
67
66
77
66
55
133
109
107
106
55
156
104
108
55
154
107
108
56
150
106
108
55
153
102
102
57
152
101
105
57
151
101
105
54
150
104
102
56
153
108
105
55
152
106
101
57
144
102
99
61
137
100
57
144
99
101
58
144
100
55
143
96
55
142
102
97
58
144
100
55
143
101
102
55
145
98
102
56
142
98
55
144
98
58
146
98
101
58
145
101
102
58
147
106
100
56
146
106
100
58
146
105
99
58
147
106
102
55
147
102
103
57
146
104
104
57
148
105
99
55
149
100
104
57
147
102
104
56
145
101
54
143
103
99
56
144
99
55
144
100
100
56
141
103
55
143
102
100
55
142
101
57
142
102
102
57
146
96
57
143
100
99
59
141
101
100
59
144
106
100
57
148
101
103
56
146
103
106
55
63
46
143
103
102
55
149
101
101
55
146
101
101
55
146
99
54
146
100
97
57
142
94
55
146
102
98
62
134
99
55
143
100
98
62
133
102
55
143
100
95
64
139
96
57
146
100
100
56
142
103
55
141
104
95
64
139
99
56
143
104
101
55
141
100
102
55
140
102
55
142
97
102
56
140
101
55
141
101
97
63
129
101
55
139
95
58
140
98
55
139
98
55
140
98
56
140
97
54
143
97
55
141
99
100
56
142
101
55
143
101
56
146
100
98
57
120
79
70
68
76
55
120
127
100
54
159
107
103
54
152
103
104
58
148
101
102
57
146
102
102
57
144
103
97
56
143
95
54
142
100
52
141
100
95
56
137
99
53
134
95
59
137
94
55
135
94
55
132
95
56
130
92
55
129
91
55
126
92
55
125
89
56
121
88
57
119
88
56
118
88
57
118
87
57
117
88
57
117
88
56
118
88
56
119
89
56
120
90
55
121
91
56
124
92
55
128
92
55
130
93
54
132
93
55
127
92
55
128
91
55
126
90
55
126
89
56
124
89
56
124
90
56
124
88
56
122
89
56
122
88
57
119
88
57
121
89
56
120
89
57
119
90
56
121
89
56
119
87
58
117
89
56
119
90
56
121
89
56
119
88
57
119
88
57
119
87
57
118
83
62
118
88
57
120
88
57
119
88
57
115
88
58
114
87
59
112
87
60
110
87
60
111
85
65
107
86
62
111
87
65
109
87
62
111
87
59
116
88
58
117
87
58
117
88
58
117
88
58
117
87
59
117
89
57
118
89
57
118
89
57
120
89
57
119
87
58
118
88
58
117
89
57
117
89
57
120
89
57
120
90
56
120
89
57
120
87
58
118
88
58
117
88
58
115
87
60
114
86
63
113
89
58
120
88
57
121
90
56
123
92
55
127
91
56
124
91
56
125
91
55
124
91
55
128
91
55
127
93
54
129
93
54
130
92
54
128
92
55
127
90
55
124
91
55
123
90
56
122
87
59
120
87
59
118
87
59
117
87
61
111
87
66
109
87
65
109
87
64
108
86
66
108
86
69
104
86
87
87
87
86
87
88
87
87
89
90
88
89
89
88
89
84
90
89
92
89
90
89
65
115
89
59
118
89
61
119
88
60
122
89
57
121
90
57
123
90
55
122
89
56
121
89
58
120
89
58
120
91
56
126
90
53
126
90
54
123
93
54
123
88
57
122
90
58
121
88
59
118
86
62
115
89
58
119
87
60
120
87
62
115
87
65
112
87
63
112
86
88
87
62
113
89
60
116
89
59
116
91
58
118
88
59
117
89
58
118
89
57
121
89
58
120
89
58
118
88
60
115
89
58
117
88
60
114
87
65
108
86
71
101
87
86
85
86
86
85
87
86
85
87
87
86
86
87
86
87
87
86
87
87
87
88
86
88
88
87
88
86
90
89
90
91
91
61
122
93
55
130
93
55
130
92
55
129
92
55
128
91
56
126
89
57
123
89
57
122
89
57
122
89
57
122
89
57
123
90
56
125
90
56
125
92
55
127
91
56
126
90
56
126
91
55
125
90
55
125
90
55
122
89
57
121
91
55
125
91
56
125
90
56
125
90
56
124
89
57
122
88
58
121
91
56
124
91
55
124
91
55
126
90
55
126
91
55
125
91
56
126
93
54
129
93
54
131
92
54
131
92
53
132
92
54
132
92
55
129
92
54
129
92
54
129
92
55
128
92
55
128
93
54
129
90
55
127
90
55
126
91
55
126
91
55
127
91
55
127
93
54
128
92
54
128
93
54
129
92
55
129
93
54
130
90
54
126
92
54
124
96
54
127
89
55
126
91
55
124
92
55
124
89
57
123
91
57
122
89
57
123
91
56
126
90
56
126
92
55
127
92
55
127
92
55
129
93
55
130
94
55
131
94
54
130
96
55
127
94
58
130
94
55
132
95
55
132
92
56
131
93
55
132
94
55
130
97
56
133
96
55
131
98
55
133
96
54
132
98
55
134
94
55
132
94
55
133
93
56
133
93
55
134
94
55
135
94
55
136
94
55
135
95
57
135
98
54
136
97
54
137
96
54
139
95
54
138
97
58
139
99
97
57
136
99
56
143
98
55
51
52
134
99
54
137
99
54
141
97
55
138
97
55
139
97
55
140
98
54
140
98
98
55
138
100
55
142
97
55
141
98
55
138
97
54
138
94
55
136
95
54
132
97
55
133
95
55
133
93
55
131
92
55
131
93
55
131
92
55
132
92
56
132
93
55
132
94
55
132
94
56
133
94
55
135
94
56
135
95
55
135
96
55
135
90
56
139
96
55
135
97
55
136
94
58
136
94
55
138
96
55
138
96
55
138
100
96
58
141
98
55
143
96
103
55
144
101
99
55
144
105
102
55
145
104
102
55
148
101
100
56
144
99
55
143
99
97
56
140
98
54
141
98
57
138
97
55
139
97
55
138
95
56
136
94
55
136
94
55
135
95
55
137
97
55
139
98
97
57
138
99
55
141
99
98
56
138
102
56
142
100
98
56
141
98
56
141
99
98
56
139
99
55
140
99
56
62
45
128
97
54
140
98
54
140
97
55
139
97
54
140
96
54
139
97
54
139
98
55
138
98
97
56
140
98
54
143
99
56
140
97
55
140
97
56
137
97
55
137
98
55
138
95
55
136
96
55
135
96
56
133
99
56
134
100
55
138
97
56
138
97
97
57
137
98
56
140
98
98
57
139
98
55
140
97
56
139
97
57
137
70
117
97
98
56
137
98
54
139
98
55
138
96
55
138
96
55
138
96
55
139
96
54
139
96
55
137
97
55
138
97
55
139
97
56
138
98
96
61
132
98
55
140
98
55
137
101
97
60
135
97
55
139
97
56
138
96
56
137
98
56
139
98
97
58
137
98
55
138
101
98
57
139
99
55
144
99
100
55
144
99
57
143
100
99
56
143
99
55
145
100
96
58
145
100
101
55
147
101
101
55
148
101
101
56
147
102
101
55
146
101
100
56
144
100
100
56
143
100
56
144
99
99
56
141
63
135
98
97
57
140
99
56
140
99
97
57
136
100
56
139
98
57
58
46
132
96
55
139
98
55
136
99
55
138
97
55
137
97
55
138
97
55
138
97
56
139
96
55
140
97
56
139
98
97
56
141
98
54
143
98
98
56
141
98
55
143
99
98
56
143
99
57
142
100
99
56
142
100
98
56
142
99
54
144
95
102
55
140
101
101
56
143
98
56
144
99
101
56
141
101
102
56
145
97
101
58
144
103
101
55
145
98
103
55
144
103
101
55
146
101
101
55
146
102
100
55
147
102
100
56
147
101
102
55
147
101
100
56
142
102
100
55
144
100
100
56
142
99
98
57
139
98
56
140
98
55
140
95
58
140
97
56
139
97
55
140
96
56
139
97
55
141
98
98
57
138
101
56
141
100
97
57
140
99
55
142
98
57
141
97
56
140
96
55
141
97
55
139
97
56
139
97
55
139
98
97
57
135
101
55
140
99
97
56
138
97
55
139
97
55
139
97
56
138
98
96
61
135
97
55
143
97
56
142
98
98
56
141
96
58
143
98
99
56
141
99
56
141
99
97
56
139
97
56
140
97
56
140
97
98
56
141
98
56
140
97
56
138
97
55
139
96
56
138
96
56
138
97
55
138
97
55
138
98
57
137
98
97
56
140
98
56
142
98
98
56
141
99
98
57
140
99
56
141
98
98
56
139
97
55
140
97
55
138
97
57
138
97
55
139
96
56
139
96
55
137
99
56
139
97
56
66
44
123
100
55
139
98
96
61
132
97
55
140
97
55
140
97
57
139
98
95
59
139
98
56
141
99
97
57
139
98
56
140
98
94
60
139
98
55
141
98
98
55
137
102
97
57
140
98
55
142
98
96
57
139
97
55
141
97
98
56
136
98
56
142
98
98
56
137
101
55
140
99
97
56
136
100
56
141
98
97
56
140
98
55
141
98
97
57
140
97
56
141
97
57
139
97
98
56
137
97
55
137
96
55
136
97
55
137
96
55
136
96
55
137
96
54
136
96
55
137
96
55
138
96
54
138
95
55
137
96
55
137
95
55
138
96
55
139
96
55
139
96
56
139
97
56
138
98
97
56
140
99
55
141
99
97
56
139
98
55
140
98
96
57
137
94
58
139
96
55
138
95
55
138
94
55
137
94
55
136
95
54
136
94
55
134
94
55
135
94
55
135
94
55
135
94
55
135
95
55
135
96
55
137
96
55
139
96
56
137
96
56
139
96
55
139
96
98
56
139
99
99
56
141
100
99
56
143
100
99
56
144
99
100
56
143
101
99
56
142
100
98
57
141
99
55
142
99
97
56
138
98
55
139
96
56
138
96
55
138
97
56
138
97
56
138
97
98
57
139
99
56
141
97
99
56
142
99
99
55
144
99
99
56
142
100
55
142
99
98
56
140
98
55
140
97
55
116
112
94
59
137
97
55
138
96
55
138
97
55
138
96
56
138
97
56
138
97
56
138
96
55
129
105
97
56
136
98
55
140
98
97
56
139
98
55
141
98
56
139
97
57
139
97
57
139
97
98
56
140
99
56
140
97
55
138
101
98
55
140
98
54
142
93
57
141
96
55
141
97
56
138
97
55
139
96
55
138
96
54
138
96
54
139
96
55
139
97
55
137
99
56
139
97
94
58
140
98
56
141
100
99
55
143
100
99
56
144
100
100
56
146
101
101
55
147
102
100
56
142
99
99
56
141
98
56
140
98
98
55
140
98
56
137
101
98
55
138
101
54
142
98
97
56
140
97
55
142
97
98
56
140
99
56
140
97
98
55
140
98
56
140
98
97
56
139
99
57
139
100
98
56
144
100
101
56
143
104
101
55
144
104
101
55
147
102
101
55
146
