86
92
94
80
103
93
95
73
105
93
95
71
104
93
94
91
91
95
83
99
72
105
93
66
104
92
92
90
91
74
101
92
93
91
91
76
102
90
91
91
91
91
93
68
104
91
54
135
91
53
133
91
91
74
103
56
119
91
96
93
93
92
93
89
97
93
94
65
46
97
112
55
130
67
106
92
52
109
106
53
133
90
68
105
91
91
66
52
134
89
90
65
48
93
108
87
90
69
100
85
67
97
58
121
70
100
90
89
72
49
100
112
92
67
113
96
69
111
99
101
84
110
66
119
97
100
71
114
100
98
79
113
64
116
101
103
57
142
64
117
101
100
71
112
100
96
70
110
97
70
47
145
73
115
100
99
94
105
88
102
103
97
97
96
96
96
97
98
102
81
69
150
88
114
100
74
113
99
65
113
96
54
110
114
98
99
78
111
65
110
98
97
77
106
93
92
69
48
56
90
90
90
91
68
48
136
68
104
94
91
92
90
90
89
91
84
89
89
88
69
101
89
90
81
96
90
90
79
96
95
90
80
97
63
65
126
95
75
71
95
68
94
85
87
76
96
91
90
73
51
134
68
108
87
54
103
105
90
94
74
97
65
103
88
90
74
55
134
67
111
92
53
111
105
72
102
93
57
131
76
105
65
107
93
94
73
107
65
112
93
97
76
108
89
100
94
94
75
105
93
96
86
92
69
49
138
66
110
89
94
57
131
67
108
93
93
72
107
95
96
68
109
65
107
88
90
94
88
89
71
97
66
101
88
89
79
100
91
94
84
101
95
68
109
97
69
49
99
118
93
102
75
111
95
98
75
109
70
108
64
106
91
92
57
116
63
106
90
53
103
109
55
136
69
109
93
101
72
105
91
91
74
95
63
103
90
89
88
88
89
67
102
88
90
78
99
89
91
71
102
90
64
103
91
92
78
102
65
108
92
93
71
106
92
92
73
104
94
92
74
106
63
107
90
52
106
106
54
130
69
103
91
66
102
91
89
71
103
91
91
85
97
93
68
47
111
110
95
63
130
72
103
67
96
95
86
91
88
89
66
103
64
105
92
92
78
102
65
105
91
92
65
104
65
103
90
89
71
49
133
69
102
89
86
68
46
134
72
104
70
101
65
101
87
90
69
101
87
89
78
98
89
88
71
100
87
88
78
93
87
88
74
96
85
90
68
101
64
103
90
89
68
102
88
63
101
54
123
68
100
86
65
114
68
102
89
50
109
101
63
46
137
67
104
61
104
88
51
102
101
90
53
126
88
49
129
62
102
88
88
76
96
66
45
96
108
88
89
74
100
88
88
69
46
133
63
99
86
85
72
94
63
44
132
85
87
86
85
87
88
72
98
62
101
87
88
72
96
86
65
99
88
88
79
92
87
87
83
86
89
86
85
82
92
64
44
100
104
89
67
102
56
122
64
103
86
71
100
90
64
103
88
88
66
100
85
88
70
97
84
88
70
97
84
86
78
92
85
84
70
98
63
98
85
86
84
84
84
84
84
61
45
120
51
57
63
61
61
86
64
59
65
61
57
57
59
55
53
53
48
60
49
51
51
128
65
119
66
94
76
79
78
79
76
78
77
70
83
77
77
67
83
75
77
77
76
63
87
76
68
83
76
78
75
77
65
87
75
77
66
83
61
87
76
78
75
76
64
86
76
62
87
77
47
107
77
69
84
78
78
79
65
89
79
47
111
80
80
80
81
66
92
81
81
82
81
64
94
83
63
95
83
64
96
84
83
84
82
75
88
82
64
93
82
48
106
88
80
81
81
81
72
86
65
91
80
81
78
83
79
68
90
80
80
65
93
80
67
91
81
81
65
93
63
43
126
63
95
82
82
73
87
61
93
81
81
66
91
80
70
87
79
81
79
80
79
77
80
68
88
79
80
76
83
79
81
79
81
63
91
80
63
92
79
80
159
63
90
79
64
91
79
82
80
81
64
92
80
81
69
88
78
68
87
81
79
76
80
78
77
79
78
73
83
80
65
89
79
80
79
79
62
88
79
79
76
81
79
80
78
80
64
93
83
64
94
83
49
117
81
85
84
86
84
70
96
85
85
66
98
84
49
111
94
69
46
92
102
85
86
83
87
86
71
45
104
104
51
128
83
91
62
105
89
66
44
91
110
92
90
89
89
89
88
88
78
98
87
89
88
53
99
104
52
128
77
96
88
89
87
88
64
103
88
89
87
89
64
104
88
90
89
90
62
106
90
92
91
89
89
52
129
88
88
87
88
85
90
63
105
90
52
107
103
89
89
88
87
89
78
97
89
91
90
90
91
65
103
90
90
71
98
89
88
87
87
84
89
86
88
62
104
89
65
103
54
125
72
97
85
87
78
93
88
66
103
91
90
91
91
91
92
63
106
88
91
64
101
87
88
66
99
86
85
85
42
42
84
83
69
95
84
84
69
96
85
84
71
95
85
86
85
87
64
104
88
65
103
90
64
107
90
64
107
52
131
74
102
90
93
91
92
64
111
94
94
94
94
81
101
92
92
92
92
93
94
95
96
65
113
99
70
47
95
119
100
98
93
98
64
111
96
65
113
97
65
115
99
65
112
96
97
93
98
63
110
95
97
95
95
68
109
93
90
89
89
87
86
68
97
84
85
65
95
84
84
70
93
63
99
86
85
66
100
86
86
72
98
88
89
81
94
90
91
85
94
76
99
89
88
65
46
135
87
88
88
88
89
71
101
89
91
90
92
65
106
93
93
93
94
64
110
94
68
44
146
66
113
96
77
111
97
52
133
100
67
47
153
67
119
100
92
109
54
145
103
104
53
150
101
51
152
101
52
144
102
67
113
97
96
73
104
94
93
68
105
93
93
71
100
96
91
91
91
92
92
72
101
90
89
69
101
90
90
70
103
90
91
72
103
91
92
72
106
94
67
45
143
70
120
93
94
93
94
51
139
95
96
100
86
115
103
85
121
109
72
123
109
68
125
110
67
126
111
111
84
122
108
88
121
109
95
121
110
67
48
162
66
129
108
69
124
108
54
136
103
53
146
96
98
65
84
93
99
90
92
52
110
97
93
91
90
92
92
68
103
91
91
77
101
91
93
74
106
93
95
96
96
68
115
95
83
123
96
76
128
110
66
127
70
116
128
115
89
128
114
73
128
114
115
55
164
113
80
129
78
121
127
116
55
164
111
89
127
111
68
127
112
113
55
161
110
84
123
109
67
123
107
107
92
116
105
106
96
110
66
110
94
114
100
69
47
98
121
100
100
99
95
96
94
91
69
105
90
91
68
104
88
91
67
47
136
90
90
73
100
65
99
93
91
91
92
91
93
94
94
96
98
99
68
122
95
75
127
105
65
47
97
136
113
115
83
129
113
67
127
114
114
56
152
112
77
126
114
67
132
113
117
56
159
119
69
129
118
119
57
153
116
81
129
116
68
127
113
68
126
111
57
138
111
56
143
110
56
157
66
124
66
109
103
117
105
106
100
109
67
111
116
82
118
94
111
100
99
97
94
95
95
92
75
105
73
103
69
106
91
91
70
48
135
88
92
63
106
89
90
70
48
135
66
106
90
93
58
133
96
100
100
103
85
124
106
78
129
113
68
133
116
116
74
129
115
78
132
121
120
90
131
116
68
129
117
115
56
154
108
81
91
86
52
154
82
107
89
109
97
98
73
106
89
105
56
138
96
52
133
96
78
108
97
53
139
87
104
95
97
95
97
55
129
97
98
98
99
82
112
102
69
124
103
69
128
109
114
91
127
112
80
127
113
68
126
113
115
89
128
115
78
128
116
68
131
118
120
77
131
120
67
131
121
120
59
146
117
66
130
117
116
57
152
114
69
127
115
113
57
144
72
128
112
69
126
111
69
124
110
57
157
67
98
110
116
67
106
110
114
60
131
105
56
157
67
126
105
108
58
154
104
105
58
147
101
104
73
117
103
103
82
115
100
70
48
132
105
69
101
98
62
126
78
102
67
97
95
92
55
127
88
91
56
117
90
91
67
104
92
92
91
93
55
128
97
98
99
99
80
104
101
102
104
73
49
101
136
97
80
136
100
77
137
120
123
69
134
122
122
82
134
124
68
135
126
125
69
136
126
125
70
136
126
125
71
137
127
123
70
137
125
121
68
133
111
108
106
82
93
113
100
70
113
102
103
101
105
74
111
100
112
103
105
96
111
93
112
97
56
134
90
109
98
108
104
61
149
100
108
77
131
101
86
135
105
77
130
122
123
78
136
123
67
135
126
123
69
137
123
67
133
120
120
72
133
121
120
59
158
122
70
134
124
123
59
150
120
58
140
118
58
165
85
50
104
137
112
64
120
117
58
128
123
80
121
82
118
86
115
79
114
86
111
76
107
102
101
78
104
99
102
58
113
105
99
82
92
103
94
71
107
95
97
56
133
101
104
99
101
92
108
100
102
101
101
102
102
104
101
103
102
103
103
103
103
102
97
107
67
120
103
56
141
104
58
142
110
57
143
110
57
142
112
60
141
114
58
144
116
58
155
127
118
86
131
119
70
130
119
118
58
155
117
71
129
117
67
130
114
70
128
115
115
79
130
115
58
141
114
59
161
68
123
90
126
75
126
112
71
127
111
112
59
148
113
70
126
112
58
139
112
58
160
68
129
75
127
84
114
118
77
114
102
119
77
125
109
94
66
153
109
112
57
154
67
113
117
95
118
73
123
108
109
81
121
107
108
99
115
67
124
106
108
79
119
105
104
80
112
97
96
96
93
70
106
59
127
70
106
91
92
61
113
90
88
77
99
86
89
57
114
89
88
67
100
89
89
78
101
67
102
96
99
78
102
98
76
102
99
78
102
100
89
105
102
104
104
98
131
101
76
132
101
78
134
104
76
49
103
136
126
123
69
137
120
123
87
136
125
124
90
137
125
68
135
126
125
59
146
124
123
60
149
122
60
167
123
107
128
118
59
150
118
59
162
67
123
92
128
114
60
162
85
127
74
128
113
60
134
107
60
149
102
102
66
113
98
59
135
69
108
93
92
59
129
68
106
94
96
75
110
77
106
103
92
107
102
102
77
108
103
104
105
105
81
108
106
85
130
100
77
125
104
58
138
107
108
61
136
107
108
107
113
80
124
112
71
132
113
70
127
113
113
69
146
107
56
153
105
56
135
105
87
116
60
146
75
116
86
108
95
101
62
100
94
106
62
114
105
100
96
96
96
68
50
139
98
97
97
98
99
100
70
47
99
105
101
77
107
103
76
49
144
94
109
105
76
125
100
72
124
101
107
98
116
107
84
119
93
112
108
57
122
110
62
132
76
107
94
105
59
133
101
81
104
100
74
104
99
98
75
103
99
99
83
103
67
104
99
100
97
63
131
76
106
101
73
55
36
60
104
99
76
105
101
82
50
109
108
103
73
121
101
71
55
153
67
122
104
82
120
57
105
123
104
70
47
154
103
113
72
123
108
66
136
108
58
134
107
67
125
69
128
107
97
116
106
81
120
104
104
102
81
114
60
142
66
99
109
57
127
97
109
58
142
82
103
103
99
98
100
98
99
100
102
101
102
101
103
102
104
105
105
106
107
106
109
108
109
94
54
141
124
107
57
146
111
72
121
106
103
81
116
102
103
96
63
142
70
93
110
81
109
100
100
