65
133
131
131
130
130
130
128
125
112
107
108
105
103
104
102
102
102
102
101
102
101
101
100
100
100
100
99
99
98
99
99
98
99
99
99
99
99
100
99
101
63
138
104
103
105
107
106
108
110
113
122
125
132
134
135
138
137
139
140
142
141
141
142
142
145
145
144
146
146
145
148
145
145
145
145
146
144
144
145
144
144
142
141
141
140
141
139
139
138
138
136
136
135
133
133
132
130
130
129
128
112
108
105
104
103
102
104
103
103
104
104
104
102
104
103
102
104
102
101
102
101
101
101
101
100
100
98
99
100
100
100
102
103
105
109
109
110
113
117
122
124
133
136
137
138
139
107
140
142
141
143
143
144
144
144
145
143
144
143
143
145
145
146
146
144
145
143
144
144
142
141
141
139
136
135
134
132
128
111
111
110
61
155
108
106
104
104
103
103
103
103
104
104
104
104
104
105
104
106
105
105
106
106
106
109
109
111
111
115
116
121
120
128
132
135
134
136
136
137
137
138
137
138
138
138
140
139
140
142
141
142
143
143
144
142
142
142
142
141
141
141
140
139
138
138
135
137
135
134
134
132
132
131
131
69
177
117
111
111
109
108
109
108
106
105
105
104
104
104
105
104
104
103
104
104
102
104
102
102
103
101
101
100
101
99
101
100
100
100
101
99
102
100
101
101
103
102
104
104
105
109
109
112
115
118
128
119
133
135
135
136
135
136
137
138
139
140
140
140
142
142
142
142
143
144
145
145
144
145
145
144
145
144
143
143
143
142
141
140
140
140
139
138
138
137
137
135
100
71
70
159
133
129
124
110
108
108
107
103
106
103
104
104
105
103
104
104
103
103
104
104
103
103
103
102
103
102
103
102
101
103
101
102
103
104
104
106
107
107
110
112
113
111
118
119
125
131
129
133
135
134
135
136
136
136
137
138
138
139
141
140
140
142
141
143
144
147
147
147
146
145
145
145
144
144
142
143
141
141
139
139
131
127
126
126
140
134
134
129
115
113
110
106
108
104
105
102
105
102
102
103
103
103
102
103
101
101
101
100
101
99
99
98
99
97
99
98
98
99
86
111
100
99
100
99
101
102
103
104
107
106
72
160
123
124
126
127
131
128
129
131
137
145
143
139
141
141
142
142
142
143
142
143
141
141
141
142
142
142
142
143
143
142
142
142
142
141
140
140
140
69
207
141
134
132
130
140
134
132
131
129
126
83
134
107
104
103
104
101
102
103
101
102
102
101
101
100
101
101
101
100
100
101
101
99
101
100
101
101
103
103
104
105
107
107
107
108
109
108
109
112
115
113
120
123
131
135
135
136
137
137
138
139
139
139
140
140
142
141
141
141
142
141
142
142
143
141
142
141
141
140
142
141
141
142
141
141
141
140
138
138
136
136
134
133
131
129
126
109
105
105
104
101
102
102
102
101
103
101
101
102
101
100
101
101
99
100
100
99
99
100
100
100
99
99
100
83
113
88
111
82
112
99
98
77
113
104
103
103
105
107
110
113
114
119
119
122
128
138
140
143
142
145
145
145
146
148
149
149
148
149
149
149
148
146
146
145
143
144
142
139
131
130
128
130
130
142
135
134
119
112
109
108
107
88
117
106
104
95
110
105
105
103
105
105
105
105
107
106
107
107
108
108
110
109
109
110
110
110
109
111
110
109
109
107
108
110
110
110
110
109
108
107
92
132
115
123
123
121
121
115
105
103
102
101
102
100
100
100
100
100
99
100
100
100
100
100
101
100
100
100
100
100
100
99
99
99
100
99
99
99
99
99
98
100
99
98
97
99
96
97
98
96
98
96
97
96
97
95
94
94
96
93
93
93
94
93
92
93
92
94
92
92
92
92
92
92
92
92
92
93
91
91
91
92
92
91
92
93
91
91
93
91
92
92
93
91
93
93
93
92
94
93
93
94
92
92
92
92
92
92
91
92
93
91
92
91
93
92
91
93
92
92
91
92
93
91
93
93
94
59
127
92
92
92
93
95
63
129
97
95
95
95
96
96
96
100
82
114
85
104
96
97
96
96
100
99
99
99
101
100
99
102
102
104
101
85
117
93
111
101
101
102
102
101
102
102
86
119
100
108
100
103
100
97
104
100
94
105
99
101
98
99
103
97
98
102
96
99
99
88
107
97
98
103
100
99
99
100
98
100
102
97
101
100
99
102
100
101
102
105
100
107
108
102
110
104
109
58
157
75
135
123
114
124
124
124
123
123
122
115
104
102
104
103
102
102
105
103
104
105
104
104
104
104
105
108
104
106
107
105
105
105
104
106
104
104
107
103
106
109
103
109
108
103
105
104
104
102
105
100
102
101
102
100
101
101
61
142
103
103
108
104
105
103
105
103
104
101
102
102
102
98
58
141
103
96
99
100
85
108
98
98
98
99
97
97
99
98
97
99
99
97
98
98
99
97
98
99
97
97
97
98
95
97
96
96
96
99
95
97
98
99
96
99
100
99
97
99
100
97
97
98
99
96
99
97
99
101
97
101
102
101
101
102
102
101
102
103
100
102
103
100
102
105
99
103
101
71
133
102
100
101
104
99
103
102
105
101
103
104
103
101
102
104
99
101
101
103
99
101
102
102
100
102
104
100
102
101
102
100
100
102
102
103
104
104
103
103
103
102
105
105
101
105
105
102
104
102
103
103
105
67
137
107
101
107
106
102
104
105
103
104
102
109
102
110
105
102
104
104
108
101
106
103
105
106
101
103
103
102
102
104
103
103
103
103
103
104
104
104
103
105
104
102
103
107
103
104
104
105
104
106
107
102
103
103
100
100
100
99
101
98
100
100
99
89
113
97
101
100
103
97
90
113
88
108
100
99
100
98
100
101
101
100
100
103
98
102
105
101
101
102
102
98
102
104
101
100
100
99
101
102
100
100
101
103
105
103
102
102
103
107
102
105
105
105
103
105
107
103
104
106
102
105
106
109
104
108
113
104
108
105
107
106
107
108
104
107
107
107
107
105
105
106
105
105
105
106
103
104
105
105
103
105
104
107
103
105
104
106
102
106
109
114
114
106
114
107
106
109
104
106
105
104
105
102
108
102
103
102
102
102
99
101
102
97
88
109
90
110
87
109
103
92
106
100
102
97
101
101
101
104
100
103
107
104
104
105
107
102
105
104
106
106
104
108
111
106
108
109
104
109
108
107
109
108
115
109
115
112
109
111
111
111
106
109
109
114
108
111
113
110
111
111
112
110
112
111
112
107
109
108
113
111
117
116
90
30
120
115
116
79
30
108
109
103
106
106
105
105
105
104
107
103
106
108
103
107
107
107
110
103
106
106
105
107
103
105
105
103
102
101
101
100
101
84
119
102
100
102
103
100
103
102
103
104
107
103
105
106
105
103
105
105
108
105
106
56
155
109
108
104
105
105
106
103
102
105
101
103
103
98
101
100
99
100
59
137
103
97
99
99
102
97
100
101
100
98
99
62
137
102
103
101
102
91
113
103
103
105
100
103
101
105
101
97
108
98
106
102
103
103
92
111
103
105
105
105
107
100
101
99
103
102
104
104
105
104
106
106
107
103
105
104
105
103
104
104
103
104
87
121
102
103
104
100
102
101
102
100
102
102
84
113
104
100
103
99
100
103
100
100
99
99
95
97
98
100
101
101
102
100
102
100
103
102
101
100
100
101
98
97
98
99
97
97
98
95
96
95
95
93
94
93
92
94
91
92
91
89
92
89
89
91
88
89
90
89
89
90
89
90
90
89
90
90
89
91
90
88
90
90
88
90
89
88
88
90
88
87
89
87
87
88
87
86
86
87
87
85
88
85
86
87
86
86
86
87
87
87
88
87
89
89
89
88
88
89
89
89
89
90
90
92
91
92
92
92
92
92
93
94
93
94
94
95
96
95
96
98
96
100
100
97
97
98
96
97
97
97
99
97
95
96
98
95
95
95
95
95
94
94
92
93
94
90
91
92
89
84
94
90
87
87
87
86
86
84
85
84
84
83
83
83
81
81
81
80
79
79
78
78
77
77
76
76
76
75
76
75
74
75
75
73
75
73
73
74
73
73
73
68
77
73
72
73
72
73
73
73
73
72
75
72
73
74
73
74
73
74
74
74
74
68
82
76
76
76
76
77
78
77
79
78
79
79
78
80
80
81
82
81
82
83
84
86
86
85
87
86
89
87
90
90
90
90
89
89
92
90
84
99
91
98
95
86
90
76
110
94
82
100
93
89
96
92
90
90
89
90
89
89
89
88
88
89
87
88
87
88
87
86
88
87
86
87
87
70
100
90
88
87
88
87
87
88
87
89
89
90
90
92
95
90
98
95
97
94
95
83
105
94
96
97
95
96
98
82
95
97
82
77
80
80
74
70
117
130
120
117
118
119
120
119
119
119
118
116
102
102
102
102
102
102
104
92
80
30
102
102
101
102
97
100
98
98
100
97
95
98
97
94
94
92
92
90
90
90
89
88
88
88
86
89
85
86
87
84
85
84
83
83
84
80
87
82
83
83
82
83
83
83
82
85
83
85
81
85
85
84
85
84
86
84
87
85
84
86
87
87
88
87
88
89
89
89
90
91
90
89
91
92
89
93
93
93
91
94
94
96
80
103
94
97
95
98
98
98
81
108
95
95
96
98
97
97
89
103
96
97
95
94
95
93
93
96
92
95
93
96
93
96
95
93
94
93
94
96
94
96
95
95
94
94
92
95
93
92
92
93
92
90
92
91
90
92
90
90
91
92
90
92
59
124
91
93
91
91
90
93
90
92
91
92
91
92
93
92
61
123
94
93
92
92
94
93
93
94
94
94
94
95
94
95
94
95
95
96
96
96
96
97
97
97
96
96
94
97
99
97
99
99
101
98
105
104
106
106
101
104
105
101
105
100
101
101
101
102
98
100
99
99
101
97
99
101
98
100
101
97
102
104
102
102
102
103
102
104
101
101
99
96
98
102
105
110
112
111
111
111
108
88
124
110
108
105
