55
83
73
73
73
74
56
86
75
41
106
53
84
81
63
84
76
73
72
73
74
74
73
56
90
78
75
54
88
77
75
74
74
73
75
74
74
51
89
79
77
56
87
79
75
75
55
88
78
76
65
64
87
82
58
90
77
47
97
80
76
75
64
85
76
53
50
59
134
76
76
76
74
74
75
57
87
78
58
89
75
75
52
81
79
83
77
75
75
74
76
75
75
76
75
75
75
63
78
81
62
87
76
41
107
77
75
42
104
78
76
41
109
76
74
45
106
77
74
44
109
77
54
48
119
61
83
50
91
52
81
90
58
89
76
75
75
74
74
75
74
53
88
77
74
74
73
74
73
74
73
58
85
75
41
104
75
73
74
74
73
74
74
56
88
77
74
75
74
74
74
74
54
77
88
76
74
75
75
74
75
54
77
90
76
42
62
104
89
60
89
76
41
107
76
50
100
75
75
57
87
78
75
76
74
74
75
75
75
76
75
74
58
87
76
76
74
75
75
54
94
53
82
84
75
74
74
75
74
74
52
79
86
75
59
85
76
74
73
74
73
73
52
90
76
67
81
74
57
54
90
79
75
73
72
68
81
74
62
82
54
91
74
73
73
74
70
75
73
73
72
73
72
61
82
73
72
52
73
87
72
73
72
71
72
72
40
88
84
71
60
82
73
72
73
74
74
74
74
74
74
67
81
74
56
87
75
74
74
74
73
74
74
53
86
77
74
55
83
76
75
73
73
73
73
63
80
74
73
73
72
73
72
73
54
85
76
72
72
41
103
74
72
72
53
78
80
72
72
72
72
72
42
101
73
73
72
41
102
72
41
97
60
82
73
73
73
73
73
73
74
74
73
74
75
75
74
74
74
74
74
75
75
74
52
81
85
76
65
65
90
78
76
76
77
76
75
76
53
89
78
76
75
75
75
74
75
52
88
77
75
74
75
75
74
75
52
88
78
76
74
75
74
66
51
107
75
61
81
80
57
93
75
75
75
74
75
75
75
74
75
74
62
71
88
65
84
75
75
74
75
74
76
74
53
88
79
75
75
74
74
74
74
74
74
74
74
59
85
74
57
85
75
57
54
103
58
85
73
74
74
73
75
75
74
75
75
74
75
74
75
74
74
74
74
54
86
76
74
73
73
73
74
72
61
82
73
73
54
85
75
72
66
79
73
72
72
41
95
79
51
76
83
75
72
72
42
102
73
42
102
63
80
71
72
71
42
101
73
73
73
74
74
74
74
75
75
75
74
76
75
74
74
67
83
74
75
74
74
41
105
62
83
74
72
69
75
72
42
103
73
59
84
71
72
72
73
72
72
72
52
74
86
72
73
72
72
72
72
60
51
106
73
72
73
41
100
59
80
79
72
58
83
72
73
72
72
71
43
102
53
85
75
52
89
73
71
72
72
71
71
71
53
83
73
58
81
72
71
70
71
71
71
71
71
53
85
74
72
66
79
72
72
72
41
100
74
73
73
73
42
104
72
57
84
74
61
83
72
72
72
73
71
42
85
86
72
71
71
59
81
71
70
71
55
83
72
70
72
55
82
54
87
74
43
103
74
73
74
73
73
73
52
77
63
86
75
74
72
73
72
73
41
101
72
72
71
41
100
53
73
69
86
55
84
73
73
51
76
85
73
73
71
61
82
72
71
72
71
71
42
100
54
84
55
44
84
75
56
82
74
72
72
72
57
85
55
92
76
74
56
86
76
55
85
79
41
107
74
73
73
73
72
72
72
72
71
72
71
71
72
58
83
51
91
84
79
42
92
92
85
80
78
76
77
75
74
60
89
73
73
73
73
72
53
78
81
72
72
71
52
74
84
71
71
70
71
70
70
61
79
70
55
80
70
68
70
56
79
69
55
80
53
84
71
70
52
84
74
72
71
71
70
71
55
82
70
54
80
71
70
66
76
70
71
66
75
70
60
79
71
71
51
83
74
66
75
71
71
71
70
71
55
82
71
70
71
69
70
69
70
69
69
69
69
69
70
71
55
81
72
71
71
55
83
73
72
71
72
72
72
65
78
72
72
72
41
84
87
72
72
71
72
72
42
100
73
42
61
111
73
72
71
42
85
85
57
85
72
71
71
42
94
77
55
84
71
52
89
71
71
70
70
70
70
70
43
97
71
70
64
145
70
70
69
69
69
69
69
70
70
53
81
72
70
70
71
71
70
71
41
99
72
71
52
73
61
87
72
53
74
82
72
69
71
71
70
69
72
70
69
69
70
70
70
70
71
71
72
71
72
70
73
72
72
72
72
73
41
102
73
72
72
71
72
71
42
101
72
41
101
73
41
100
71
42
100
71
42
101
58
81
74
73
71
72
72
72
72
55
84
73
56
81
73
71
71
70
69
71
68
70
71
42
98
71
70
70
45
94
70
70
69
71
69
71
70
70
69
72
69
55
84
72
71
71
71
71
41
100
72
42
101
72
71
66
65
81
72
71
71
43
99
72
43
98
71
42
96
71
70
71
43
96
71
65
73
54
80
72
70
68
63
75
71
69
70
69
70
69
70
69
70
69
69
70
69
69
69
70
70
70
71
62
79
73
73
55
88
77
76
56
88
77
75
54
88
76
42
106
74
74
73
73
74
72
73
73
74
72
73
72
73
73
71
73
72
72
72
71
72
64
72
78
72
71
72
64
44
87
76
72
72
56
86
71
71
71
63
77
70
71
71
70
70
66
74
72
70
71
72
72
72
73
72
72
57
84
75
74
73
41
103
74
73
72
73
67
78
72
72
52
75
88
67
83
74
74
72
73
74
74
75
76
42
109
78
77
43
109
78
61
80
86
78
76
72
80
58
90
55
89
79
75
60
86
77
42
107
75
76
74
74
74
57
91
74
74
67
80
74
43
88
85
75
74
74
73
74
73
70
78
58
55
107
75
41
108
75
75
75
75
75
77
76
77
76
76
76
77
77
77
57
91
79
76
76
75
43
106
75
75
74
75
42
91
88
75
74
74
73
74
73
73
55
86
76
72
72
73
72
71
71
53
86
72
71
54
72
88
62
83
73
76
74
75
75
75
76
75
45
56
120
77
59
87
76
57
80
80
60
87
77
75
74
75
74
74
74
74
73
74
74
73
73
74
74
74
74
74
74
45
101
75
53
73
88
61
85
73
73
55
86
75
59
86
56
76
84
75
62
85
73
74
74
74
74
74
74
74
74
74
74
59
86
74
73
73
73
73
72
64
79
60
66
53
89
55
92
80
77
77
75
43
71
56
129
74
74
57
45
89
57
91
76
75
76
76
42
107
76
59
91
56
87
77
42
109
75
53
94
76
75
75
74
74
74
74
74
74
73
74
74
65
82
74
74
73
44
103
75
73
73
74
73
74
63
82
73
74
73
42
54
123
55
86
75
60
60
98
74
74
73
73
74
42
104
74
73
74
73
73
73
42
100
75
73
73
73
72
73
73
54
85
74
74
72
42
103
52
93
74
73
58
84
74
73
73
72
72
73
72
54
91
74
72
72
45
99
72
56
83
73
72
60
67
83
59
82
72
72
72
72
72
53
87
61
89
76
74
52
74
90
75
74
69
79
75
74
52
76
58
91
77
56
84
74
73
73
42
103
73
73
74
54
87
54
90
75
75
74
74
58
85
75
65
83
74
74
75
74
75
76
74
54
75
90
75
75
75
42
107
76
74
75
55
89
76
42
101
76
76
70
79
74
76
74
74
75
75
74
74
60
88
75
60
88
75
76
75
75
75
42
106
55
89
77
75
73
75
74
74
42
105
75
74
74
75
44
85
91
75
74
73
61
83
75
42
105
73
74
73
74
73
73
54
86
75
41
106
74
73
73
72
72
73
73
73
74
74
57
53
92
80
76
55
90
56
79
89
77
76
76
75
76
42
91
89
74
74
54
87
78
56
86
78
75
48
104
76
77
79
81
54
93
49
93
93
83
80
79
78
78
78
77
76
57
90
79
77
57
90
79
77
56
43
86
55
95
80
76
76
76
76
75
76
78
76
75
75
77
56
88
80
77
78
76
55
92
78
63
87
77
43
110
77
76
76
75
75
75
54
89
78
76
76
75
75
75
75
54
88
79
62
89
76
44
106
62
89
77
76
77
77
76
78
61
88
76
43
109
77
68
88
56
90
54
81
91
79
77
53
80
95
78
78
76
53
105
79
60
92
82
52
93
86
83
81
79
42
115
79
79
77
79
78
78
43
111
79
78
43
111
79
58
90
79
77
76
77
76
77
76
55
92
79
75
76
76
75
76
75
75
76
58
87
58
92
77
76
75
75
75
75
75
76
75
76
76
44
62
111
85
66
51
79
90
55
89
81
75
76
76
53
97
75
55
91
78
74
75
75
75
74
75
74
75
74
76
75
75
58
87
78
43
108
77
67
82
57
90
76
43
107
76
75
75
75
74
76
76
43
108
77
76
60
88
78
77
76
77
43
102
78
56
97
77
77
76
76
76
76
75
59
89
76
44
106
76
75
76
75
74
75
67
83
74
57
85
78
56
88
78
54
88
78
74
74
74
57
85
76
73
74
73
72
43
102
57
83
55
89
56
87
56
87
60
83
72
71
72
73
72
72
73
73
73
74
74
74
73
74
73
74
73
42
86
87
67
80
73
73
73
73
73
54
84
74
67
78
73
74
73
74
74
42
104
75
67
46
88
77
60
58
100
73
67
79
73
73
74
73
74
74
74
53
86
75
75
73
44
102
73
42
89
85
73
73
73
73
74
74
75
74
74
75
74
75
74
74
75
73
74
74
74
73
73
74
72
73
74
73
74
42
104
75
75
74
74
74
75
75
74
54
87
77
75
74
74
75
74
75
56
88
76
76
75
75
76
75
76
55
90
79
76
76
75
74
75
75
75
75
75
64
82
76
74
57
88
77
43
108
76
75
74
76
44
106
54
89
78
43
107
76
55
89
75
42
101
76
74
60
84
74
73
55
86
76
43
105
74
74
75
63
84
56
88
74
43
104
75
73
72
73
73
73
43
86
87
74
63
82
74
75
74
66
82
75
74
74
74
75
74
74
74
75
74
57
90
75
54
75
89
75
74
74
55
89
75
74
74
74
75
74
74
42
106
75
73
74
74
43
105
54
93
74
76
75
75
74
75
76
74
76
74
75
54
78
87
76
75
74
75
73
43
86
90
75
60
85
74
73
73
74
75
75
76
77
43
109
77
77
46
107
78
76
77
57
89
79
60
90
77
77
76
75
72
78
70
80
76
76
75
75
75
75
75
58
87
77
75
74
75
57
87
77
43
105
75
74
74
56
87
59
91
56
92
77
78
77
76
45
108
77
57
90
80
77
46
108
57
95
77
54
89
79
54
80
87
79
43
91
87
79
77
77
75
77
76
77
76
77
43
110
73
48
94
54
95
78
82
76
77
78
78
77
77
44
111
79
77
46
103
58
95
78
77
77
76
77
77
44
108
77
69
83
76
58
84
82
76
76
76
76
75
76
76
77
77
44
91
89
79
77
77
76
76
77
76
55
90
80
77
77
77
43
110
79
55
91
79
78
44
109
77
77
65
88
76
43
109
77
77
78
77
77
48
105
76
76
75
76
75
74
75
75
76
76
76
43
109
76
75
75
57
87
77
61
87
74
43
106
75
73
75
55
90
74
43
104
76
74
75
77
43
110
78
77
44
102
81
62
90
78
77
77
77
77
76
78
76
77
76
43
109
55
90
78
76
76
76
46
104
76
75
58
87
57
92
77
76
75
75
75
76
76
61
88
78
77
64
86
77
77
76
77
77
76
77
77
59
87
77
43
110
78
76
77
76
44
108
77
76
77
76
44
109
78
57
88
79
77
45
107
77
75
76
76
43
101
57
92
77
76
59
90
76
43
108
76
75
76
75
76
57
87
80
54
89
79
76
75
75
75
75
75
76
58
86
77
75
76
75
75
75
45
55
127
78
75
76
75
76
50
99
59
93
76
42
107
76
75
75
54
95
58
91
74
74
75
76
74
74
75
75
43
88
89
75
60
87
77
77
76
43
90
94
78
62
91
79
77
77
77
44
111
79
78
43
108
79
77
44
109
79
77
44
103
79
75
76
76
44
108
77
76
76
76
43
107
54
89
77
63
88
77
77
76
76
44
108
69
84
61
87
75
74
75
62
85
55
89
75
43
103
73
56
84
74
57
83
56
87
57
87
63
84
74
74
74
43
82
90
74
74
73
73
73
73
55
85
57
87
74
72
73
64
83
73
73
73
73
57
84
75
67
44
87
59
90
75
75
73
74
74
75
75
75
75
76
75
76
75
76
71
80
76
55
89
81
76
75
75
76
75
75
58
87
76
75
74
75
73
74
74
74
57
87
73
61
84
75
74
75
73
79
75
76
75
76
76
75
76
56
89
79
76
58
89
79
77
76
78
45
107
78
76
76
60
93
76
76
76
76
48
104
78
77
57
88
79
58
90
79
78
44
109
77
76
76
56
89
79
76
75
68
82
70
82
76
75
76
45
105
75
59
46
88
60
93
62
88
77
76
75
75
74
75
59
89
74
76
74
75
74
75
75
55
88
77
76
73
75
74
75
45
104
75
76
73
75
74
54
89
76
75
59
86
77
43
107
77
53
96
59
86
80
76
77
78
43
110
77
77
76
77
45
107
78
76
77
76
45
109
78
78
78
77
77
60
89
80
61
90
78
42
111
77
78
76
76
47
106
77
75
76
76
43
108
77
75
76
75
44
106
76
75
74
75
75
77
77
77
77
77
77
78
78
78
77
43
111
78
78
44
111
80
79
79
80
80
59
89
73
93
82
63
98
81
81
78
80
79
78
79
78
81
43
115
80
79
54
93
85
58
91
83
81
79
45
113
80
78
55
53
124
81
62
89
56
96
80
59
90
78
76
75
76
75
75
74
75
74
75
74
74
75
73
75
74
74
74
74
63
45
89
79
76
75
74
74
75
75
74
75
74
75
75
60
52
49
90
80
77
76
75
74
76
74
75
75
75
75
76
75
75
76
75
75
75
75
76
57
55
94
80
76
77
76
76
75
77
44
105
76
75
76
75
45
104
75
74
74
62
45
88
80
43
108
76
75
75
67
84
75
74
75
75
73
75
73
73
74
73
