39
117
114
116
115
116
117
118
120
121
119
122
119
120
116
117
118
89
131
121
69
81
139
125
127
126
123
122
120
120
118
119
119
119
120
121
117
126
120
127
124
122
122
122
121
119
70
83
60
60
135
90
149
133
131
131
131
129
126
126
125
124
125
125
126
125
100
137
124
125
123
123
123
123
125
125
126
125
123
122
121
124
125
124
124
124
124
120
127
119
125
123
122
123
124
124
72
72
106
127
127
129
128
127
127
126
128
66
70
116
119
131
130
62
59
123
136
131
133
92
135
132
135
133
133
131
129
127
128
128
128
125
126
125
125
126
127
129
128
127
128
126
127
129
129
132
131
131
132
134
96
146
135
132
67
85
115
149
135
133
131
130
131
130
128
128
126
126
125
125
124
125
125
125
124
105
137
126
127
125
126
126
128
128
129
130
131
129
129
127
126
97
138
129
127
124
125
125
124
125
122
124
123
122
121
120
120
85
131
124
122
124
123
123
124
122
121
120
121
121
122
122
122
122
123
125
124
123
123
122
122
105
135
123
121
120
120
119
120
122
126
127
127
126
124
120
127
122
127
134
125
128
124
125
123
123
122
122
123
122
122
94
135
124
122
123
120
120
122
122
122
122
122
121
125
121
123
123
121
122
123
124
124
124
124
73
75
104
128
131
132
131
131
130
130
129
129
128
124
128
125
125
126
123
127
124
123
124
121
126
93
137
126
122
126
122
126
87
145
126
126
124
125
124
125
123
124
125
124
125
124
124
123
124
124
124
121
125
123
124
123
78
63
108
129
132
130
133
132
133
133
133
132
129
130
130
129
135
127
130
129
127
129
128
127
128
128
115
139
128
126
125
125
126
126
126
125
125
125
126
126
127
127
128
75
67
104
128
126
129
126
130
126
130
126
125
125
126
124
123
123
123
123
124
125
125
126
126
126
127
128
125
126
85
55
109
137
135
134
135
133
133
131
132
130
129
129
127
126
126
126
127
128
126
126
126
123
123
123
122
83
59
64
143
130
130
128
129
129
128
128
128
126
127
125
127
128
127
128
129
129
128
128
128
130
92
142
131
130
130
129
127
127
128
130
130
128
128
126
126
125
125
125
125
123
126
127
126
127
127
125
126
125
83
73
106
127
127
127
129
127
127
127
126
124
124
122
123
122
122
121
122
122
121
122
121
121
120
121
122
122
121
121
98
139
132
134
134
133
132
130
129
72
68
95
137
132
131
131
129
130
128
129
129
129
130
131
129
131
127
129
128
128
128
127
126
125
125
125
124
126
126
126
127
82
56
122
129
127
127
127
127
126
128
126
96
81
65
110
132
129
130
129
128
128
127
126
125
124
124
122
124
122
122
123
122
124
123
121
124
121
124
122
123
123
123
122
122
102
135
126
123
123
124
125
123
126
125
126
126
126
125
127
126
125
125
125
125
124
125
125
127
126
127
127
125
126
85
59
129
124
126
126
125
127
128
129
128
128
127
125
124
124
124
125
126
125
125
124
123
123
95
136
125
124
125
126
125
126
127
124
125
123
124
120
121
120
121
121
121
121
122
120
122
121
122
124
121
122
122
122
124
123
109
134
123
122
122
121
123
100
124
123
124
124
125
125
125
123
124
126
130
132
134
132
133
131
130
128
127
100
139
129
127
126
123
123
123
124
121
124
123
123
124
124
124
124
124
125
127
131
128
129
131
129
128
126
125
124
122
121
118
117
114
79
65
101
117
121
118
115
119
124
119
122
121
121
120
119
123
115
118
118
117
118
117
117
120
115
118
123
116
120
119
119
121
125
125
120
124
127
119
123
122
86
58
86
128
128
129
129
129
127
125
125
124
69
88
138
123
126
127
128
127
127
126
125
123
122
121
120
120
120
120
120
118
119
118
118
117
119
120
121
120
121
120
119
119
117
117
117
117
118
118
119
118
119
119
118
119
119
121
87
60
112
124
123
124
124
124
125
123
123
123
124
123
124
124
127
126
125
126
127
125
125
124
123
122
123
123
124
123
123
122
120
84
61
107
122
123
122
123
121
122
122
122
123
122
122
122
121
120
120
120
121
120
121
121
119
120
120
120
121
120
122
122
123
122
123
97
132
122
122
121
122
122
123
122
123
66
89
138
129
111
138
127
125
123
124
123
123
124
125
125
124
124
123
122
122
121
120
120
121
118
120
121
120
121
122
120
121
120
121
122
121
121
92
132
123
121
121
120
120
119
119
120
121
121
123
123
122
123
123
122
123
123
123
123
124
123
124
122
122
122
121
122
122
123
122
124
124
92
136
127
126
125
124
123
123
121
121
120
120
120
119
118
119
118
117
117
116
117
117
116
117
117
117
117
116
116
115
115
102
127
117
116
117
117
118
118
117
118
118
117
116
117
116
118
117
118
118
118
119
119
120
121
120
121
121
120
121
120
121
120
119
121
120
120
81
70
105
124
125
126
125
129
121
120
121
120
121
121
122
122
122
122
122
121
120
120
119
120
119
120
120
120
121
120
122
121
121
121
120
84
64
111
123
124
123
130
129
129
127
128
127
127
125
127
124
125
125
123
124
123
123
122
123
124
124
124
101
136
126
125
117
124
125
125
125
125
127
126
128
128
128
92
55
85
126
125
124
124
125
125
126
126
128
130
130
128
128
128
128
125
125
124
122
123
124
124
123
123
123
122
98
132
123
125
125
125
126
126
125
124
128
121
124
125
125
127
127
127
127
129
128
128
127
124
124
125
124
126
125
125
125
124
124
92
134
125
121
121
120
119
122
117
120
120
119
120
119
119
119
120
120
122
121
122
122
121
125
118
121
121
122
121
122
74
82
84
137
126
118
130
124
124
123
125
125
126
126
126
128
126
126
127
125
123
123
124
124
128
121
106
72
55
62
56
68
71
70
67
61
63
57
56
62
56
123
132
142
150
147
142
141
136
135
131
130
129
127
131
123
126
126
125
124
125
125
125
124
125
125
127
127
128
89
62
97
142
129
127
125
124
124
124
125
123
124
123
123
124
123
125
124
124
124
124
124
124
123
124
122
123
123
123
125
95
137
130
129
128
127
125
124
123
122
122
125
126
132
136
140
138
136
137
135
137
136
138
129
98
140
130
130
129
130
129
130
129
128
129
103
141
133
133
133
134
133
135
135
134
133
132
130
129
128
128
127
128
129
130
132
131
132
130
130
129
133
125
95
139
129
129
128
129
129
126
127
128
126
129
122
124
123
124
123
124
125
126
98
138
128
124
123
123
124
123
123
123
122
122
123
122
123
124
124
126
125
125
127
72
87
143
124
70
96
136
128
126
127
126
126
126
124
123
123
122
123
126
120
123
123
124
124
125
125
129
121
125
124
125
124
125
124
124
124
125
124
104
132
126
123
124
121
121
120
121
120
120
118
120
117
123
116
120
120
121
121
121
123
124
126
124
123
123
120
122
122
121
122
123
122
122
85
68
103
125
123
128
124
126
124
128
127
128
127
128
125
124
124
122
125
123
124
122
123
112
73
78
128
124
126
125
126
126
126
128
130
124
127
126
126
125
130
121
126
125
124
127
124
125
124
124
125
124
124
125
125
125
125
126
125
126
127
126
126
125
126
126
125
127
128
127
82
75
103
133
132
134
115
136
133
132
132
131
128
128
129
129
129
127
127
130
122
91
132
125
125
123
124
124
124
124
124
123
119
127
124
124
123
122
121
121
122
122
123
122
123
123
123
123
122
124
123
124
106
136
129
128
127
127
126
127
125
125
125
123
127
120
123
125
123
124
124
123
124
123
124
123
124
123
124
125
122
124
123
123
122
123
123
123
83
73
97
127
127
130
124
128
127
126
127
126
126
125
124
124
122
123
124
123
123
123
124
125
125
127
102
137
129
128
127
128
126
126
125
125
123
123
124
123
124
123
124
124
124
124
124
125
126
126
123
124
123
122
124
124
125
125
125
84
74
101
134
131
130
131
133
133
131
131
128
127
128
110
62
94
143
133
132
131
129
131
127
126
130
59
56
133
135
129
129
129
130
131
130
129
128
128
126
125
125
123
123
122
123
124
125
125
126
126
124
127
125
126
130
125
125
122
123
123
121
122
122
122
123
123
124
80
75
71
139
127
127
127
127
127
127
127
127
130
123
125
126
126
127
126
127
126
126
125
125
123
124
124
126
132
124
128
127
127
124
126
125
125
126
125
75
85
140
126
128
128
128
127
129
122
128
121
125
125
124
124
125
125
124
127
120
124
123
124
125
125
125
124
123
124
122
124
122
123
122
123
124
123
124
126
129
124
128
130
130
129
91
75
114
138
130
131
132
134
128
130
128
