2751
1020
15
1000
15
1012
15
1020
6
512
2
10
512
1020
15
527
936
557
926
567
932
1081
930
567
938
558
527
934
2035
2063
1609
110
32
126
74
782
776
684
562
512
8
527
998
553
984
1051
986
14
29
986
538
553
992
20
547
1008
528
543
1004
16
31
1004
168759270
168759797
992
512
1039
992
537
918
61
916
2019
548
947
2043
1105
972
88
1111
124
0
40
1276
166
674
1188
166
622
86
570
512
18
1020
527
1012
527
996
526
1053
992
532
1059
984
1057
986
1049
986
1041
980
537
994
-2146499958
564
660
102
832
252
1144
32
0
6
202313716
202314243
992
14
541
994
987642
987657
1014
527
1016
15
1014
8
0
1010
6
0
728
990
14
512
1279
3587
2404
1698
1096
906
1519
1678
-4286830
-4285391
2007
1003
1019
2039
1051
1619
626
641
8
136
512
34
664
88
1306
634
600
64
30
15
1002
1079
976
39
968
1071
978
557
984
565
978
39
982
1063
986
1065
986
545
974
547
966
543
968
549
952
535
956
1053
964
21
950
35
948
1045
952
23
964
533
956
1047
958
21
946
527
960
1041
952
527
14
634
0
58
244
140
512
132
1194
50
0
4
1069
986
553
972
41
978
553
982
545
990
18
33
1006
532
547
996
1059
988
22
37
940
52
527
944
567
958
2071
1591
594
20
124
580
134
106
112
664
602
0
88
562
24
26
0
6
527
173
289
1812
2790
25
954
27
956
553
966
551
958
39
952
1073
944
561
962
65
976
1069
584
1123
616
30
1214
642
0
146
272
68
98
542
0
42
530
512
766
512
1022
530
512
1018
4
0
2
4
512
26
522
512
254
512
18
516
932
49
930
1083
930
1077
940
1081
956
2067
1585
1443827804
530
630
512
68
1150
132
616
646
1092
56
44
512
2
15
1018
18
512
1020
1002
102699714
102699729
964
553
986
772739630
540
592
580
196
766
580
512
128
530
762
764
253
1010
527
38
80
0
4
520
0
18
754
246
-267778416
532
527
902
536
527
906
42
527
910
556
527
914
573
924
68
1467
605
960
1617
15
12
152
0
56
674
114
132
96
580
30
538
0
1006
526
1053
994
25
990
535
990
1051
992
530
1057
996
34541558
34541573
996
14
541
1002
518
1045
994
4
988
522
1995
1579
606
1133
1006
763
910
543
896
524
527
900
1061
902
43
912
18
527
924
30
527
942
2041
1055
1510936680
570
748
1204
1076
22
1039
928
1053
928
547
928
1059
934
1059
936
557
938
565
946
1077
974
62
1591
41
112
62
1266
238
562
512
74
30
0
20
8
512
1020
527
1016
0
6
8
512
12
516
512
20
518
512
22
516
512
24
14
142
554
863
855
604
799
858
1832
517
817
722
1072
534
799
534
1550
534
1397
1316
1018
761
944
1049
920
543
912
557
920
542
15
912
26
15
912
30
527
908
47
914
1083
930
1533
1585
1631
1035
142
0
42
734
136
554
0
8
15
996
10
25
992
371073513
1018
15
6
1525
535
104
42
1248
120
512
154
600
512
118
50
50
536
0
1020
2
50
1565
206
44
28
527
239
310
1662
789
734
1501
2061
100
