116
108
66
88
115
108
105
105
105
103
103
67
82
64
42
71
120
67
89
115
66
97
97
167
69
84
67
43
77
119
65
89
116
108
107
105
104
105
104
102
102
103
103
103
101
64
82
64
113
120
66
90
115
109
67
86
119
108
107
106
104
105
104
103
105
103
102
65
83
64
103
67
89
115
105
104
102
103
101
103
101
103
100
102
101
101
101
101
100
65
115
102
112
68
85
100
117
102
64
118
69
113
119
106
105
104
103
102
103
101
102
66
81
62
104
66
88
115
68
95
64
87
114
105
105
104
104
102
102
102
103
101
102
102
103
101
104
102
102
102
101
103
101
102
103
102
100
103
65
85
62
84
116
67
93
65
86
114
105
65
92
115
66
96
65
87
113
106
104
104
102
102
101
102
102
65
84
111
106
101
103
104
103
104
102
102
105
104
106
105
104
106
107
105
105
105
105
105
105
102
105
103
105
103
103
104
104
103
102
103
103
65
115
118
105
103
102
104
102
102
101
102
102
101
101
101
101
102
100
102
101
100
101
103
99
103
102
101
101
102
98
101
103
100
102
100
100
102
101
101
100
100
101
101
99
101
100
101
100
100
101
99
102
100
100
100
100
100
100
100
100
101
99
100
101
99
100
100
102
101
101
101
100
103
101
100
102
100
100
102
101
100
101
101
101
100
99
100
101
100
101
100
99
100
102
99
100
100
100
100
101
100
99
101
101
100
100
101
100
101
102
100
101
99
102
101
100
100
101
101
100
102
101
99
102
101
100
101
100
102
100
101
101
103
99
102
103
101
101
102
100
102
101
100
102
101
100
102
102
99
103
100
101
102
99
101
101
100
99
102
100
102
103
102
101
100
103
101
102
101
100
102
101
100
101
101
100
102
100
100
101
101
101
101
100
100
103
100
102
101
100
102
103
99
103
101
102
101
102
99
101
102
101
101
100
101
101
102
100
100
102
100
101
102
99
101
102
102
100
102
100
104
100
102
65
115
117
105
105
104
104
103
66
119
68
117
118
67
81
119
67
89
119
67
93
119
109
67
118
69
83
117
66
96
121
109
67
88
66
118
120
108
66
85
67
66
64
82
125
68
92
95
106
83
122
112
67
47
155
110
108
107
108
105
105
88
115
106
104
102
104
102
102
103
103
101
103
101
102
102
100
101
103
101
103
101
100
102
101
100
100
102
100
101
102
100
101
101
101
101
102
100
101
103
100
101
101
65
114
70
110
68
70
64
55
75
148
73
78
118
109
106
105
104
103
105
102
104
65
115
118
67
82
109
108
105
104
104
103
103
103
102
103
102
101
103
103
102
102
102
102
101
104
101
103
102
101
104
104
102
102
104
103
103
102
64
115
99
61
43
117
66
117
66
88
95
88
61
39
85
123
111
64
87
116
68
91
118
67
75
70
55
79
102
115
107
67
44
43
77
60
55
96
124
110
80
122
69
52
118
69
76
95
113
70
47
99
67
116
115
110
106
108
67
44
71
58
41
86
105
79
60
38
89
60
38
41
40
84
62
90
119
66
90
120
66
73
59
39
52
111
67
97
111
116
66
89
63
110
68
93
63
88
118
67
94
65
90
63
93
118
67
99
118
113
108
110
107
106
67
86
119
112
108
107
67
82
115
111
107
66
50
88
84
60
96
118
65
72
67
70
58
38
38
65
58
51
63
109
114
114
66
89
117
65
88
119
108
107
67
83
117
107
107
106
65
88
119
107
64
90
117
66
86
116
109
107
67
88
118
66
92
118
67
82
115
67
88
119
67
97
119
67
102
120
66
87
116
66
87
119
66
88
121
66
86
65
46
47
58
43
36
63
94
125
69
94
69
45
88
90
61
37
54
58
38
42
63
58
43
88
63
52
45
116
67
83
94
103
69
69
112
122
66
86
65
43
48
116
118
110
107
107
66
83
65
111
110
107
66
71
58
52
54
47
57
60
65
60
59
91
123
67
79
108
64
75
107
120
112
108
67
73
69
57
94
120
67
80
120
107
107
67
86
62
94
64
93
66
97
64
81
117
67
69
60
74
61
43
36
60
55
40
57
114
66
73
67
73
57
41
47
50
48
83
61
59
58
62
52
43
61
65
60
63
62
59
49
64
55
43
51
98
118
120
75
126
68
100
65
109
87
54
66
72
52
42
57
54
74
57
73
125
68
87
124
68
71
122
69
78
117
109
66
73
117
66
69
68
60
50
93
120
66
78
117
66
78
118
66
71
75
87
62
98
64
91
63
110
65
76
118
67
100
68
93
65
95
65
97
65
73
75
59
46
48
54
140
69
69
73
55
49
44
37
49
55
142
122
66
97
120
65
99
117
66
100
119
65
104
65
71
62
51
58
57
58
48
93
63
62
58
70
57
53
54
41
54
49
37
122
117
66
75
58
45
44
44
47
74
64
61
53
64
56
93
123
65
72
67
60
120
66
73
76
57
47
49
49
57
68
83
58
40
45
52
63
55
47
69
90
57
142
116
110
64
93
64
88
61
118
64
95
174
66
71
75
55
50
54
48
79
63
50
54
57
52
41
44
51
50
45
53
55
46
125
117
111
62
94
62
74
62
51
47
38
54
64
47
39
60
68
48
64
56
54
139
66
75
60
120
111
63
93
61
39
55
52
123
67
91
61
103
64
103
63
99
62
114
65
77
61
95
63
108
64
82
61
93
63
108
65
82
63
99
62
109
75
53
102
68
104
111
108
106
106
104
105
104
104
105
104
104
103
106
103
104
104
106
103
104
104
104
104
103
103
105
103
104
104
103
104
104
103
104
104
103
102
103
104
102
103
103
102
104
102
104
102
101
104
103
102
103
103
102
104
102
103
103
102
103
103
102
102
103
103
65
85
117
103
66
88
114
104
105
103
104
103
103
102
103
103
104
64
87
118
107
105
106
103
103
105
66
109
109
107
67
111
108
106
67
111
107
65
86
63
108
66
94
65
110
110
65
113
68
94
116
109
66
110
111
106
105
104
104
104
66
88
65
85
65
73
104
119
107
65
115
109
65
90
65
89
64
94
119
67
97
66
111
69
98
66
110
68
100
162
119
67
102
68
71
63
51
53
47
63
68
66
61
59
59
58
62
52
49
46
55
60
47
38
50
67
49
47
57
47
68
71
59
61
56
45
64
57
60
60
57
63
76
120
115
63
118
116
115
64
94
122
108
107
107
106
107
106
106
106
105
105
105
104
106
107
104
103
67
117
71
101
66
89
66
94
123
108
108
105
105
66
85
64
91
120
66
96
65
90
64
94
117
67
97
66
95
66
104
66
71
119
66
45
61
121
109
64
94
64
94
65
74
63
76
116
68
91
65
102
66
111
66
101
66
74
60
65
118
68
101
67
91
64
97
118
67
100
120
65
102
119
67
102
120
67
101
66
98
120
68
99
116
67
102
66
99
67
71
76
117
70
96
64
95
66
71
157
70
92
64
104
115
68
105
119
67
72
119
115
68
88
117
67
99
66
99
118
68
71
61
71
118
68
96
66
110
67
98
65
71
59
54
52
46
46
43
54
84
120
68
93
66
98
122
68
96
121
67
104
65
96
72
55
47
58
119
119
110
109
107
106
107
65
87
118
106
66
89
64
95
64
72
59
49
60
58
52
52
84
121
68
93
65
94
65
93
69
104
65
50
86
61
41
61
54
44
55
52
64
114
66
72
106
63
76
121
66
86
173
117
108
108
64
89
117
68
95
116
67
98
66
111
66
71
63
51
76
84
66
113
67
88
66
50
44
50
104
66
94
116
66
39
65
118
67
103
64
74
78
60
45
54
53
48
45
109
67
72
111
65
114
68
94
120
67
98
119
67
70
61
49
55
49
70
57
53
51
54
52
77
59
71
56
40
60
92
61
55
56
45
39
43
49
43
63
56
42
43
73
58
37
40
55
60
120
116
64
43
45
67
54
42
42
67
91
56
50
46
85
124
112
64
92
60
73
86
122
66
95
171
117
109
108
106
105
76
121
107
105
105
106
105
104
104
105
104
104
104
99
108
104
105
102
103
103
104
103
104
101
104
104
103
104
104
104
106
103
104
104
105
104
104
103
105
104
104
105
103
103
106
104
104
103
66
79
117
106
105
103
104
103
103
103
103
104
66
85
118
106
105
66
87
64
82
119
67
90
65
96
65
106
65
111
67
97
66
94
119
110
108
66
89
64
100
120
68
98
65
74
62
69
121
69
94
65
88
168
69
89
62
96
119
68
100
118
109
107
107
107
104
106
106
103
106
107
104
105
107
106
66
115
109
66
111
67
92
122
69
96
66
71
61
48
49
51
109
69
86
65
89
120
109
65
89
107
47
52
117
116
66
99
119
65
101
120
66
100
66
113
65
97
67
73
61
49
49
54
120
121
68
93
65
91
117
119
109
109
65
85
169
119
66
100
117
115
109
65
89
65
93
121
68
97
65
72
121
67
88
122
68
99
123
112
67
73
63
53
53
40
35
55
58
110
122
67
88
116
67
95
64
74
85
59
56
52
62
57
40
43
41
41
63
124
114
64
87
121
68
93
120
113
109
66
117
119
66
72
78
57
50
98
122
67
98
123
67
94
123
67
97
65
98
118
118
68
69
58
51
52
51
92
72
58
48
48
79
116
68
85
113
119
109
64
88
119
67
92
64
68
68
57
48
54
56
49
99
56
58
91
117
67
82
117
65
72
63
72
57
49
52
45
64
73
69
56
55
55
45
61
102
118
67
72
75
54
48
61
51
45
81
64
60
60
53
52
63
62
57
59
55
62
53
122
121
114
111
108
108
64
117
111
119
108
109
65
67
71
125
121
67
93
63
72
59
46
52
97
125
68
96
64
94
124
67
100
64
93
124
68
99
64
95
123
68
100
65
98
64
71
59
62
57
44
45
46
90
62
41
56
69
62
60
59
45
75
60
56
53
62
55
39
76
112
121
66
102
73
54
55
51
109
122
66
69
96
59
112
123
66
71
63
56
68
55
105
117
65
117
66
99
121
67
98
120
67
95
122
68
101
121
67
100
64
71
77
56
47
59
47
46
45
37
45
51
49
75
57
57
51
36
51
47
57
51
40
52
53
44
74
70
47
135
118
110
64
118
114
110
65
89
123
67
93
64
92
120
66
71
123
68
84
63
112
64
76
93
93
99
101
147
129
66
87
65
112
65
93
65
100
67
91
64
107
65
68
109
65
111
66
90
161
68
70
60
57
52
51
57
46
48
64
52
45
42
48
57
46
71
57
47
55
102
83
59
61
51
42
58
61
54
55
56
99
126
65
72
125
124
66
95
122
66
97
124
65
97
64
100
122
66
98
65
121
67
93
64
46
48
114
121
111
66
93
77
54
98
86
117
114
112
106
108
108
105
107
108
106
105
106
106
107
104
106
107
105
106
107
105
105
107
105
105
104
106
106
105
104
105
104
105
106
104
104
105
104
105
105
104
103
105
104
106
103
104
106
105
103
105
106
105
104
105
106
105
104
107
106
65
83
122
110
65
87
122
109
108
105
106
67
79
119
111
66
84
121
69
87
63
93
120
67
92
65
95
66
110
68
107
67
98
65
111
66
94
65
96
64
100
120
112
109
107
108
106
108
108
106
107
106
107
67
110
117
111
66
88
65
85
63
93
124
68
89
65
96
65
72
116
68
98
96
103
87
96
65
97
70
58
100
122
69
93
64
88
122
68
97
65
91
116
66
106
120
111
110
107
66
72
61
71
64
43
48
152
70
69
149
124
116
67
86
122
69
93
124
69
95
65
72
83
130
116
65
87
64
47
84
68
86
58
43
60
65
102
119
67
96
64
73
62
44
113
67
85
118
68
101
65
75
114
122
67
88
63
93
65
108
66
103
119
66
103
122
67
113
67
108
67
103
67
97
123
68
100
65
74
59
51
50
54
60
125
70
88
114
66
102
67
109
66
98
65
73
59
109
120
67
103
66
72
60
66
58
42
45
152
115
65
89
123
68
96
123
68
93
122
67
89
124
68
101
120
69
100
66
94
65
71
66
71
58
42
46
41
86
63
86
62
95
166
118
66
106
65
116
67
101
65
72
