18
115
114
68
102
110
75
122
109
126
118
95
77
109
114
117
100
69
102
124
104
67
111
102
68
114
102
114
68
106
69
96
70
87
78
107
71
118
102
117
114
115
113
114
111
106
72
98
95
82
117
107
120
101
70
115
118
108
107
68
102
71
167
113
109
101
71
104
70
106
66
98
69
103
72
106
119
106
112
116
110
115
113
113
110
111
91
79
107
67
105
70
104
70
115
108
67
105
69
65
107
70
106
69
105
113
67
102
72
108
71
102
83
97
117
107
117
113
106
128
137
120
111
110
113
116
66
106
113
111
64
104
104
69
112
111
114
112
113
112
111
113
115
117
121
109
112
118
111
68
99
69
115
126
113
110
116
97
66
112
88
94
108
114
112
112
113
112
111
113
112
107
115
115
99
66
68
93
123
110
69
103
109
72
99
68
107
72
105
67
110
70
102
66
102
71
107
116
67
111
117
110
109
108
66
102
69
109
167
152
123
108
65
104
68
94
69
104
69
102
109
70
101
71
111
103
68
105
72
105
110
94
91
103
105
66
101
68
103
68
105
68
110
116
106
110
115
112
112
111
69
109
114
115
112
110
113
117
111
114
111
109
113
113
115
122
103
69
117
77
93
111
69
114
118
120
99
73
106
115
110
113
108
66
103
68
111
103
122
118
109
112
114
122
110
108
126
99
112
111
80
91
79
98
111
101
72
98
70
113
99
74
100
69
106
72
108
68
103
70
110
112
73
89
81
108
72
110
66
119
115
119
115
106
70
106
73
105
125
110
67
111
81
89
69
105
71
108
119
111
77
107
115
108
73
98
122
77
112
120
106
114
74
113
116
109
99
72
111
112
101
72
111
157
78
80
76
105
69
103
69
112
105
119
107
116
69
102
70
105
113
72
103
113
73
106
107
110
118
121
113
114
118
116
118
112
116
89
90
113
113
107
122
117
105
113
72
101
68
106
76
90
78
107
114
119
108
71
112
108
123
113
112
130
108
97
124
108
69
119
109
119
118
118
118
106
115
71
84
93
108
74
107
131
116
127
112
65
106
125
108
69
110
101
100
108
146
108
95
94
97
119
122
111
72
106
158
115
111
107
108
112
110
110
109
112
114
111
111
113
111
114
110
110
110
112
111
110
107
112
107
111
110
107
107
112
109
109
110
109
113
110
111
110
112
112
111
108
112
112
112
114
112
113
115
112
113
113
113
115
111
112
116
114
115
113
113
114
112
112
112
113
116
113
110
113
111
111
112
108
111
110
109
111
110
111
117
114
115
113
115
115
112
110
114
113
113
115
111
115
110
110
111
111
110
115
111
114
113
115
115
113
115
115
114
117
114
117
116
115
117
116
124
69
47
143
95
116
152
103
96
108
114
88
116
86
81
133
118
100
89
127
134
123
93
122
95
106
95
90
163
92
144
105
108
87
70
105
94
88
65
102
64
60
107
69
61
57
62
133
125
166
132
95
117
130
103
62
148
92
127
130
137
114
91
92
118
106
104
104
93
90
135
66
97
70
100
104
59
64
60
90
59
123
66
132
91
86
74
111
67
91
60
98
106
112
79
57
58
92
66
86
65
70
108
78
60
92
93
101
108
65
131
96
96
100
94
88
71
58
48
56
57
54
54
94
101
88
84
65
59
63
53
58
59
101
71
59
99
65
65
96
67
59
101
61
60
59
101
113
114
110
78
98
100
130
78
82
103
63
65
60
56
57
58
61
59
56
112
110
59
96
65
61
60
96
70
61
58
58
94
87
104
93
64
57
58
59
79
93
60
67
88
70
62
72
101
112
59
108
79
71
78
60
59
111
130
130
72
80
109
122
103
83
63
61
95
75
82
85
95
79
113
97
100
103
78
84
72
66
69
61
58
58
55
57
56
58
57
58
114
60
55
57
57
56
59
58
58
56
61
90
72
56
58
56
63
102
100
62
59
60
55
58
59
56
105
58
51
56
57
54
109
58
92
65
57
54
57
109
58
53
58
58
54
57
54
61
54
56
54
56
53
74
56
55
51
54
55
61
105
75
60
57
57
53
96
64
57
54
53
96
75
59
61
52
53
60
56
53
56
55
53
52
54
54
67
55
56
56
55
58
59
54
51
51
56
61
52
58
56
53
58
56
54
67
60
57
58
54
54
52
53
50
53
55
63
56
56
51
53
58
52
57
64
74
55
55
55
57
56
56
55
97
71
73
92
64
61
63
79
81
56
54
74
63
60
53
54
52
59
52
54
55
55
68
67
54
52
59
54
54
54
57
54
57
48
69
65
56
50
51
52
50
76
60
51
54
55
50
60
54
72
58
59
60
63
70
70
68
70
62
62
59
58
58
54
55
56
57
57
56
55
61
59
55
58
56
55
61
56
56
57
58
60
60
57
55
57
56
57
58
59
56
57
58
58
56
57
56
57
58
58
57
55
56
59
56
56
51
57
114
55
57
54
55
55
99
60
56
56
93
69
55
55
98
67
93
64
58
94
84
107
60
61
52
69
78
77
101
70
90
54
70
93
107
108
122
91
77
92
107
109
112
104
119
92
53
64
90
99
53
54
50
56
54
57
53
53
57
54
55
56
54
55
56
59
55
53
54
54
56
56
110
54
54
90
66
62
58
98
65
57
95
61
57
54
56
99
62
54
55
53
55
56
60
94
60
56
56
55
99
63
58
87
75
82
102
91
69
84
63
55
53
54
54
55
58
86
70
59
54
57
99
56
56
55
57
54
97
122
91
63
56
55
57
95
62
59
93
62
56
98
60
56
97
63
58
95
62
55
56
93
61
60
94
62
57
98
62
60
66
84
62
57
85
66
56
54
55
54
53
54
54
55
53
54
71
91
55
54
72
82
57
51
91
57
61
53
53
54
53
54
55
55
55
58
90
66
58
51
54
58
55
56
55
55
56
55
57
54
58
56
55
54
56
54
56
56
55
53
52
55
56
63
65
65
52
54
54
83
58
54
54
56
57
55
54
53
56
57
54
53
54
54
54
54
52
54
54
54
57
55
55
51
53
55
52
55
54
54
52
56
53
54
52
54
53
55
52
54
53
58
52
53
53
54
50
56
56
52
55
51
55
54
54
52
55
51
54
54
55
53
50
53
53
54
54
53
55
56
52
54
53
53
56
54
56
52
54
54
54
56
56
56
52
54
54
55
56
52
59
51
55
53
55
53
54
57
56
53
54
53
57
55
55
55
54
54
54
55
55
54
56
51
54
58
54
55
53
55
55
54
52
52
54
58
53
54
53
52
57
55
52
53
52
55
54
58
56
54
51
55
53
58
53
53
55
56
53
54
52
54
52
60
55
53
53
51
57
56
51
54
52
53
55
53
53
53
53
55
56
51
53
55
54
51
57
56
52
54
52
56
53
52
55
56
52
54
54
51
54
54
52
56
53
53
51
55
53
52
54
52
55
53
55
52
54
53
59
80
98
54
55
51
55
52
52
51
57
54
54
52
53
54
57
55
54
53
56
52
88
62
54
92
52
52
57
54
51
66
69
75
59
92
65
54
55
54
86
71
88
71
89
72
60
81
67
69
80
65
67
88
65
64
76
76
54
54
50
55
52
54
58
50
51
53
54
52
57
53
57
52
53
50
54
52
54
52
60
51
53
53
54
53
54
53
55
52
59
55
52
51
52
53
56
57
52
55
54
55
54
50
50
54
54
59
56
54
52
56
55
58
50
52
54
54
53
53
53
54
53
54
53
53
53
53
54
54
56
51
54
51
53
53
57
51
55
53
59
61
53
50
50
53
51
52
50
52
53
53
53
53
52
52
53
54
58
48
50
51
55
54
54
55
53
53
57
55
53
53
54
54
54
56
55
52
55
54
58
53
53
54
54
54
56
55
53
58
54
54
54
51
56
54
53
54
53
50
52
56
53
54
53
52
53
52
53
53
52
53
53
56
55
53
54
53
55
56
53
53
53
53
55
55
53
52
55
56
53
52
53
51
53
52
55
53
54
53
54
89
72
60
64
88
57
52
54
55
52
58
56
54
53
56
53
54
55
63
76
78
78
62
62
55
62
76
74
60
63
98
55
53
54
69
83
55
53
53
54
51
54
52
55
52
85
107
86
66
104
62
56
96
58
56
49
88
68
50
110
56
56
50
58
80
66
65
98
58
80
69
62
68
73
72
89
67
85
72
88
69
90
67
79
52
54
54
51
63
48
50
52
54
52
54
99
59
58
89
60
56
97
57
87
104
76
89
53
84
52
53
52
51
51
54
50
52
51
54
55
54
51
51
51
52
55
52
50
54
51
57
53
51
51
51
49
54
54
53
52
54
54
55
55
51
52
51
53
55
54
52
53
53
53
53
52
53
53
55
55
53
53
52
53
55
54
52
52
53
54
53
56
51
52
54
54
53
52
52
52
54
53
54
52
54
52
54
52
55
52
54
51
54
52
95
58
55
52
55
51
54
51
53
54
53
51
54
52
54
53
53
53
51
53
55
53
54
53
55
52
53
53
53
51
54
54
53
54
53
53
54
52
53
52
52
55
53
57
91
60
56
52
54
55
53
53
53
53
53
53
53
52
56
52
53
53
54
52
54
53
50
54
55
54
55
58
50
52
53
51
56
53
53
53
54
53
56
54
54
51
55
55
55
53
57
53
55
52
53
51
53
51
53
54
54
53
54
53
54
54
53
53
54
54
54
54
56
52
54
52
54
53
52
53
56
56
54
52
52
52
54
55
53
52
52
51
54
56
52
51
52
61
54
102
53
56
54
55
52
53
53
55
55
56
53
56
58
52
58
56
53
58
53
57
56
54
54
54
57
57
58
56
55
58
55
58
54
57
56
60
56
55
55
56
56
57
56
56
57
58
56
56
54
57
55
58
57
56
55
57
56
57
55
56
56
58
58
61
59
69
57
69
77
57
56
60
55
55
56
55
54
55
57
55
56
55
57
55
57
54
55
57
57
55
56
56
57
57
57
55
55
54
59
58
56
56
55
58
57
54
57
54
125
78
94
52
97
119
72
99
99
100
129
78
81
90
82
70
51
91
98
51
50
93
87
92
125
112
134
71
84
89
129
90
83
94
131
62
44
81
54
151
114
104
102
92
107
106
87
78
58
95
94
52
103
80
101
74
108
67
50
97
89
98
55
46
50
52
88
100
91
101
91
90
62
51
50
95
99
107
94
72
73
70
51
98
100
67
58
59
151
98
101
99
98
100
99
97
100
98
96
100
102
96
99
99
100
90
148
101
104
101
101
101
98
98
101
100
99
104
101
105
110
94
119
121
115
115
107
104
108
109
105
107
106
106
110
106
105
106
106
108
107
105
106
103
104
104
103
103
106
105
107
108
106
108
108
102
105
106
105
107
107
104
107
108
106
106
103
104
108
104
103
105
103
105
108
103
103
105
104
104
104
173
108
105
103
103
102
105
104
102
104
103
104
106
103
102
105
104
107
106
103
105
107
104
107
104
105
109
106
104
108
104
105
83
94
102
105
106
110
112
110
113
176
106
104
63
119
71
144
104
104
103
102
103
103
103
106
62
115
108
62
46
114
81
110
115
109
109
69
51
93
96
103
108
71
93
69
85
94
104
78
78
94
97
114
72
60
56
93
100
62
51
73
76
84
71
122
123
70
105
75
101
61
57
117
92
57
98
80
95
118
68
76
113
91
114
85
133
119
93
67
100
96
92
98
103
84
109
112
89
105
110
67
52
95
63
144
99
98
107
83
58
57
56
59
127
83
99
99
115
94
95
59
109
85
79
113
111
85
77
56
61
100
153
110
59
89
69
94
119
102
89
91
94
106
92
109
66
72
60
97
82
117
100
60
92
109
60
55
74
109
153
115
71
83
98
93
55
50
103
98
107
101
59
54
104
62
52
55
61
54
57
56
58
55
57
61
57
108
60
55
55
59
108
61
57
56
113
60
89
76
59
88
78
62
106
61
107
93
79
55
57
56
55
62
109
60
58
52
56
55
59
114
102
65
114
61
103
60
110
61
90
74
55
56
57
56
58
101
72
52
56
59
56
56
58
55
57
55
55
58
101
71
57
56
108
63
107
102
70
108
92
76
108
63
107
63
58
51
82
81
58
108
117
110
106
113
64
105
112
60
52
57
57
59
61
57
105
112
111
64
107
109
58
93
76
59
108
64
55
54
58
57
58
58
57
57
58
57
60
57
59
57
60
59
59
56
57
57
57
58
58
59
58
101
65
105
66
88
79
58
110
61
86
79
109
110
61
56
56
59
51
55
58
57
57
55
56
64
101
58
58
57
56
58
57
54
57
56
59
60
105
58
111
63
100
106
66
102
62
110
111
58
59
58
107
105
64
62
54
56
56
57
61
57
102
61
60
56
57
61
56
58
57
57
57
59
101
71
100
70
115
59
57
62
56
61
56
59
59
95
74
95
77
59
106
63
60
101
61
101
58
121
87
87
80
108
62
52
57
107
111
111
109
112
58
56
55
57
86
77
110
113
58
55
55
56
57
56
56
60
89
77
110
61
109
60
109
61
57
60
54
57
58
97
77
74
71
83
88
83
115
89
79
113
64
108
63
110
93
76
61
111
70
49
60
106
112
116
63
106
111
113
111
112
62
102
64
52
111
61
103
62
52
110
64
105
62
97
63
58
55
61
104
109
61
107
114
109
61
55
100
80
148
85
113
93
94
89
112
101
104
121
117
93
125
112
121
112
97
129
81
78
88
60
52
62
109
64
52
55
53
58
57
58
59
56
100
66
111
65
105
65
99
62
112
67
52
56
105
62
56
53
62
110
61
106
61
106
65
52
58
54
59
59
105
63
62
103
64
105
60
55
113
110
58
99
105
