61
72
71
71
71
59
72
70
71
71
70
58
75
64
59
62
65
76
61
82
71
71
70
71
70
58
75
71
71
70
70
56
81
70
70
58
75
58
81
58
83
72
59
53
51
88
50
89
62
78
71
71
58
74
70
57
80
71
58
84
71
70
70
59
76
71
70
70
61
78
70
70
60
74
70
70
63
76
69
61
78
57
78
55
79
64
76
55
67
65
68
64
67
72
66
73
82
60
80
54
69
66
57
86
82
59
81
55
85
70
58
59
73
63
75
60
94
72
71
59
76
62
70
70
70
49
92
70
70
71
71
70
69
70
57
41
105
73
71
70
58
47
99
72
71
70
71
71
72
57
78
72
71
71
71
59
71
71
59
61
91
72
60
60
72
53
82
69
85
52
77
58
94
53
90
71
72
46
69
54
97
73
57
50
105
73
70
53
89
58
73
71
70
47
74
61
92
71
59
60
89
71
59
62
83
58
68
75
59
79
71
70
71
70
57
81
71
70
72
71
71
58
74
71
70
62
77
56
68
62
61
74
67
73
75
62
77
59
51
92
71
70
70
58
73
71
71
64
77
58
82
56
57
68
105
71
70
71
71
70
54
86
71
71
71
70
71
71
71
70
70
71
70
57
82
71
71
70
71
70
71
70
71
55
82
72
71
71
72
57
78
71
71
58
79
70
70
70
70
60
80
58
77
71
71
70
72
71
70
70
70
70
70
56
56
60
83
59
81
55
82
71
69
51
72
61
90
69
70
69
69
68
69
69
69
68
61
54
92
63
75
63
104
83
69
69
55
78
66
72
54
79
61
64
68
74
59
78
53
70
62
87
70
70
70
58
46
101
73
62
104
59
90
71
48
53
100
69
69
54
79
70
68
69
103
52
93
70
70
57
60
87
69
55
80
70
54
65
81
55
78
68
56
79
60
57
90
70
69
63
62
66
77
69
56
74
77
67
69
67
60
77
68
69
53
49
98
55
79
69
57
77
56
77
56
78
56
58
59
91
61
76
55
65
67
65
64
63
75
103
56
86
61
76
68
68
69
69
55
79
53
71
65
84
54
63
74
78
54
88
56
96
70
55
52
78
59
91
69
55
70
61
42
39
95
77
68
67
68
52
57
56
66
71
68
68
47
76
63
79
64
58
77
69
68
69
54
76
70
69
68
57
80
70
43
61
77
62
88
69
69
52
86
69
68
52
84
53
83
54
71
65
81
58
78
57
78
62
76
63
62
76
71
56
78
57
79
64
78
57
66
70
81
55
81
57
66
52
99
56
80
56
80
71
69
71
56
51
97
56
83
70
68
55
78
69
55
67
80
55
79
67
57
96
90
56
80
61
77
54
78
68
70
69
59
77
69
64
73
68
69
68
69
54
48
98
70
68
55
77
70
69
49
87
55
79
70
56
68
68
78
46
89
57
79
69
55
79
70
70
68
68
69
69
69
68
55
60
85
68
55
75
69
67
68
55
71
69
68
68
68
69
69
55
63
53
91
65
72
69
69
54
76
69
66
71
54
55
63
65
70
55
77
69
55
48
79
91
59
95
82
60
78
58
56
77
82
55
82
68
68
52
80
52
73
61
70
55
92
69
54
67
66
79
70
69
60
63
57
106
83
56
79
55
77
65
62
78
73
69
60
58
69
52
88
59
60
57
75
57
70
69
70
68
69
68
68
70
69
54
51
98
71
69
69
70
69
70
47
88
70
55
67
103
73
69
69
54
61
70
73
64
78
70
57
79
60
77
70
69
69
69
54
55
100
55
78
57
79
70
56
62
79
57
81
55
81
55
84
70
70
50
89
71
71
55
80
71
70
71
58
46
73
59
95
58
80
71
57
53
97
55
57
59
57
73
69
69
69
68
68
69
57
75
51
85
71
54
68
79
70
58
79
55
76
71
59
44
80
82
71
60
77
55
77
57
73
54
60
75
70
57
76
67
83
54
67
68
81
57
82
52
69
69
82
54
84
56
63
65
76
59
79
55
78
56
99
72
55
48
102
71
70
55
65
51
104
58
79
58
79
60
78
57
106
81
70
69
70
56
101
85
71
56
77
57
78
57
66
62
68
69
69
73
78
58
81
62
78
58
72
69
70
69
71
57
79
65
62
80
70
58
79
59
79
64
65
75
61
80
71
60
51
100
71
69
58
74
70
69
61
78
71
69
58
80
71
55
78
70
56
79
68
55
81
55
85
63
78
53
86
72
56
57
97
70
71
71
70
57
75
70
70
69
58
51
78
58
94
56
82
75
81
69
59
43
103
70
69
68
69
55
76
54
83
53
71
66
82
59
79
56
58
58
105
54
73
61
90
70
57
55
94
70
69
68
69
49
87
56
59
76
45
69
59
76
70
69
68
69
51
88
53
87
60
79
71
71
70
71
71
70
71
70
57
77
72
56
71
106
51
73
57
81
53
98
57
81
56
80
71
70
52
68
69
81
58
60
84
70
70
57
78
70
70
69
70
69
69
69
51
87
69
69
68
70
64
66
74
73
55
77
58
78
63
75
61
78
56
80
53
85
68
68
57
75
69
69
49
81
57
59
58
95
71
58
44
101
70
69
68
52
48
104
69
56
47
77
51
82
58
75
57
94
69
68
56
78
70
68
70
69
69
68
55
72
51
87
56
79
69
58
60
74
61
74
62
87
58
78
56
79
71
69
57
80
70
55
48
103
57
81
72
58
57
92
57
81
72
57
57
109
72
70
69
69
69
58
58
84
61
78
56
102
86
58
44
104
56
79
70
69
48
84
54
74
64
69
76
68
55
56
81
60
76
69
68
59
77
55
74
69
56
77
55
66
41
108
57
77
57
79
69
68
68
69
50
75
51
86
61
64
76
56
78
56
77
56
78
69
55
77
55
78
56
78
69
56
79
54
81
69
56
79
69
56
83
102
72
58
40
103
76
68
68
58
76
69
61
62
72
68
53
63
83
55
45
51
65
34
47
63
89
59
65
72
63
78
69
56
74
56
75
69
69
69
68
55
80
70
55
79
56
84
70
70
66
73
81
65
73
64
65
73
73
68
71
55
78
68
58
81
57
74
70
71
70
57
74
70
71
70
56
79
71
70
70
69
70
71
70
70
70
55
86
69
72
56
58
92
96
72
71
56
80
70
58
59
72
64
88
71
57
68
81
57
80
58
75
67
77
63
54
86
60
72
71
71
58
69
49
77
63
92
58
81
52
90
72
70
50
72
67
87
56
80
63
66
80
70
70
70
59
69
69
72
70
55
80
72
70
70
70
49
89
71
56
73
62
78
56
78
70
70
70
70
71
58
46
99
70
70
54
68
64
57
65
57
79
69
57
63
70
77
60
55
80
80
57
78
71
56
79
56
74
58
81
56
81
71
57
79
55
73
71
69
56
78
58
92
81
58
58
77
53
96
59
79
70
57
54
92
45
91
70
57
63
69
71
78
63
77
62
78
57
63
84
59
81
86
65
75
62
79
58
82
57
101
62
81
71
56
47
105
72
56
47
105
57
80
71
70
70
69
57
47
90
69
80
73
57
80
69
59
80
71
58
106
62
72
71
71
58
74
75
72
57
81
71
48
54
105
74
57
45
105
57
82
70
57
54
75
62
78
63
65
77
73
70
57
76
57
78
72
53
85
72
57
80
72
57
79
71
71
70
70
70
70
71
58
71
70
57
80
70
69
61
78
67
71
64
63
69
103
70
47
49
101
71
70
69
56
40
104
71
69
69
56
48
99
71
58
47
96
70
59
50
100
71
57
44
66
77
75
64
88
70
56
49
99
71
69
51
83
70
55
68
79
60
65
78
69
55
57
64
56
57
56
105
72
69
57
61
52
77
55
80
55
96
70
56
50
98
56
81
70
57
56
96
55
82
71
57
57
66
71
91
70
58
64
70
74
64
80
72
56
47
54
71
78
63
67
71
77
50
88
56
78
68
72
65
66
78
70
69
104
80
57
48
103
55
80
70
57
56
98
71
71
70
72
72
69
57
79
72
59
54
75
61
92
71
58
52
92
57
76
75
61
55
75
63
73
66
88
59
59
81
81
62
68
72
59
78
72
69
71
70
70
57
79
71
58
79
56
79
57
77
60
80
58
78
57
60
76
79
70
57
78
69
57
78
56
79
56
79
56
81
71
70
70
71
59
73
71
57
90
56
97
57
81
57
76
58
74
57
88
82
70
70
70
69
69
70
56
86
56
76
58
80
55
78
55
85
58
73
59
76
71
70
70
71
56
79
71
70
70
58
40
102
60
91
82
57
80
56
66
83
71
63
77
69
69
70
69
68
49
89
62
58
75
68
59
69
68
68
47
86
70
61
57
88
70
59
60
56
80
82
66
75
57
74
69
57
46
82
81
54
77
69
68
69
56
70
69
69
56
78
70
69
47
89
61
77
54
68
61
86
58
78
70
69
54
79
69
69
69
53
42
101
62
78
70
69
69
69
55
79
70
56
45
84
83
70
69
69
70
55
44
94
84
68
54
78
69
68
69
61
58
86
54
66
75
74
55
78
59
79
67
60
74
54
81
55
86
82
69
57
47
80
80
73
56
72
69
71
67
71
65
74
61
77
55
80
55
63
74
75
56
79
67
57
72
71
70
69
69
70
70
60
78
58
80
54
78
54
80
70
54
77
69
69
54
71
70
68
70
69
69
59
66
78
69
48
91
63
54
93
64
78
58
81
62
79
71
70
69
59
51
80
53
99
58
81
54
79
71
70
70
55
39
109
74
69
69
69
70
69
69
55
59
77
66
78
61
80
69
55
80
72
56
80
50
91
72
70
70
70
56
85
64
87
71
69
49
87
70
69
51
81
54
84
54
84
52
70
59
83
58
80
54
69
67
82
54
84
53
68
68
81
60
77
54
78
56
78
64
61
78
69
56
78
69
56
79
70
55
50
76
60
90
70
70
69
68
55
71
55
82
55
67
70
80
61
77
61
74
62
87
70
70
48
89
69
70
48
78
63
82
58
68
71
61
79
68
68
68
55
59
55
62
90
68
68
53
81
53
81
54
56
81
70
69
58
43
44
92
57
72
68
57
61
85
51
85
59
78
70
69
53
79
71
56
56
91
70
57
54
71
56
100
70
68
57
77
59
58
59
61
76
54
79
67
69
68
67
67
67
67
67
66
67
68
67
67
68
67
56
77
67
56
77
67
67
67
61
49
92
56
77
69
67
67
53
57
88
68
66
49
86
69
68
49
70
65
82
55
64
56
86
66
70
66
67
54
77
67
67
68
67
67
68
68
69
67
67
67
67
67
67
53
64
80
67
66
56
76
67
67
67
66
67
67
66
53
70
61
75
67
52
77
56
78
54
70
69
67
66
67
67
68
55
78
67
68
68
67
46
86
54
82
52
78
68
68
68
56
51
80
60
73
61
86
68
68
50
69
66
81
53
81
54
78
56
78
54
78
57
79
55
65
72
76
59
76
66
70
68
43
93
71
66
51
86
53
78
69
56
65
73
73
70
68
53
53
94
68
67
58
57
77
76
58
52
74
55
76
69
67
68
68
52
67
57
92
69
57
77
51
74
78
60
76
69
68
53
38
102
70
71
59
75
70
72
55
81
73
56
46
79
55
77
55
99
59
80
56
79
70
57
56
74
61
74
62
88
55
80
51
84
69
60
63
84
54
67
69
65
58
66
54
78
54
76
71
69
69
54
76
70
51
85
69
57
80
53
76
74
70
58
88
82
70
71
70
55
76
71
56
81
54
78
72
54
62
72
69
55
83
53
104
81
69
69
67
103
70
68
68
69
46
70
53
77
56
61
69
68
68
55
77
68
67
61
54
76
68
67
69
68
66
58
78
53
77
68
68
55
77
68
55
58
87
59
50
77
79
58
78
55
78
54
80
53
71
55
70
67
47
87
52
78
56
76
59
90
88
49
89
68
68
67
53
55
90
68
68
54
79
69
57
57
89
57
79
54
73
72
70
69
70
62
77
71
57
47
102
72
70
69
70
71
69
69
70
70
55
57
93
54
50
92
89
53
76
61
87
70
70
50
84
52
87
56
78
71
69
69
70
45
92
70
68
71
68
69
56
64
81
63
66
58
78
57
79
66
60
79
69
57
79
70
55
78
55
76
55
78
56
82
69
54
54
79
69
68
68
58
45
101
70
68
55
83
55
78
54
109
72
79
69
69
55
68
75
69
68
68
68
66
69
54
55
76
62
74
64
41
41
52
54
81
81
65
70
68
69
64
70
53
69
74
68
66
71
62
85
67
68
48
70
60
87
69
69
67
68
47
68
70
50
92
78
71
68
61
71
58
75
66
67
67
66
53
61
54
75
79
67
67
67
54
77
68
67
52
74
55
71
64
71
53
96
52
85
70
53
73
75
59
78
53
77
57
61
88
68
69
70
69
69
70
71
70
69
55
81
72
70
71
59
80
71
71
60
80
61
79
72
54
82
71
71
62
81
53
90
74
74
57
79
63
84
56
59
60
86
75
73
73
73
73
62
47
74
63
51
104
72
70
56
87
70
71
71
72
70
70
57
82
72
71
71
72
71
70
56
85
74
71
71
54
80
52
89
62
63
72
79
54
87
72
66
46
100
73
71
54
79
71
71
70
54
52
98
71
69
51
87
71
70
49
89
60
68
57
49
48
72
71
71
71
70
72
58
80
58
81
71
71
70
57
55
94
71
71
59
80
72
71
71
71
62
79
57
73
85
71
71
72
71
56
50
105
72
58
51
56
92
91
52
89
50
92
71
58
57
90
70
70
70
71
70
70
71
58
54
96
71
61
50
105
73
73
72
72
72
73
72
56
88
72
73
72
72
58
78
74
72
63
42
110
72
72
71
73
60
76
72
51
64
83
57
104
73
72
55
90
73
73
72
73
73
73
72
112
84
63
83
47
96
54
83
59
78
72
72
71
72
72
72
72
72
60
75
74
74
61
107
83
66
84
54
91
74
74
73
73
72
60
87
59
76
66
84
73
73
73
73
72
57
80
74
73
70
74
58
88
73
73
73
73
72
60
112
87
73
72
60
74
79
73
72
73
65
78
56
88
73
60
46
106
73
72
72
54
91
69
74
58
69
65
67
59
106
62
54
53
108
59
74
71
72
71
71
70
71
72
57
72
72
80
71
72
72
72
73
72
72
73
74
73
73
60
77
73
72
72
72
72
72
70
73
72
71
72
71
72
72
71
71
60
56
53
107
59
80
72
61
81
72
72
71
72
73
71
71
60
75
73
58
41
57
82
104
72
72
71
71
71
59
42
108
72
71
72
60
77
56
88
73
73
65
80
54
92
74
72
72
57
49
80
49
108
73
72
72
72
72
72
72
71
74
59
82
56
79
53
90
59
76
72
72
71
72
72
72
71
57
80
71
70
71
57
78
71
71
61
113
72
72
72
74
72
61
81
65
80
55
87
60
75
76
72
72
73
72
58
80
73
73
72
58
82
57
81
73
72
59
81
72
71
73
72
71
66
60
82
72
70
73
63
70
63
77
58
87
72
73
72
62
82
73
72
73
72
65
80
54
90
73
73
60
77
73
73
73
73
73
60
75
73
73
73
59
84
73
72
74
65
110
55
92
74
74
61
77
74
74
68
79
57
51
71
75
72
85
60
85
