20
107
104
110
109
112
113
57
125
102
119
83
138
119
119
120
179
115
90
125
119
95
123
118
98
125
117
115
121
117
111
99
97
99
98
95
98
100
125
65
132
115
175
102
122
58
122
61
122
114
98
164
92
119
117
86
123
115
101
123
116
92
123
118
93
70
62
123
123
120
67
126
120
85
125
119
81
127
120
84
128
122
88
128
123
87
124
64
131
122
80
129
57
129
124
80
89
122
130
122
93
125
113
58
123
119
117
119
118
118
117
118
116
118
118
119
118
75
59
136
117
111
127
119
121
119
75
124
120
57
124
119
121
177
117
109
104
99
101
106
105
109
67
126
119
83
126
58
125
121
74
124
119
89
124
119
174
82
123
116
94
123
116
93
121
56
121
117
77
124
119
77
126
120
58
125
121
121
121
120
119
119
81
127
118
63
137
65
125
119
89
125
118
100
77
128
117
78
122
118
118
61
125
120
89
125
120
102
129
122
93
130
124
89
132
123
86
129
122
85
127
120
57
121
111
126
79
134
116
82
125
68
122
115
90
121
116
117
115
114
70
63
121
116
108
126
119
91
128
64
130
121
76
127
121
97
127
121
99
128
121
102
58
124
121
79
77
126
121
120
119
118
119
120
120
84
127
121
121
121
121
121
90
58
119
119
76
128
111
127
122
121
122
122
123
122
61
128
123
121
58
122
97
129
123
101
129
124
95
130
123
107
128
121
56
126
122
119
70
127
121
121
176
118
83
126
119
93
127
120
94
128
121
84
59
121
120
75
126
135
63
124
121
93
64
128
122
121
59
61
112
122
103
128
122
77
128
122
74
127
123
68
127
121
76
128
120
73
127
122
58
127
120
121
63
136
119
69
126
89
128
119
119
122
119
80
127
121
86
127
122
83
129
59
129
122
75
128
58
121
119
79
121
116
104
123
115
58
122
118
118
59
123
120
118
119
79
128
120
105
125
64
129
123
69
128
66
129
120
102
126
120
109
58
127
123
82
126
121
105
130
121
72
131
64
130
123
84
131
124
82
60
128
122
74
128
122
79
129
119
94
125
119
97
78
125
117
107
123
117
105
104
105
58
123
119
84
125
119
100
121
125
58
114
103
124
118
107
125
119
118
59
126
118
94
61
122
117
94
124
120
110
128
121
108
128
74
96
139
75
126
119
95
126
122
88
125
120
109
126
119
64
125
118
118
58
125
71
127
121
116
123
120
119
118
64
125
118
79
127
89
127
122
57
126
109
129
123
100
130
124
93
59
127
122
87
128
119
115
115
99
103
102
104
103
105
109
110
110
100
124
115
59
130
111
116
58
131
98
116
129
123
79
129
61
129
120
71
124
118
79
124
117
88
125
120
175
95
125
118
99
122
106
101
102
108
177
120
77
126
59
127
119
83
128
58
124
119
86
125
117
105
94
56
131
115
113
102
103
62
121
117
116
118
117
118
118
117
100
119
115
111
112
104
113
107
107
107
110
112
112
109
62
77
116
122
124
123
125
62
142
66
130
123
123
60
128
93
128
58
126
118
95
127
178
121
77
125
119
67
136
119
117
117
70
124
118
177
122
119
59
125
120
112
124
111
124
120
59
127
121
121
81
128
122
89
127
121
93
126
123
88
130
123
82
129
58
128
120
76
73
58
58
125
121
75
128
122
76
127
122
76
128
112
84
124
89
126
117
112
102
103
102
103
105
105
105
107
111
111
110
107
74
126
123
80
60
118
124
78
132
125
80
132
128
71
133
125
82
131
125
66
149
121
58
121
111
125
119
109
127
120
119
82
122
120
91
127
66
128
122
101
59
70
64
126
122
70
130
101
63
130
121
93
125
118
118
118
65
125
119
121
120
69
126
122
116
128
123
113
59
76
132
126
125
76
128
122
113
130
122
110
130
122
101
129
122
97
127
73
137
120
87
81
136
122
121
90
59
73
125
119
120
118
113
176
119
117
112
58
121
118
100
124
117
117
118
75
133
65
129
119
86
126
120
104
128
118
102
119
97
103
102
58
58
106
104
124
123
76
81
103
131
123
81
128
123
61
130
122
121
122
58
127
81
126
119
57
122
119
119
66
125
119
120
121
119
118
104
98
95
95
96
73
120
107
101
104
60
121
114
97
121
113
114
77
118
116
99
123
118
101
68
123
118
92
124
117
58
126
86
123
119
100
124
120
74
128
86
125
61
128
120
81
126
120
97
129
123
58
127
83
130
122
57
127
89
128
122
81
141
69
129
121
74
137
71
128
123
96
129
124
85
131
125
82
128
122
91
126
121
89
126
120
57
117
117
127
120
57
124
107
125
115
102
101
100
102
104
105
107
109
109
58
127
119
67
138
58
128
121
83
129
124
83
130
124
60
130
122
121
103
114
127
120
99
58
126
119
78
126
58
123
120
72
127
57
124
122
76
128
123
81
129
124
60
128
124
124
89
130
122
122
123
122
92
127
122
115
59
128
122
88
127
121
104
129
121
67
128
74
135
66
124
119
119
119
119
116
110
100
100
105
107
109
107
105
58
124
124
61
139
58
130
124
84
129
124
90
129
123
91
130
123
91
128
57
123
122
78
126
177
121
71
125
71
126
120
78
125
113
100
57
144
125
119
105
102
74
126
120
103
126
106
99
99
96
98
97
101
99
104
99
104
101
103
105
106
106
106
112
111
110
104
110
108
111
59
152
101
103
100
100
106
106
71
126
118
91
127
57
127
121
87
74
139
58
122
95
138
121
59
129
120
118
122
120
121
118
81
119
70
122
114
96
76
130
66
123
116
96
122
117
115
118
99
104
58
116
116
91
123
56
123
118
95
124
59
124
120
85
124
120
97
128
121
92
129
124
96
129
72
130
123
82
127
123
58
125
100
129
86
139
121
84
175
121
95
127
57
126
77
83
137
57
124
115
124
119
118
118
98
126
69
136
120
85
109
87
129
123
82
129
85
67
63
131
124
74
112
143
82
133
58
131
124
73
128
58
129
122
80
127
122
95
130
123
66
128
84
127
59
128
121
84
75
64
128
123
122
103
127
120
108
102
100
100
102
102
98
102
115
73
137
116
70
167
118
89
121
56
118
116
89
124
120
97
125
120
110
128
122
104
129
123
92
102
70
134
58
132
104
134
64
136
126
78
131
56
128
125
81
130
124
57
96
47
40
39
36
37
38
40
40
42
42
41
42
40
42
39
177
179
109
101
98
130
123
93
122
121
97
128
121
69
131
109
129
57
130
123
82
130
123
87
131
122
85
130
124
88
126
119
107
96
95
95
56
74
119
113
113
99
98
96
96
96
96
98
99
95
100
96
56
59
114
110
109
69
117
109
106
104
68
115
108
102
98
57
58
111
108
104
102
99
95
97
96
96
62
113
106
105
103
63
113
63
124
108
58
113
110
108
106
63
116
108
108
108
64
80
113
116
110
105
107
90
119
102
56
109
100
96
95
61
111
57
55
116
99
59
61
110
107
103
103
102
102
104
103
102
101
104
56
118
57
111
94
71
107
113
107
102
96
93
95
56
59
115
104
99
64
112
103
93
96
55
134
92
93
93
95
99
100
102
102
165
111
110
110
111
79
116
112
57
167
114
79
129
100
126
113
114
95
128
99
57
58
112
56
117
112
112
75
58
58
94
130
68
122
109
119
113
113
114
77
120
115
115
58
119
116
97
84
62
121
116
116
84
123
117
117
118
57
121
118
91
123
118
97
104
137
119
73
123
117
73
122
116
114
117
115
115
111
73
118
110
95
57
109
105
98
95
93
94
94
95
94
65
113
104
104
105
83
116
109
111
109
79
118
113
113
114
66
122
114
117
117
173
117
117
116
69
130
66
121
114
115
57
120
88
70
135
119
74
75
112
136
122
122
72
86
138
115
119
70
138
123
62
83
71
128
83
129
121
57
123
85
135
120
117
67
136
118
92
120
122
118
120
118
118
118
84
124
117
60
125
117
118
68
123
120
106
80
58
132
105
132
120
118
118
92
124
59
125
86
134
118
174
118
117
115
101
123
117
117
118
117
118
119
114
71
126
117
103
95
90
72
136
119
86
72
135
117
115
59
122
115
99
110
168
113
112
106
56
118
113
113
59
121
113
97
120
115
103
97
70
126
120
83
67
128
120
122
89
139
63
128
122
91
129
125
80
129
124
83
129
179
122
72
67
59
60
128
123
75
91
87
129
123
94
101
71
127
121
100
97
57
120
76
127
123
90
128
122
91
77
128
122
122
79
57
108
126
78
128
67
129
94
136
121
119
97
131
95
100
62
120
117
117
117
117
115
111
93
95
95
95
101
98
101
104
106
105
100
109
102
108
103
104
103
104
103
110
57
56
105
119
120
76
169
113
116
120
59
126
112
128
114
59
129
123
121
87
128
122
114
83
139
54
130
123
84
70
141
123
72
86
134
128
170
126
91
129
123
116
127
121
120
120
120
121
56
126
120
87
77
138
179
100
137
123
58
126
121
73
123
175
117
81
69
135
120
119
118
118
116
97
172
119
82
61
133
118
68
123
117
109
125
119
111
126
55
123
120
86
121
125
100
126
104
57
56
122
122
85
76
127
131
124
78
58
124
122
67
128
123
74
129
123
69
129
123
76
128
57
129
124
65
128
121
79
126
122
80
127
123
80
128
124
84
126
129
80
179
94
135
84
110
134
124
61
161
125
82
95
79
131
59
121
139
65
132
125
78
59
139
124
122
122
122
106
101
60
127
71
128
120
123
168
103
118
128
56
128
63
129
124
60
130
88
127
122
118
121
118
99
104
57
59
123
121
122
60
129
122
90
97
58
131
125
124
125
123
123
127
63
140
125
78
130
123
95
91
91
129
122
57
129
77
131
121
92
119
136
84
130
103
84
126
92
131
55
127
123
90
72
140
180
124
83
82
90
57
131
126
77
102
72
94
83
