-9668095
578
42
580
566
642
572
56
556
512
40
30
0
26
528
512
10
8
512
1022
6
0
1020
15
1016
15
1008
15
1012
518
533
1006
135204848
135205375
1006
473711045
1002
512
527
15
1010
15
1002
520
535
1002
10
537
994
522
537
996
10
537
996
518
1045
998
514
529
758
1285
978
537
996
536
1063
1014
36
0
16
46
0
36
562
0
44
48
0
46
546
512
26
534
0
2
15
524
964
529
964
1043
958
531
960
1045
964
25
964
545
978
1065
996
705630248
530
578
42
78
568
660
668
136
570
512
42
554
0
22
28
0
8
532
0
8
526
512
2
12
0
1022
10
0
2
15
1020
527
1014
527
1012
527
1016
527
1016
15
1012
527
1014
527
15
1008
-15789868
-15789101
-15788341
-15788326
1004
987630
988157
1010
236855258
236855273
1004
518
533
1002
102638046
102638061
1002
68095980
68095995
1006
-67108146
-67108126
4
236
-10014033
990
282
220
851
728
792
497
748
68096008
20
512
10
6
512
24
12
0
1020
518
622
1372
665
1089
1495
99
603
1104
1685
2916
-10128563
1006
514
1041
1004
987643
1012
15
1022
532
0
8
8
0
20
14
512
1018
518
1278
-2893871
-2893340
984
526
1053
1000
504303646
512
12
560
512
34
50
0
44
564
0
44
554
0
34
28
0
14
524
512
2
554
582
62
654
130
562
44
546
0
28
532
512
6
12
512
1020
1020
15
1014
15
1008
15
1008
518
1045
1004
135205356
135205883
1004
68095994
0
42
1046
168
82
873
725
428
568
969
568
18
677
1212
824
-18482306
6
2
966
1051
974
545
986
41
996
15
1014
562
532
66
36
70
52
1156
632
560
0
40
544
512
26
532
512
4
14
512
1020
15
1016
15
1008
15
1010
68096500
68097027
998
8
535
998
10
537
1004
8
23
998
520
1047
1000
8
23
1002
518
533
998
4
19
998
516
1043
1000
516
1043
998
0
15
1004
514
556
542
0
32
530
512
12
6
968
19
968
535
976
541
990
534
1061
1008
54
42
0
34
28
512
16
16
0
1022
1018
15
1010
15
1012
101650945
1004
135205360
135205887
1000
8
23
994
518
1045
1000
518
533
996
2
529
998
512
527
1006
512
527
1000
512
1039
1002
514
1041
512
62
548
512
36
18
0
10
518
512
512
24
48
512
34
560
0
48
558
62
38
512
42
534
512
20
520
512
1022
-150994210
-150994148
566
62
552
0
40
534
0
20
8
0
767
-5063105
15
1006
15
1004
10
537
1004
10
537
994
522
1049
996
520
535
1000
520
535
996
8
23
998
516
531
1002
0
15
15
1012
527
1014
527
1010
15
1004
514
1041
1006
514
1041
1002
68095978
68095993
1000
516
1043
1002
527
1006
-15790082
546
0
36
34
0
44
540
512
32
522
0
252
46
512
10
54
544
60
556
58
564
562
0
42
36
0
22
20
512
