84
116
112
110
116
112
110
109
108
109
108
110
125
121
118
121
117
117
114
112
116
120
117
111
116
118
114
118
124
118
116
118
121
124
122
119
116
116
117
111
107
107
107
109
108
109
108
106
105
106
110
111
109
109
110
109
110
109
126
123
120
114
111
113
111
111
111
110
111
106
105
105
104
103
104
104
105
107
107
105
103
103
106
107
108
111
110
110
111
111
110
109
112
109
106
107
106
104
105
104
106
107
109
109
106
107
109
113
114
111
109
110
106
105
105
103
104
106
78
137
107
102
102
103
108
121
113
117
116
110
108
111
113
108
105
106
111
117
118
116
111
113
115
112
118
125
118
118
121
123
125
124
122
120
117
127
129
129
129
129
124
124
123
121
115
113
110
108
114
123
127
136
134
132
128
124
121
122
120
118
119
120
119
119
121
116
113
117
114
115
118
119
120
121
119
120
112
118
124
123
122
121
121
119
120
122
124
122
122
122
116
118
121
121
116
114
120
120
121
122
125
122
120
117
117
117
116
113
112
113
112
111
115
126
123
120
115
80
153
119
111
112
111
109
112
116
117
115
115
113
114
118
120
116
75
155
110
109
110
113
121
123
129
128
126
124
123
115
117
121
122
120
121
127
124
122
114
118
119
118
115
118
119
118
115
113
112
113
122
126
122
125
122
125
114
115
115
112
116
125
120
122
129
125
123
121
117
121
122
121
126
130
129
127
134
130
124
123
116
115
113
114
125
125
125
125
122
120
123
122
122
120
116
113
111
113
124
129
136
140
139
139
139
135
132
130
124
122
121
126
130
130
133
133
130
132
127
127
124
126
126
125
127
119
122
121
123
129
125
122
124
122
120
127
128
126
122
124
125
122
122
121
123
120
120
124
118
118
122
122
127
129
126
133
137
136
133
133
131
129
128
126
123
123
123
121
124
120
118
117
114
115
113
109
111
113
112
115
74
153
110
108
110
113
113
116
126
130
126
118
121
123
122
119
118
123
120
121
125
122
123
122
123
121
120
117
84
158
126
121
123
127
122
127
126
121
122
122
121
116
115
119
117
115
112
118
120
125
128
125
125
126
129
132
122
122
125
127
122
121
122
122
124
119
117
116
115
110
112
110
110
113
112
113
114
111
114
122
118
123
125
123
121
127
122
119
116
126
127
125
123
125
125
123
121
116
120
118
117
118
119
118
115
113
113
116
115
114
113
115
120
120
118
121
118
115
114
112
114
110
110
109
104
118
110
109
111
113
111
111
111
121
126
120
117
130
123
118
124
120
115
118
122
118
112
112
114
117
127
84
160
131
128
127
125
124
124
126
125
128
123
117
103
142
121
120
120
119
121
124
125
120
124
118
122
123
125
122
127
127
125
121
122
122
128
123
123
120
119
122
128
124
129
129
128
125
126
124
121
125
122
124
119
96
150
137
133
128
129
128
128
126
128
125
124
120
122
125
125
124
126
123
117
124
126
127
126
128
127
127
126
126
129
127
123
124
124
117
122
123
120
123
124
126
124
123
118
124
129
124
124
126
125
126
125
128
128
123
118
119
122
122
120
118
121
123
120
122
125
125
127
125
126
122
122
122
118
121
121
119
118
120
120
117
121
119
120
126
124
123
121
124
122
124
126
124
123
115
120
118
119
121
121
119
115
120
121
120
121
123
122
123
124
126
122
123
123
124
125
124
117
120
120
120
123
124
126
123
122
122
119
116
123
129
130
127
129
131
127
127
123
122
123
121
121
119
121
120
118
117
120
120
120
123
119
116
115
113
112
114
111
114
113
113
114
81
147
115
114
114
114
111
115
119
118
122
123
121
122
125
122
121
128
129
132
134
135
133
134
132
125
127
124
121
121
121
124
121
121
120
85
159
125
118
121
126
126
128
130
132
131
130
131
123
124
124
122
126
126
128
132
135
134
137
137
135
133
126
127
129
132
128
132
133
129
131
128
129
74
170
118
120
125
128
132
138
140
143
149
150
140
138
126
134
137
136
138
140
143
144
148
149
150
147
149
152
150
150
147
141
137
134
127
124
124
127
121
122
125
123
124
125
126
125
125
123
130
132
133
133
129
128
128
127
128
127
128
129
128
128
125
125
89
159
121
119
119
122
119
120
119
123
122
120
118
120
123
125
121
122
120
123
128
134
138
140
140
138
133
126
125
126
125
128
128
128
129
125
126
123
124
118
121
121
118
121
121
122
119
123
124
124
85
158
126
120
121
124
122
82
158
118
114
112
112
114
119
117
130
129
126
128
125
127
122
116
112
111
106
106
104
103
102
102
100
100
100
100
97
96
94
92
92
90
91
89
88
89
94
100
112
124
120
103
104
102
100
101
101
100
98
96
100
103
109
113
123
120
67
147
105
85
137
63
157
103
118
112
120
124
133
158
146
151
148
142
141
141
138
134
137
138
140
144
150
142
137
128
125
136
148
147
144
148
150
146
147
148
147
147
149
153
153
153
155
150
154
158
156
160
169
151
152
167
153
163
150
148
149
155
157
155
144
143
144
150
145
143
140
135
133
136
143
141
145
149
145
142
138
126
133
139
154
155
155
159
158
155
150
149
157
155
153
168
158
158
150
163
164
155
163
162
154
154
153
152
149
162
159
157
157
153
149
148
149
138
142
152
160
151
144
144
149
151
150
149
150
156
153
148
143
146
147
143
139
137
136
140
143
142
136
134
137
142
158
150
144
136
136
135
139
138
132
129
133
134
127
125
118
120
126
131
133
128
128
131
130
130
125
127
133
130
131
132
137
146
150
151
148
142
143
148
154
155
144
130
123
118
119
115
117
112
114
111
109
109
106
106
105
100
103
103
104
109
113
111
110
109
112
114
120
121
136
143
133
123
115
112
111
109
105
106
104
103
101
102
102
103
104
113
128
122
111
111
108
108
110
109
109
109
108
107
106
107
109
107
107
106
106
104
104
108
108
113
107
106
107
107
105
108
110
109
109
111
113
111
107
104
107
107
108
108
108
110
113
120
117
113
109
109
102
101
102
101
104
104
108
109
113
112
115
119
113
111
107
103
103
103
104
105
106
110
110
110
115
113
110
114
117
119
117
116
111
110
106
106
83
141
112
105
104
104
103
105
103
108
116
122
119
116
113
111
117
119
118
118
122
126
121
127
129
126
125
128
132
133
137
143
139
139
147
145
138
132
129
130
137
155
146
147
151
149
145
158
153
143
134
132
131
133
133
133
137
133
129
136
144
153
146
146
148
133
132
137
162
162
156
165
157
156
69
202
143
145
158
172
167
182
170
166
166
160
157
168
162
157
166
166
154
162
165
154
154
160
155
138
133
132
136
154
162
162
154
150
154
158
152
146
151
151
149
158
158
156
172
165
160
163
162
156
166
162
163
164
168
159
157
161
157
150
157
154
153
150
148
155
155
150
156
154
149
153
163
153
151
150
143
143
143
153
153
152
158
154
153
154
152
145
147
148
148
158
152
145
143
128
136
140
148
149
146
143
139
140
139
134
134
139
138
136
135
129
130
127
126
129
138
141
145
142
135
134
138
145
136
138
148
164
156
155
149
147
152
147
142
143
142
137
135
139
140
133
135
135
137
144
148
146
148
149
145
150
154
153
154
150
143
141
143
142
144
151
154
151
147
142
142
151
156
155
145
144
149
152
156
150
154
154
148
146
149
156
150
154
165
159
159
158
156
159
153
144
140
132
134
135
138
141
136
137
142
144
140
128
132
135
136
144
149
151
158
160
156
150
151
155
157
154
157
150
151
156
157
154
155
156
156
151
142
141
134
135
135
139
153
159
153
155
160
155
157
162
158
162
159
156
158
159
159
154
152
157
149
149
163
162
158
170
154
153
154
154
155
149
134
132
137
143
156
152
155
153
153
151
151
150
153
149
150
154
153
151
155
154
150
156
157
148
155
163
159
171
161
157
161
155
153
158
158
150
145
146
148
147
142
142
128
136
137
134
139
142
148
143
147
149
145
141
138
135
137
138
144
146
144
141
140
142
142
142
140
141
142
149
164
170
164
155
154
155
153
153
160
156
147
148
158
155
75
199
142
135
139
147
167
158
154
149
146
141
140
138
143
144
133
131
