-436205637
1008
2512
2005
3028
4051
-201322057
-201320299
3
1534
2557
3580
4573
5596
6107
7130
261
768
3
265
768
11
781
256
17
277
768
27
795
768
35
803
768
43
807
256
45
297
768
43
293
768
23
279
768
5
-838859808
-838859297
-1744828480
-1744827712
17
261
256
25
781
768
33
787
256
37
281
768
39
797
256
41
281
256
27
269
768
-262693
-261670
-261159
-260136
-704902243
-704901220
-704900947
768
31
281
256
37
799
768
47
293
256
49
291
256
41
285
768
23
269
256
1023
-393237
-393230
261
256
13
775
768
21
781
768
29
789
256
39
797
256
47
289
256
51
803
256
41
283
256
23
777
256
2049
489
1000
1991
2502
3501
4012
4268
23
281
768
33
291
768
41
807
768
43
807
256
41
289
768
23
275
256
507
496
1007
-1314341
-269024327
1008
-1275066434
-1275066427
267
256
13
273
768
19
279
768
29
799
256
39
293
768
45
297
256
43
807
256
31
283
768
9
495
1519
2008
3031
4026
4537
5536
6559
7055
8064
8563
2031
-1842247
-1842226
263
256
29
271
768
37
789
256
41
795
256
45
795
256
39
789
256
21
263
1023
-652901
1015
45
797
256
47
797
256
35
789
256
19
773
-2919234729
-2919233706
-2919233673
285
256
13
269
256
-369098284
-369097261
-369096270
-369094250
-369093739
-369092716
-369091709
499
495
-268699685
-268698684
-268698173
-671350351
-671350332
781
256
25
273
768
25
275
768
29
273
256
15
265
256
1023
1042
793
768
29
285
768
37
805
256
43
295
256
43
805
256
29
793
256
5
511
1022
1278
35
785
256
43
793
768
51
799
768
55
797
768
45
279
256
23
775
2028
-3549753
-3548756
-3547733
-3546710
-3545687
-3545176
256
7
257
768
13
261
768
17
267
256
27
785
256
35
281
768
43
799
256
49
801
256
51
801
256
41
281
256
21
265
233
1281
1766
2277
3300
4299
5322
6321
6832
7343
8366
8877
768
7
261
768
13
779
768
21
273
768
27
277
768
29
793
768
27
277
256
19
269
256
1023
1294
1023
259
256
7
777
768
15
271
256
23
791
256
33
285
256
39
289
256
41
801
256
29
281
768
9
-270015016
511
536
275
256
3
511
2557
3580
3851
1019
265
768
5
269
768
17
787
768
23
793
256
33
289
768
37
803
768
39
293
256
31
797
768
13
781
768
511
-469760527
-469759510
507
1021
-402652204
-402651181
-402651138
289
256
41
287
768
29
789
768
5
493
1516
2539
2546
773
256
17
265
256
25
271
768
33
789
256
37
795
256
43
285
768
35
791
256
17
265
768
1023
1534
2535
3046
3339
256
39
285
256
19
269
256
511
1534
2021
3044
3309
768
11
783
256
17
789
256
29
285
768
35
803
768
43
805
256
39
291
256
25
791
256
1
511
-392213
-391436
768
29
787
768
33
281
256
39
285
256
39
795
768
31
275
768
11
259
-132135
-131652
-130629
-436337267
-436336756
-436336747
261
256
17
269
256
25
275
768
35
283
768
41
801
256
49
803
768
49
289
768
39
281
768
15
773
1023
1534
-503314486
-503312468
-503311957
-504365673
-504364650
-504363627
-504363116
-504362605
-504361582
-504361097
-504360074
-504359585
-504359074
-504358803
1015
271
1019
768
11
787
256
21
281
256
27
287
768
37
293
768
37
801
256
29
285
768
9
1023
2065
257
-790546
-789523
-789267
9
265
768
19
785
256
27
281
256
35
285
768
37
799
256
35
281
768
19
781
768
-2631227
-2630716
-3123192036
-3156745972
-3156745485
-3156744974
-3156744973
769
768
9
261
256
13
265
768
23
785
256
31
793
768
37
285
256
39
797
256
33
791
256
17
265
256
1023
1512
2023
2279
33
793
256
41
285
768
41
287
256
37
795
256
21
777
256
511
996
1507
-5786749
-5785981
31
279
256
11
261
497
-2762806
-1010448001
-1010447954
805
256
35
793
256
13
777
-524306
-523283
-522260
-522004
43
293
768
47
805
256
43
801
256
27
785
768
1023
1534
2302
11
265
256
17
783
768
25
789
256
35
797
256
43
291
256
49
293
256
47
805
768
37
281
256
15
261
256
17
791
768
27
797
256
31
801
768
35
289
256
21
281
256
9
1009
1506
-268502055
-268501544
-268501033
-268500544
-268500033
-268499762
1017
271
1019
768
9
271
768
17
789
768
23
793
768
31
797
256
31
797
256
19
277
256
5
1023
2046
2302
7
269
768
17
275
768
25
283
768
33
289
256
39
805
256
45
295
256
41
801
256
21
275
768
-436994634
-436993611
-436993355
23
781
768
27
275
256
29
789
256
27
789
256
23
781
768
1023
2046
2557
3068
3579
3874
768
49
291
768
35
283
256
13
261
-201326096
-201325835
256
11
781
768
17
273
256
25
793
256
33
289
768
41
293
256
43
805
256
39
801
256
19
273
256
511
1522
1023
1279
5
261
256
9
267
256
17
785
256
25
279
256
35
801
256
41
291
256
47
809
256
45
289
256
31
279
768
7
-1183766
-1181252
-1746010778
-1746009304
511
538
281
768
29
795
256
25
279
768
13
269
256
501
-1314847
-1313850
-1313339
-1313322
781
256
25
275
768
35
795
768
39
801
768
45
289
256
43
797
768
27
271
256
1007
-1315359
-1315103
7
771
256
15
777
768
21
269
256
29
791
256
35
283
256
39
287
256
33
793
768
21
269
256
-167771666
-167771181
-167770158
-167769647
-167768624
-167768577
289
256
37
277
256
15
261
511
-335543328
-335543072
45
797
768
49
287
256
43
793
256
25
265
256
-1317933
-1316910
-1314864
-1313871
-1312848
-1312361
-1311338
-1311317
789
256
27
285
768
37
289
256
41
289
256
37
801
768
17
273
768
511
2557
11
785
256
21
279
768
29
799
256
35
803
256
41
805
768
33
799
256
17
785
256
511
994
1505
2528
2529
775
256
7
781
256
17
787
256
25
283
256
31
801
256
39
293
256
43
293
256
33
285
256
17
269
256
929
2463
3462
3973
3978
773
256
9
265
768
17
783
256
23
277
768
27
793
256
31
795
768
31
281
256
19
271
256
-805305413
-805304902
-805303879
-805303098
768
17
789
256
27
283
768
31
287
256
35
797
768
31
285
256
19
271
768
1023
1510
2533
3302
768
15
773
256
21
779
768
31
277
256
39
281
256
45
797
256
43
285
768
33
787
256
511
1023
2020
2531
3554
4555
5578
6063
6574
7569
8592
9615
9871
29
275
768
2465
3488
3769
768
35
797
256
31
795
256
33
789
768
7
263
1023
1030
257
768
11
261
256
19
777
768
27
785
768
35
793
256
45
289
768
49
801
768
49
801
768
33
273
256
11
-656914
-656431
-655920
-655409
-654641
37
289
256
39
805
256
35
285
768
19
781
768
1023
1534
2045
2813
13
785
256
21
283
256
29
287
768
37
805
256
41
805
768
35
287
256
13
271
256
1502
2013
2494
4285
35
801
256
41
295
256
45
809
256
45
293
768
27
789
256
5
501
982
1493
1510
259
256
21
775
768
31
273
768
39
791
256
47
281
256
45
795
768
39
789
256
21
773
779
256
11
785
256
17
793
768
29
287
256
37
801
768
39
291
256
29
285
768
11
267
256
481
992
1021
793
256
27
277
256
13
265
256
1023
1534
2533
3044
3325
256
37
793
768
33
279
256
19
265
256
1007
2030
4029
4530
5007
6030
483
1506
2391
271
271
917
546
953
538
973
772
1283
1794
2797
3820
4307
1994
2505
3776
4799
4812
269
768
19
273
768
29
281
768
37
797
256
41
289
256
35
795
256
19
269
768
491
1514
2511
3022
3278
5
773
256
15
269
256
23
785
256
31
795
256
39
797
256
47
803
768
47
801
256
33
279
256
11
261
1023
-234879527
-234879016
-234878760
17
277
768
25
797
768
33
801
256
39
803
256
33
287
768
21
277
256
1023
1508
1781
768
15
265
256
1023
-1039158915
-1039157892
-1039156881
-1041133244
-1041132245
-1041131222
-1041130454
19
789
768
27
797
256
35
291
256
37
805
256
37
289
768
27
791
256
3
-394260
-403046466
-403045955
-404886634
-404885829
768
47
805
768
41
797
768
23
781
256
265
768
25
273
768
25
789
256
27
791
768
29
277
256
21
779
768
-326172
-267712032
-268569129
-268568868
256
11
265
256
21
785
768
25
791
256
27
795
768
31
795
768
27
279
256
11
779
768
1023
-2046818931
-2046818420
-2046817652
41
793
768
25
781
256
-1053718
-1052695
-1051672
-1050649
-1049881
33
801
256
33
797
256
27
281
256
7
279
256
47
797
768
55
801
256
53
287
768
41
277
768
17
769
1023
1506
2017
2528
3551
4332
256
27
279
256
39
287
768
43
801
768
41
283
768
23
781
256
496
-168757618
2011
3034
4055
783
1
771
768
7
263
768
11
781
256
23
789
256
27
793
256
33
799
256
37
287
256
33
283
256
17
269
256
1007
-536343088
-536342823
768
13
783
256
19
277
256
27
285
256
37
291
768
45
295
256
45
293
256
31
283
256
11
777
1000
1256
27
789
256
11
265
256
489
1512
-268000670
233
-1461557
511
1534
2021
3044
3045
779
256
9
785
256
17
793
768
27
289
256
35
291
256
39
293
768
31
797
256
11
1002
1409
-369095312
-369094801
-369093778
-369093267
-369092996
1017
263
256
5
269
256
13
275
768
23
283
768
29
801
256
37
805
768
41
293
768
31
799
768
11
269
256
19
273
256
9
261
-268237340
-1185317
-1183783
-1183522
256
17
779
768
27
787
256
33
791
256
35
791
256
29
273
256
13
257
-402652193
-402651682
-402650659
-402650150
2022
2533
2552
775
768
23
271
256
33
277
768
39
793
768
39
791
256
31
273
256
17
771
-789526
-788503
-788004
-787493
-2316042425
-2316041402
-2417493729
-3726115629
-3726114606
-3726113583
-3726113072
-3726112304
27
793
768
35
797
768
43
799
768
39
283
256
23
783
768
489
1512
2533
7
773
256
9
265
256
19
273
768
23
789
256
31
285
256
37
287
256
35
797
256
27
787
256
5
1023
1534
1537
773
768
9
777
768
17
781
256
23
789
256
27
797
256
39
289
256
43
289
768
41
287
256
27
789
768
11
-1184790
-1183280
-1182257
-1181266
-1180755
-1180272
-1179249
-705821332
-705820329
-705819306
-2148658908
-2484202762
-2484202251
-2484201228
-2484200972
23
781
256
31
789
768
39
283
256
41
793
768
33
277
768
13
259
511
1528
1021
1023
2046
3069
3340
1023
5
261
256
9
777
768
15
271
256
21
789
256
33
285
256
39
293
256
45
805
256
41
291
768
29
281
256
9
261
1015
1783
1023
3038
5025
5060
799
256
39
289
768
33
283
256
17
269
768
997
1508
2531
3042
3553
4342
768
35
789
768
25
777
256
1023
2031
4556
4817
256
13
775
256
21
269
256
29
789
768
35
283
256
39
287
768
41
797
256
33
791
768
15
263
511
1512
2023
2050
277
256
39
281
768
45
289
256
47
801
768
37
793
256
19
777
1023
2040
3063
3072
769
256
15
777
768
21
781
256
31
277
256
39
795
256
49
801
256
51
801
256
47
287
256
27
783
256
497
-100662316
-100661805
-100661549
25
793
256
31
285
768
37
287
768
35
797
256
23
275
256
2423
2934
3943
-268963363
-268962340
-268961829
-268961318
-268960295
-521833562
283
256
11
269
256
-1183764
-1182741
-1182710
273
256
39
279
768
49
287
256
55
801
256
55
801
256
39
275
768
19
769
1023
1504
2015
2526
2801
768
25
795
256
37
801
768
41
289
256
39
289
256
23
785
768
3522
4329
256
53
291
256
37
275
256
15
257
-1006632515
-1006631492
-1006629493
-2484011204
-2484404443
-2484403932
-2484403149
1017
271
1019
9
273
768
17
281
768
27
287
256
35
803
256
41
805
256
35
289
768
17
787
768
1013
1524
1809
256
51
291
256
55
549
55
289
256
41
279
256
21
257
-526870
-657480
-655456
-264539909
153
1061
197
273
1260
1938
3148
256
11
271
768
19
791
256
25
793
768
25
285
768
25
277
768
11
1009
-535687732
-535686709
-535686690
789
768
27
285
256
37
291
768
43
295
768
45
293
768
33
287
256
15
267
768
1023
2046
3030
-2230844
-2230333
-2230308
793
256
33
287
256
43
805
768
47
805
768
43
803
768
21
785
256
1023
-201326122
-201325866
11
777
768
23
273
768
21
273
256
39
273
256
23
273
256
17
789
768
13
1259
17
773
256
25
265
768
27
265
768
41
269
768
49
789
256
47
277
256
29
781
768
5
773
256
23
261
768
29
265
256
37
265
768
19
775
256
1023
1530
-402654692
239
257
1023
1034
267
256
17
783
768
21
273
768
27
273
768
19
269
768
5
999
1510
1535
275
256
23
787
768
11
265
768
1023
2026
2537
2810
768
33
273
256
21
263
511
1294
256
19
785
256
19
269
768
7
-268434976
-268434495
-268433984
-268433473
-268432682
768
35
279
768
37
281
768
27
273
768
9
1023
2024
2535
3024
4047
4546
1009
768
31
279
256
37
283
256
39
797
256
37
281
256
21
269
256
2011
2030
271
256
23
785
768
25
785
256
23
273
768
7
1003
2026
3545
4056
-1744825496
-1744824473
-1744823705
41
281
256
27
783
256
7
1023
1534
1535
257
256
9
261
256
17
265
256
25
785
256
33
793
256
43
287
768
47
287
256
43
281
256
23
269
256
2046
2527
3038
3549
3582
279
256
43
285
256
49
799
256
53
801
256
41
279
256
19
265
256
769
256
5
259
256
13
265
768
21
269
768
31
789
256
37
795
256
47
799
256
53
287
768
45
283
256
23
267
768
511
1961
511
1534
-1576578
-773327525
-773327269
27
787
256
37
795
256
43
797
768
51
291
768
53
801
256
41
795
256
19
777
457
511
511
767
31
277
768
35
789
256
25
273
256
5
-1973825
-1971808
-1970809
-1970298
-1969793
511
256
13
771
256
19
773
768
29
781
768
41
277
768
49
793
256
59
797
768
53
791
256
35
781
256
507
1514
2025
2812
256
29
775
1023
1534
3027
-469758011
-469756988
-469756477
-469755454
-469754973
-469753950
-469752953
-469752442
-469751957
-469750934
-469750661
768
37
281
256
45
797
256
49
285
256
43
281
768
29
271
256
509
256
15
773
768
19
777
256
27
783
768
31
273
256
29
271
768
17
773
-336465974
-336465463
-336465192
1019
271
1021
261
256
5
265
256
11
783
256
19
279
256
25
283
256
33
799
256
31
795
256
19
275
256
1021
-1579022
-1578021
-1576998
-1576487
-1575988
1023
-369096745
-369096234
-369096207
277
768
31
279
256
25
785
256
11
773
1023
1791
33
793
768
41
797
768
47
801
768
45
797
256
29
277
768
7
-1184278
-1183767
-1182744
-1181721
257
768
1
261
256
9
265
768
19
271
256
27
277
256
33
795
256
43
285
768
47
287
256
37
793
256
15
265
256
927
2461
2952
3975
5483
6506
-1439914
-1439649
256
21
785
256
31
791
256
41
285
768
47
797
256
47
797
768
33
277
256
11
-392211
-391188
-390911
256
23
263
985
259
256
5
773
256
13
781
256
23
785
256
33
281
256
37
795
256
43
797
768
31
277
768
15
777
256
1023
1534
2017
3040
3833
256
45
791
256
33
781
768
509
-789512
-789001
-788490
-787469
-1073740882
-1073739859
-1073739828
789
256
39
285
256
43
285
256
43
795
256
29
785
256
9
917
2963
2970
773
768
15
779
768
21
271
256
29
279
256
39
795
768
49
801
256
53
803
768
53
289
768
35
789
256
13
259
1023
1534
2553
1023
801
768
49
291
768
47
289
256
33
791
768
11
-436206644
-436206159
-436205136
-436204647
-436203624
-436202825
256
43
289
256
49
805
768
43
287
256
25
273
768
1242
-1202497
791
256
39
793
768
43
283
256
37
277
256
13
775
1789
53
805
256
45
799
768
21
783
256
17
783
768
25
789
256
31
793
256
31
793
768
25
787
256
7
1023
2046
3069
3837
29
793
256
39
281
256
41
283
256
29
277
256
7
-268434473
-268434217
51
803
256
49
801
256
33
275
768
9
257
511
1006
2029
3563
-917031
-916520
-916009
-1837631
-1836863
37
791
256
29
273
768
13
261
487
998
1783
256
27
281
768
35
795
256
41
287
256
37
283
256
19
271
256
-787474
-786967
511
1528
2013
2524
2780
13
777
256
21
267
768
33
789
768
41
793
256
47
799
256
51
285
256
41
789
256
17
769
-527399
-526376
-2080900258
-2080899747
-2080898979
511
-1183285
-1181267
-1180244
-1179733
-1178710
-2231916
-2231405
-2231384
775
256
31
779
256
35
269
768
33
265
768
1021
1001
2024
2039
777
768
1023
2022
2533
3524
-268432480
-268957814
-268957558
39
281
256
45
285
768
53
289
256
51
799
768
39
277
256
15
261
2277
256
25
275
256
33
793
768
39
281
256
35
279
256
21
271
256
511
1534
2557
3068
3073
257
256
9
261
768
17
779
256
25
783
256
29
787
256
31
791
256
35
277
256
21
779
256
487
998
1509
256
9
773
768
15
777
768
23
781
768
29
785
768
33
791
256
33
275
768
21
779
256
-371728993
-371728482
-371727713
768
5
771
256
11
263
768
17
269
256
25
787
768
31
281
256
41
285
768
47
801
256
45
797
768
31
277
256
11
773
2046
3069
3554
4577
5358
256
25
783
256
27
273
256
29
273
256
17
261
1001
2024
2509
3532
4555
256
15
271
768
27
791
256
33
285
768
43
291
256
47
801
256
45
289
768
27
277
256
5
511
-5131895
-5131846
289
768
39
793
768
21
269
768
511
1506
2529
3040
5086
5365
768
43
793
256
39
279
768
21
781
256
-2852125854
-2852125343
-2852125087
17
257
-201325584
-201324587
-201323564
-201322541
-201322030
-201321519
-201321032
-201320521
-201319498
-201319242
53
283
256
37
273
256
-469761614
-469760591
-469759596
-469758573
-1744826568
-1744825545
-1744824777
17
271
256
25
787
768
35
281
256
43
285
256
39
285
256
31
275
768
9
-234880552
-234879529
-369096783
-369096272
-369096005
3011
3018
771
256
15
773
256
23
271
256
29
787
256
35
791
256
33
787
256
21
267
768
2499
3010
3779
1023
1534
-536868386
-536867363
-536866876
-536866365
-1509943947
-1509942924
-1509942889
789
768
41
793
256
41
281
256
35
277
768
21
265
768
1008
2011
1008
1519
2030
2541
2798
768
15
261
256
23
267
768
29
785
256
37
275
256
37
785
768
27
779
256
509
1001
2024
2027
773
768
5
263
256
11
269
256
15
785
768
29
793
256
35
799
768
41
291
768
45
803
768
37
285
768
19
781
256
495
-536807986
-536807475
-536807219
33
789
256
43
793
256
51
287
256
53
799
768
51
283
256
29
267
256
1023
1510
2021
2510
3533
4044
5067
6090
7113
8136
8929
768
47
285
256
45
793
256
33
781
256
505
1016
1239
1273
2041
181
1065
245
279
257
281
769
1906
1519
1762
773
1029
991
-2103902
-2102903
-2102392
-874516663
-874516152
-874515384
29
275
256
31
789
768
27
785
768
13
773
-3420197
-3420188
257
768
17
263
768
25
269
256
33
277
768
37
793
768
45
283
768
41
281
256
31
271
768
11
257
511
1022
1001
1512
2008
2501
-257083952
-257083943
263
768
19
785
256
27
789
768
33
795
768
37
795
768
35
281
256
17
779
256
-369097746
-369097479
256
35
787
768
43
791
256
51
797
256
53
285
256
47
791
256
27
777
511
-1578519
-371072084
-371071573
-371070069
-371069582
-371068559
-371067536
-371066513
-371066504
269
256
21
277
768
27
791
256
35
797
768
31
793
256
19
785
256
1023
487
998
1501
2012
2268
11
1007
2030
2798
195
1796
777
256
21
273
768
29
789
256
35
791
256
31
787
768
21
779
768
-790569
-789570
-788547
-788036
-787525
-143426689
1008
-101647693
-101647182
-101647155
279
256
37
285
768
45
289
768
47
803
768
37
281
768
17
265
256
511
1022
2023
2534
3531
4554
-436202568
-436201800
37
281
768
43
285
256
49
801
768
49
285
256
35
787
256
9
769
-436207122
-436206635
-436205612
-436204589
-436204078
-436203567
-1342172270
-1342171759
-1342171716
797
256
33
277
256
17
261
3033
3289
19
277
768
27
281
768
33
285
768
37
283
256
37
281
768
23
271
768
-516453469
-516453200
768
9
273
256
19
281
768
25
797
256
31
287
256
23
793
768
9
-1241512594
-1241511826
11
773
768
19
267
768
25
785
256
35
281
768
45
285
768
51
289
256
51
799
768
43
791
256
19
773
1023
-134216233
-134215210
-134214423
768
33
281
768
41
797
256
41
281
256
29
273
256
5
487
998
2021
261
768
5
265
256
15
783
256
23
277
768
27
793
256
33
795
256
31
281
768
13
269
256
495
-268108329
-268107818
256
5
257
256
9
773
256
13
265
768
17
273
768
29
277
768
37
285
768
45
801
768
47
293
256
45
285
256
27
273
256
995
2018
3041
4064
4575
4860
768
47
801
768
47
285
256
29
785
768
287
257
307
279
769
1009
3435
3946
4457
4942
5965
6008
287
256
23
785
768
773
256
29
269
768
33
273
256
41
279
768
41
279
256
39
785
256
21
773
511
2045
2534
3045
3301
11
781
256
19
785
256
27
283
256
37
797
256
43
291
768
43
291
768
35
283
256
15
265
256
913
-269751481
-269751225
11
261
256
23
269
256
29
785
256
37
281
768
39
795
768
43
797
256
31
785
256
11
259
1023
1534
2027
2538
-234877491
-234876484
-234875693
768
29
793
768
29
791
256
13
267
768
485
996
1255
256
7
775
768
15
271
256
23
279
768
33
283
256
41
285
768
39
797
256
21
785
768
1407
2430
3453
3942
4453
5474
1023
769
768
9
265
256
15
269
768
23
787
256
27
277
768
33
281
256
29
789
256
17
781
256
499
1522
2011
2522
3545
4026
15852549
993
2015
2783
45
799
256
49
801
256
53
801
256
43
281
256
23
777
997
1508
2525
511
256
11
261
768
21
265
256
25
781
768
25
269
768
27
265
256
13
769
511
1000
2023
2026
265
768
9
269
256
17
277
768
25
795
256
35
799
768
41
289
256
39
801
768
21
787
256
1
937
2471
2728
256
13
261
768
19
265
256
29
273
256
37
279
768
47
797
256
51
799
768
49
285
256
29
783
256
511
1022
1511
2022
2505
3016
3527
3783
45
285
256
43
281
256
27
269
256
511
1520
2011
3034
3519
4542
-738191997
-738190974
-738190718
19
781
768
25
785
256
31
279
256
35
281
256
33
793
256
25
783
256
5
259
-130816
1023
769
256
5
261
256
13
267
256
21
273
768
27
281
768
37
287
256
43
289
768
43
801
256
29
789
256
9
-335543850
-335542827
-602891946
-602891437
511
532
269
768
27
277
768
39
281
768
45
287
768
47
287
256
35
281
256
17
777
487
998
1540
899
1056
937
1566
969
1798
2821
3332
3843
4840
5351
5607
47
799
768
35
277
768
15
261
1011
2034
2825
256
17
779
487
998
1766
15
269
256
23
789
768
35
281
256
43
801
768
47
291
256
49
291
768
35
281
256
13
1935
2958
-3154086
-3153063
-3152552
-3151529
-3150524
-3150013
-3147968
-70255826
-70254803
-71439079
-71438594
-71438083
-71436571
-71436060
-71435773
256
41
801
256
43
801
768
29
281
768
11
263
1023
1279
29
787
256
31
793
768
31
793
768
31
277
256
17
779
768
-2237993
-2236992
-2235969
-2235968
771
256
5
773
256
13
781
256
19
787
256
29
793
768
37
285
256
39
285
256
33
281
256
11
777
768
479
-1312838
-1311839
-1310816
-1309297
-1308276
1
771
256
3
775
256
11
781
768
17
273
256
27
793
256
31
287
768
39
803
256
41
289
768
31
283
256
13
779
768
-261648
-261621
783
768
33
279
256
43
283
768
49
289
256
53
801
768
45
793
256
25
777
256
-789524
-789013
-788014
-787503
-786714
256
15
775
511
1022
1278
21
261
768
29
269
256
37
785
256
43
279
768
43
277
256
39
273
256
21
261
1023
2466
3474
3985
3992
777
256
15
273
768
23
789
256
31
285
256
41
289
768
43
289
256
39
285
256
21
785
256
511
1022
1279
256
17
773
256
23
779
256
31
783
256
39
281
256
47
797
256
51
285
768
45
281
768
25
779
256
-335543850
-335542827
-335542340
-335541317
-335540248
239
261
-251002520
2458
2954
4224
256
9
495
-3024434
-3023411
-3022628
1023
773
256
5
265
256
13
273
768
23
281
768
31
287
768
37
293
256
45
295
256
41
801
768
25
277
256
1
483
994
2017
2026
773
256
15
267
256
23
783
256
33
277
256
39
797
256
49
801
256
49
801
256
41
283
768
21
267
256
1454
993
1504
-2645608
256
27
279
256
31
793
256
31
793
256
19
271
768
5
511
1022
2526
3015
3526
3801
256
31
793
768
35
797
768
37
797
256
29
277
256
11
773
256
47
285
768
37
789
256
17
775
256
-201326124
-201325613
-201324590
-201323567
-201322544
-201322049
-201321538
-201321027
-201320516
-201320473
797
256
47
285
768
43
281
768
23
267
256
-922134
-920213
-919190
-918697
-1313996
-1312973
-1312717
19
269
768
29
793
768
37
285
768
43
289
256
49
289
768
47
801
256
29
785
256
9
511
-872413766
-872413255
-872412999
37
281
256
15
263
-262186
-261163
-260674
-260163
-259907
29
279
768
9
1023
1506
2529
3526
4037
4328
256
41
293
768
45
805
256
33
795
256
13
267
256
1009
-403046440
-403045417
-403045398
775
768
27
781
256
35
277
768
37
791
256
39
281
256
31
785
256
15
771
1021
1234
1265
1762
-2106940
-5527672
-2220119263
-2220118264
-2220117241
-2220116985
7
777
256
13
271
256
23
789
256
33
281
256
41
289
256
45
289
768
41
285
768
19
269
256
1023
2046
2557
3068
3101
789
256
25
269
768
999
1510
2533
3316
3
265
256
11
271
256
17
277
256
25
797
256
33
287
256
37
801
768
31
795
256
11
269
256
1023
2046
2537
3560
-1310803
-1310292
-1309289
-1308778
-1308751
795
256
35
799
256
39
801
256
37
285
768
23
277
256
7
1534
2557
2813
-263721
-262698
-262689
775
256
17
781
256
21
273
256
25
789
256
19
273
256
13
265
256
485
1508
2505
3016
3272
27
277
256
33
281
768
39
283
256
31
789
256
15
267
256
-335543845
-335543578
256
29
271
768
37
791
768
39
791
256
37
789
256
23
777
768
485
1508
1995
3018
3274
9
265
768
19
785
768
23
789
256
33
793
256
35
281
256
29
277
768
11
265
256
1023
2046
2311
256
23
271
256
31
789
768
37
283
256
45
285
256
43
283
256
27
785
768
485
996
1495
1013
505
503
31
787
256
25
269
768
11
769
485
996
1995
3018
3059
801
256
39
799
256
25
279
256
5
271
1011
-262691
-261923
15
775
768
25
783
256
33
789
768
41
795
768
45
281
256
43
279
256
21
777
256
1534
3535
4046
4557
4558
771
256
9
775
256
13
781
768
21
785
256
33
793
768
39
797
256
43
801
768
45
287
256
31
277
256
11
-1184276
-1183777
1007
1518
2541
3538
4049
4314
768
25
783
768
33
277
768
41
283
256
47
285
768
43
793
768
23
267
256
511
1512
2535
3046
4041
5064
5832
33
789
768
45
283
256
51
797
768
49
281
256
31
269
768
509
-234880548
-570423858
-570423371
-570422860
-570421837
-570421326
-570421313
259
256
21
775
256
27
781
256
35
275
256
41
277
256
39
785
256
29
779
768
509
1023
2020
2531
3554
4555
5578
6089
7112
7623
7652
275
256
7
-1184278
-1182258
-1181771
-1180748
-1179980
45
793
256
47
279
256
39
785
768
15
771
487
1510
2293
1023
259
256
5
775
768
11
269
768
21
275
768
33
791
256
31
281
256
27
277
768
11
265
768
-603978809
-605293645
-605293389
11
267
256
17
785
256
29
791
256
33
283
768
43
287
256
41
285
256
27
275
768
5
2267
768
29
271
256
39
789
768
49
795
256
51
795
768
47
281
768
27
777
256
511
-369097257
-370280511
-370279488
-1007812729
-1009127567
-1009126799
37
799
768
41
801
256
35
797
256
17
271
256
-269752393
-269751370
-269750593
768
15
783
256
25
277
256
33
795
256
39
287
768
43
799
256
39
795
256
19
779
768
-1449515
-1448520
-1447497
-1446474
-1511394978
-1511394489
-1511393978
-1645611210
-1645610699
-1645608783
-1645607760
-1645606757
1008
1519
-838858800
-838858773
275
256
37
281
768
35
789
768
27
781
256
9
257
1011
1498
2521
3544
4567
4823
13
777
768
17
785
256
23
791
768
35
795
256
39
287
768
35
281
256
15
271
256
-1052180
-1051924
23
265
768
31
785
256
41
281
768
47
797
256
51
285
768
45
281
256
27
265
256
-536870452
-536869455
-536868432
-536867409
-536866898
-637529198
-637528195
-637527172
-637526916
13
257
768
21
265
256
27
269
256
35
275
256
39
791
768
39
787
256
27
777
256
511
1534
1790
21
267
768
29
785
768
31
275
768
33
275
256
21
265
256
-402652746
-402651723
-402650700
-402650189
-402650162
777
256
-134217246
-134216247
-134215736
-134213718
-138818184
-138817703
-138817192
-138816193
-138815170
-173553895
-173553408
-173552897
-173552636
256
21
781
768
27
785
256
35
789
256
35
273
256
27
271
256
13
769
997
1508
1995
3018
3274
35
797
256
19
785
256
1487
3990
487
1510
2291
768
5
271
1019
783
1023
265
256
9
269
768
19
275
256
29
281
768
37
801
256
45
289
256
49
291
256
35
793
256
13
267
768
997
1508
1993
2504
3015
4016
5039
6062
6549
7572
7593
785
768
31
793
256
37
797
256
45
799
768
47
797
768
37
793
256
13
265
256
511
1534
1790
51
791
256
37
781
256
19
257
-131090
-130067
-129044
-128533
-128277
33
277
256
39
797
256
43
285
256
43
285
256
31
275
768
13
771
-201326110
-201325599
-201324604
-201323581
-218828919
-218828408
-218827897
-218826874
-218826097
256
-2147482710
-2583689318
-2583688317
-2583687806
-2583686793
-2583685770
-2583684747
-2583684236
-2583684199
791
256
45
795
768
49
287
768
49
795
256
35
275
256
17
771
-791595
-791084
-790828
27
277
256
33
281
768
35
283
256
29
277
256
11
263
1023
-268104740
-268103717
-268103230
-268102207
-268101950
768
17
263
256
23
781
768
33
785
768
37
275
768
39
275
256
27
267
256
993
1504
2501
3524
6009
6520
7311
256
45
795
768
37
275
256
19
777
256
-2181037146
-2181036657
-2181036146
-2181035637
511
1534
2045
256
5
257
768
13
773
256
19
779
256
27
785
256
35
791
256
45
795
256
51
799
256
51
287
256
35
277
768
17
261
481
1760
23
781
768
31
277
768
37
279
256
43
281
256
39
789
256
21
267
768
1013
-919107
-918622
-917599
-915574
263
256
17
267
768
27
275
256
31
789
256
37
279
256
31
275
256
19
265
768
499
-268437539
-637535285
-637535276
771
256
15
265
768
21
269
256
31
277
768
39
281
256
45
797
768
49
287
256
45
283
256
27
269
256
1013
-336199726
-336199215
-336198212
-344224951
-344224664
768
51
801
768
45
283
256
27
271
768
1023
1036
263
768
19
269
768
29
275
768
39
793
256
43
793
256
41
797
256
35
273
256
15
261
495
-2630192
-2629681
-2629194
-2628171
-2627380
256
21
777
511
1022
1023
1798
256
17
781
256
29
277
768
35
793
256
45
281
768
41
281
256
27
785
256
1519
2008
2519
3030
256
3
261
256
7
777
256
17
269
768
25
275
256
35
795
256
43
799
768
49
289
256
45
285
768
27
273
256
1005
495
-792105
-791594
-790805
256
39
281
256
43
793
256
33
787
256
11
-369096272
-369095249
-369094472
768
19
781
768
29
789
768
39
795
256
47
289
256
51
289
256
51
289
256
35
789
768
13
261
1023
2016
2527
3295
17
269
256
29
789
768
35
795
256
39
793
256
35
789
256
15
777
229
259
496
1007
1030
273
256
3
287
768
43
277
768
19
773
726
784
261
1023
-838857791
-838857280
-838857024
29
783
256
39
279
256
47
281
256
53
285
256
47
789
256
29
779
256
1023
1534
2013
4059
4064
775
256
13
269
256
17
787
256
27
791
768
33
795
256
31
281
256
21
275
768
3
-402652722
-402652211
-402651188
-402650911
768
37
797
768
45
801
256
51
801
768
43
285
768
21
781
256
-1711141
-1710630
-1709607
-1709351
27
283
768
35
285
256
45
803
256
45
291
256
37
287
256
15
269
256
1023
1534
2045
2556
2827
5
775
256
11
267
768
15
785
768
27
793
768
35
283
256
41
285
256
35
281
256
21
783
768
1023
1506
2529
3552
4575
5346
256
13
777
256
17
269
768
27
789
768
35
793
256
43
287
256
49
803
768
51
801
256
35
279
768
15
263
1023
1050
787
256
5
1005
-3681865
-3681594
1023
771
256
3
265
256
11
265
256
19
275
256
31
281
256
39
799
256
47
293
256
49
803
768
35
283
768
11
265
256
1001
1512
2009
1009
487
1510
-919598
-1074660476
-1074659453
-1074658685
31
793
256
41
799
256
47
289
768
49
803
768
37
793
256
15
777
256
511
1306
256
29
783
256
2018
2529
3038
1001
1512
-301987396
-301986885
-301986374
-301985863
-301985376
-301984353
-301984097
13
779
256
17
273
768
27
789
768
33
281
768
35
283
256
29
791
256
13
265
768
1023
1298
768
37
791
256
47
285
768
53
799
768
53
287
768
39
787
256
17
261
1023
1804
256
511
-1577031
-1576008
-1575525
-1574502
-370672774
496
752
499
1007
1782
256
19
781
768
25
273
768
33
789
768
33
277
256
31
789
256
17
265
768
1023
1791
5
263
256
13
269
768
23
275
256
29
281
256
37
797
256
41
797
256
33
793
256
13
777
256
1023
256
15
261
768
21
265
256
31
273
256
35
275
256
37
277
768
31
783
256
17
771
-790548
-1844266
-1843785
-1842279
-1841256
-1840771
-1840260
-1839979
256
21
271
256
-1052709
-1052198
-1052159
801
256
45
289
256
41
287
768
23
273
768
3
-402652686
-402651915
271
873
1564
885
546
909
1058
941
542
971
1284
1773
2796
-201322788
-201321765
-201321480
768
45
797
768
37
791
256
15
775
-922663
-921668
-920645
-919622
-919111
-917339
256
41
797
256
45
287
256
33
789
768
13
1023
2024
2535
3026
3537
3570
793
256
13
265
256
-201325199
-202640037
-202639014
-571737300
-571736277
-571736242
283
256
43
285
768
47
287
256
39
281
256
19
779
768
1508
2531
4065
5071
-2415913643
-2415913132
-2415912876
33
785
256
9
511
996
1507
2500
-804515974
-804515463
-804514695
43
287
256
45
799
256
33
791
768
13
773
493
-1183291
-1182268
-1181245
-1180477
3
265
256
11
781
256
19
787
256
27
283
768
35
287
256
45
801
256
47
293
256
39
797
768
17
271
256
1003
2026
3021
4044
5045
5556
6577
768
9
269
256
17
789
256
25
795
256
35
289
256
41
291
768
43
803
256
29
277
768
9
495
1518
3301
4069
33
273
768
33
273
256
15
775
487
1510
2517
3540
3965
5499
6010
7033
7304
1021
256
7
271
256
17
277
256
25
281
256
33
289
256
41
805
256
45
293
768
41
289
256
23
277
768
1
-525330
-524555
256
7
779
256
15
785
768
23
279
256
31
797
768
35
287
256
39
801
768
31
795
256
13
783
768
257
768
1771
2794
3562
45
805
256
45
801
256
29
791
256
7
511
-263001902
213
1285
1541
17
781
256
-268237346
-269095977
-638193747
-638192724
-638192468
7
263
768
15
269
768
21
785
256
23
789
256
31
789
256
21
785
256
9
1023
2046
2827
256
25
271
256
33
791
256
37
281
256
39
793
256
27
271
256
7
-1315346
-1314835
-705956918
-705956662
21
277
768
33
283
768
41
289
768
47
801
256
43
285
256
25
273
256
999
2022
2790
17
261
768
25
269
256
33
785
256
37
277
768
37
785
768
23
777
1023
2018
2529
3552
4063
4831
35
789
768
37
273
768
29
265
768
489
1512
3441
4464
4959
5982
6478
9751
10262
10518
19
267
768
29
781
256
31
273
768
37
785
768
27
777
256
511
511
1534
256
17
773
256
25
779
256
33
783
768
39
789
256
45
789
256
37
273
256
19
257
-3549742
-3549231
-3548720
256
5
257
768
9
261
256
17
267
256
27
785
768
35
277
256
43
795
256
45
285
256
43
793
256
25
269
256
511
992
1503
2502
3525
4548
5345
768
45
795
256
31
783
256
511
1279
31
787
256
33
275
256
29
271
256
11
771
995
2018
2501
3524
3553
783
256
21
779
768
9
1013
-1578529
-1578248
768
41
791
256
19
263
256
483
994
2017
3010
3521
3777
29
273
256
19
265
256
1023
1279
47
795
768
43
793
768
27
267
768
997
1508
2019
3014
4037
-3942510
-4994692
-4994647
799
256
35
277
256
15
775
1494
1023
1284
768
25
267
768
33
787
256
37
789
768
39
279
256
39
787
768
25
265
485
1508
2531
4577
5088
6087
6598
7621
8132
256
7
261
768
17
269
256
25
273
768
33
277
768
37
793
768
33
789
256
11
-1447450
-1446449
-1445938
-1444915
-1444404
-1444387
773
256
21
777
256
31
785
256
39
793
768
47
285
256
47
797
256
43
793
768
27
777
503
-655908
-655421
-654398
-653375
-652352
-651584
19
269
256
493
1516
2539
3540
4051
5064
75
1033
171
1589
237
297
257
305
779
1001
2024
3047
511
1534
2025
3048
4071
5094
5862
29
281
256
39
289
768
47
803
768
47
291
768
33
793
256
11
267
256
511
1534
1023
1534
2533
3556
-268431404
-268430893
-268430388
501
768
13
773
256
23
265
768
31
273
256
35
787
256
39
277
256
31
781
256
13
257
1023
1284
256
9
265
256
17
271
256
27
789
256
35
797
256
43
799
256
47
289
256
41
283
768
19
269
256
1023
1808
768
33
785
768
31
275
256
19
267
768
511
-301988369
-301987346
-301986323
-301985812
-301983292
-301982298
-301981530
33
791
768
27
275
256
9
1947
2970
3993
-5653627
-5652604
-5652058
277
256
41
791
768
39
789
768
21
777
511
1534
2527
3550
5084
6107
6875
47
279
256
37
273
768
13
-1316376
-1315367
-1314856
-1313851
-1312828
-1312783
283
256
49
285
768
45
281
256
25
781
768
-922646
-922135
-921879
39
279
256
47
795
768
49
283
256
39
789
256
19
261
1021
257
256
3
773
768
11
267
256
17
271
256
27
789
768
29
279
256
33
793
256
23
785
768
5
261
-524326
-523303
-523022
256
39
285
768
41
795
256
27
785
256
5
1023
2030
-64035
-436271187
-436270676
-436269653
-436269380
256
33
789
256
37
277
256
37
281
768
29
273
768
13
773
-396306
-396050
11
773
768
17
265
256
25
273
256
33
277
768
39
793
256
39
793
768
33
275
256
13
773
-402652195
-402651939
15
265
256
23
783
256
29
277
256
33
279
768
37
789
768
25
781
256
1023
2042
263
256
9
779
256
19
785
256
27
277
256
33
283
768
35
281
768
21
273
768
1
1013
-921121
-920128
-919105
-918846
768
7
263
256
17
269
256
27
277
256
35
283
256
43
285
256
45
797
256
29
275
768
3
511
1502
2525
3518
4029
-369093258
-369092235
-369091724
-369090727
-369090216
-369089945
1017
1
13
273
256
21
789
256
31
285
256
39
801
768
45
293
768
41
289
256
23
787
256
1
1023
1001
1512
2003
2514
3025
-522305
-521794
-521317
-520295
-520039
21
265
256
511
1508
2019
2504
3527
4014
4525
5819
915
1552
951
1268
495
-525846
-525078
43
289
768
49
803
256
49
293
768
37
793
256
15
265
995
2018
-1314868
-1313845
-1311832
1023
1279
47
289
256
51
803
256
49
287
768
29
273
768
1022
3545
4056
5562
6561
7072
8095
8372
256
41
283
256
49
799
256
51
799
256
39
791
768
19
263
1023
2022
3045
3054
263
768
17
783
256
27
277
256
37
795
768
43
797
768
37
279
256
19
777
995
2018
2023
771
256
15
263
768
23
781
256
33
789
256
39
281
256
49
797
768
53
797
768
41
789
768
17
261
1511
2534
3045
3556
-436203052
-436202541
-436201518
-438437958
-438437447
-1981940390
-1981939367
-1983386301
-1983385306
-1983384795
-1983383772
-1983382749
-1983381726
-1983379706
-1983378683
-1983378427
35
275
256
29
269
256
11
-1447446
-1446449
-1445938
-1445682
15
269
256
21
273
768
29
277
256
33
277
768
29
273
256
11
773
491
1002
1489
2512
3535
3791
21
785
256
29
279
768
39
285
768
43
799
768
47
287
256
35
279
768
15
263
256
511
1442
-788098
-787101
-786078
-786049
791
256
35
281
768
33
791
256
13
777
256
-134216722
-134216466
29
785
768
33
275
768
37
277
768
29
783
256
11
-922661
-705564766
-705564255
-705564244
267
256
21
785
256
31
791
256
39
285
256
45
801
256
47
801
768
33
793
256
15
769
3013
3781
41
275
256
33
271
256
1023
-301989410
-301988409
-301987898
-301986875
-301985367
-301984372
-301983861
-301983826
281
256
41
799
768
45
287
768
39
795
256
23
271
256
-921108
-920625
-919602
-919595
259
768
15
777
768
23
271
256
27
273
256
31
277
256
25
785
256
13
773
-1207958578
-1207958067
-1644164705
-1644164194
-1644163683
-1644163172
-1644162916
25
273
768
33
277
256
43
793
256
47
797
256
41
281
768
21
267
256
-201325604
-201324581
-503313487
-503312976
-503312489
-503311978
-503310979
-503309956
-503309953
769
768
9
261
768
15
779
256
25
273
256
35
277
256
39
279
768
41
793
256
31
785
256
15
773
511
-922700
-922189
-921166
-920398
25
275
256
35
281
768
43
287
256
49
801
768
47
285
256
31
787
768
9
259
-919574
-919063
-918040
-917784
5
777
256
9
265
256
17
785
768
25
279
256
35
285
768
41
801
256
45
291
256
39
799
256
23
785
256
1
1023
-1182251
-1181228
-1181207
787
256
29
793
768
41
799
256
47
289
256
47
801
768
35
793
768
13
777
256
-268235803
-131598
-131099
511
767
25
787
256
31
279
256
37
795
256
37
793
256
25
275
256
9
493
-1314345
-1314312
793
768
41
795
256
47
287
256
41
793
256
25
269
256
-1183760
-1182992
5
773
768
13
777
256
19
783
256
27
277
768
33
281
256
39
795
256
35
279
256
21
781
768
1023
2046
-918548
-918037
-917014
-916017
