22
131
130
135
130
130
132
133
131
130
134
132
129
129
131
132
129
129
133
131
130
133
133
130
128
131
130
129
130
130
128
130
131
131
129
130
132
129
130
131
131
130
132
131
129
130
130
131
129
130
133
131
128
132
130
130
129
131
128
128
130
129
126
130
130
130
128
132
131
129
131
131
130
129
131
129
129
129
132
130
129
131
131
130
131
134
133
132
131
130
130
128
127
129
128
127
124
131
130
126
130
132
130
130
132
134
131
134
134
132
133
135
136
133
138
136
135
135
133
134
134
135
133
131
131
131
129
131
135
129
129
132
131
128
131
130
130
131
135
135
133
135
137
136
135
136
135
138
140
138
137
139
138
137
136
135
135
134
132
133
134
130
131
133
134
131
130
134
130
131
132
133
133
131
134
132
132
137
132
128
131
130
127
129
131
128
131
132
129
130
132
130
130
132
132
131
132
132
129
129
130
129
130
131
133
130
130
133
131
128
129
128
131
129
128
131
133
131
131
134
134
130
129
133
132
129
133
134
130
131
135
135
130
133
132
130
129
132
129
129
131
131
131
128
136
132
126
130
131
128
129
135
131
131
132
132
129
132
133
132
131
136
135
131
134
137
132
133
135
134
131
132
135
132
133
135
135
133
134
135
134
135
133
136
134
129
128
129
133
127
131
131
128
128
135
132
129
130
132
130
130
135
137
135
132
137
137
135
129
132
132
131
128
130
132
127
127
128
130
120
132
132
133
128
130
134
130
133
138
134
134
135
136
134
133
135
132
133
136
131
131
133
133
132
134
132
134
133
133
134
135
132
131
133
133
128
130
133
134
130
130
131
130
129
125
129
132
126
128
137
133
126
137
135
132
136
140
137
135
138
137
134
136
140
137
139
137
137
138
138
138
137
135
136
136
137
134
136
134
135
133
138
136
131
134
136
133
134
138
139
135
137
145
132
133
137
138
98
163
142
136
134
133
134
131
130
133
132
129
132
133
134
134
132
136
134
133
133
134
134
134
130
130
132
132
129
130
133
129
129
108
158
132
134
136
133
136
138
136
133
138
135
136
137
138
141
140
138
137
135
135
138
136
135
135
133
131
134
133
131
131
137
132
133
141
136
138
139
138
136
140
138
135
139
141
140
139
136
139
136
134
139
139
137
137
137
137
134
137
135
132
133
139
138
134
137
136
137
142
139
138
136
138
138
135
134
137
134
131
133
135
87
152
136
134
130
129
135
132
131
133
134
133
130
133
130
129
134
130
130
134
135
135
138
136
138
135
138
135
134
135
135
135
133
134
137
135
136
139
142
141
138
141
140
142
138
138
144
140
138
139
146
140
137
143
140
137
139
140
137
140
141
139
137
140
139
139
136
138
137
135
136
136
139
138
137
136
102
163
139
140
141
136
134
139
139
133
133
140
131
136
138
132
135
142
138
133
134
141
136
134
140
140
137
138
140
136
137
142
143
138
141
143
141
141
142
137
139
139
139
139
136
142
141
139
137
136
140
139
140
139
143
141
141
142
140
143
140
139
139
138
134
134
132
129
126
123
123
127
126
123
126
129
131
128
132
136
132
134
136
136
134
136
137
132
135
136
135
134
133
135
136
138
138
140
138
139
138
138
138
137
135
131
134
134
131
130
136
135
130
134
133
133
131
137
135
131
136
137
133
133
137
133
136
136
137
135
138
140
139
138
136
133
137
135
136
133
136
135
130
132
135
134
131
138
134
132
141
137
137
142
141
136
143
140
135
139
140
139
140
137
134
139
138
136
134
138
138
132
136
140
136
134
139
136
136
142
141
135
139
141
140
136
143
141
140
137
142
141
135
136
140
136
134
141
139
136
140
143
134
136
143
137
137
147
138
138
146
139
141
146
140
140
142
139
136
138
138
134
131
141
136
133
135
136
131
134
138
132
134
138
133
136
141
138
134
141
138
136
141
143
137
138
141
144
142
138
137
140
142
136
138
140
141
137
138
139
133
131
134
136
130
133
142
134
136
143
136
108
160
144
131
134
139
130
132
134
128
135
139
135
138
139
140
137
144
145
144
142
142
143
139
142
139
138
140
137
139
139
138
136
139
140
140
135
134
138
137
133
136
141
138
137
141
136
137
147
146
137
144
141
135
140
147
145
139
143
141
143
143
138
140
140
138
137
143
142
142
138
141
139
135
139
141
138
135
140
140
136
142
143
136
139
146
136
135
142
135
134
137
132
136
134
132
139
137
137
148
143
144
146
144
143
147
145
146
144
143
140
141
138
138
139
139
135
138
136
133
137
136
134
132
137
142
139
139
150
146
141
145
146
143
139
138
141
139
136
138
140
137
140
143
138
138
144
143
141
141
142
115
158
142
142
137
135
139
138
135
139
141
137
134
142
141
136
136
142
137
136
143
140
138
137
142
136
139
141
136
143
139
137
145
143
140
151
146
143
148
148
142
152
150
148
146
145
146
145
142
145
141
139
140
137
138
137
137
134
141
143
139
137
144
149
139
140
142
138
136
141
133
136
140
133
132
140
137
133
141
137
134
142
141
136
143
144
138
141
144
143
140
144
144
148
147
142
144
143
142
141
140
141
139
141
140
144
143
142
139
142
142
139
140
141
136
137
141
138
136
139
144
139
141
142
138
138
142
138
139
134
141
136
133
142
133
133
137
132
138
136
129
131
135
137
136
143
145
147
136
153
144
146
145
145
145
145
142
142
142
142
142
141
144
140
97
169
147
143
143
113
196
155
153
139
137
137
138
133
135
142
136
137
143
143
135
139
141
137
136
147
148
139
149
141
136
139
139
135
132
138
130
130
136
131
133
137
131
137
139
135
140
143
140
143
152
155
154
150
148
155
148
146
146
144
144
143
141
142
140
143
141
141
141
145
141
140
140
146
142
140
138
146
142
138
140
143
135
133
140
140
136
144
142
138
139
142
135
144
144
140
139
144
145
137
147
145
99
173
146
145
143
141
144
142
143
141
145
124
162
142
141
142
135
136
140
141
137
137
141
137
137
139
136
135
139
134
131
134
133
128
138
135
130
138
137
133
140
142
140
140
146
148
139
147
148
147
148
144
144
143
141
142
141
142
143
144
142
142
139
140
139
136
133
137
139
137
137
141
144
137
139
140
137
139
144
142
140
146
142
138
141
143
139
124
157
141
135
139
139
131
126
135
133
129
136
129
132
134
130
135
135
131
143
116
165
147
145
141
141
141
140
141
140
142
142
142
143
145
146
144
144
142
142
141
140
137
137
137
139
133
139
136
134
137
136
135
139
135
136
139
138
134
137
138
135
137
137
132
141
142
135
142
133
131
137
129
136
137
129
136
136
132
137
137
134
137
139
134
139
141
136
135
138
113
162
146
140
141
140
142
142
143
143
145
146
148
140
140
144
143
138
136
142
137
134
140
137
136
141
142
136
139
143
138
138
145
141
138
143
142
135
144
143
140
144
136
135
138
130
130
137
131
138
138
134
142
142
138
145
144
138
141
144
142
120
163
146
144
143
146
147
147
147
146
146
147
147
143
141
143
142
138
139
137
134
134
137
133
95
165
140
135
136
137
134
134
139
138
136
139
140
135
134
140
135
133
138
129
137
138
133
143
144
140
145
148
143
147
142
146
147
145
143
145
145
144
143
144
142
141
142
139
137
139
140
137
141
139
136
138
139
137
136
138
134
134
137
137
134
137
141
136
137
142
142
138
143
141
135
142
144
137
140
144
136
136
139
135
133
139
130
134
139
132
140
136
133
141
135
139
145
141
140
146
147
143
147
147
146
143
142
144
140
142
142
142
141
139
139
136
136
136
137
136
135
137
140
138
137
138
138
136
135
138
136
