22
115
115
116
114
115
114
114
115
115
114
115
114
114
114
114
114
113
114
114
114
114
114
113
114
114
114
114
113
114
113
112
113
112
113
113
111
111
111
111
111
110
110
110
108
110
109
107
109
107
108
108
108
108
108
108
108
110
109
110
110
110
111
111
111
112
112
111
112
112
112
112
112
113
114
113
115
114
115
115
114
114
115
113
114
113
112
112
111
112
112
112
112
111
110
111
111
110
111
111
109
112
111
110
111
110
110
111
109
112
86
135
112
111
113
112
82
141
112
110
111
110
110
111
82
140
112
111
112
111
112
113
112
112
112
113
112
113
113
113
113
113
114
113
113
114
113
113
114
113
114
114
113
114
114
114
114
112
113
85
136
111
111
109
108
108
108
108
108
107
108
82
66
166
116
106
106
104
105
104
104
105
103
104
104
104
104
105
104
83
127
105
106
106
106
106
107
106
107
107
107
107
108
108
108
108
108
109
108
109
109
109
109
110
109
109
109
109
109
109
109
109
109
110
108
109
109
109
110
108
109
108
109
108
108
110
87
130
109
109
109
109
86
133
110
110
109
110
109
110
109
110
110
110
109
110
110
110
112
111
111
112
111
112
112
111
113
112
84
142
113
113
112
111
112
111
112
111
111
112
81
140
112
111
112
86
136
111
111
111
110
111
110
111
111
110
111
111
110
82
68
179
113
109
110
108
110
109
84
135
111
110
111
110
110
111
111
112
112
113
113
113
113
114
114
114
80
149
115
115
113
113
80
144
112
81
141
112
111
85
137
111
111
111
111
111
112
111
112
112
111
112
112
111
112
110
112
111
111
111
111
111
111
111
111
112
111
112
112
112
113
113
112
113
113
113
113
112
112
111
112
113
111
112
113
112
113
113
113
113
112
112
112
111
111
111
111
110
111
111
111
111
111
111
110
110
110
110
110
109
109
110
108
109
109
109
109
108
109
108
109
108
110
109
110
109
110
110
110
109
110
109
99
119
111
110
108
110
109
111
111
111
111
112
111
113
112
113
112
113
112
113
112
112
112
112
112
111
111
112
111
111
111
110
111
110
110
111
110
110
111
110
111
111
110
111
110
84
59
183
111
109
110
109
109
109
109
110
110
111
110
111
111
111
110
111
111
111
112
112
112
113
113
114
113
113
114
113
113
113
113
113
112
113
113
113
113
114
113
114
114
113
114
113
114
114
112
113
113
113
112
112
112
111
112
111
111
111
111
111
111
110
111
110
112
110
110
112
110
112
113
112
113
84
73
77
200
118
80
148
114
113
113
113
113
112
114
113
114
114
114
115
113
114
114
115
114
113
114
113
113
113
113
113
112
113
113
113
113
113
112
113
112
113
112
112
112
111
112
111
112
111
111
112
112
111
113
112
112
113
113
113
113
114
113
114
113
115
114
114
105
124
115
116
115
116
116
116
116
115
116
115
115
115
115
114
114
115
114
115
113
114
113
113
113
113
113
113
113
61
163
115
113
113
112
114
113
113
114
114
114
114
114
114
114
113
114
114
114
114
114
115
114
114
115
115
115
115
114
116
114
115
114
113
113
113
113
112
113
113
113
113
114
114
114
114
63
163
114
113
113
114
113
114
113
113
114
112
113
113
113
113
113
113
113
114
113
113
113
113
114
114
114
113
114
115
115
114
115
114
114
114
114
113
113
113
113
113
113
114
113
114
114
114
113
82
57
189
124
112
112
113
114
114
114
115
115
115
115
115
116
115
116
115
116
115
113
113
111
88
124
105
103
104
86
121
104
103
103
101
102
102
100
93
109
98
100
98
96
99
91
105
98
98
97
92
104
98
98
99
98
98
100
98
100
89
111
100
101
100
102
101
101
102
101
101
101
101
100
94
108
102
103
102
102
101
102
102
101
102
101
102
102
102
103
103
103
104
103
105
104
104
105
104
105
104
105
105
104
105
105
105
104
105
104
103
104
102
103
103
101
102
102
101
101
101
101
102
101
102
102
102
101
103
103
102
104
104
103
105
103
105
104
104
104
103
104
103
104
103
104
105
103
105
104
105
105
105
104
104
104
104
104
105
104
104
104
105
104
105
104
105
105
105
105
106
105
106
105
106
107
105
106
106
106
106
105
106
105
87
121
107
106
106
105
106
105
107
106
105
106
105
105
105
106
106
105
107
105
107
106
106
107
106
106
107
106
107
107
107
107
108
108
108
108
107
108
108
106
107
107
106
107
106
106
107
106
107
107
106
106
107
106
106
106
107
106
106
107
106
107
107
106
108
106
107
107
107
107
107
107
107
107
107
107
107
107
107
107
107
107
107
108
107
107
109
107
108
109
109
109
108
109
108
109
109
109
108
109
109
108
108
107
107
107
107
107
107
106
107
105
106
105
105
104
103
104
103
101
103
102
102
102
101
101
100
101
101
100
100
99
100
101
99
100
101
101
99
99
101
100
98
99
98
100
99
99
100
99
99
100
101
100
100
101
101
102
102
102
103
103
103
103
104
104
105
105
104
106
105
105
107
106
105
107
105
107
107
106
107
107
108
108
107
108
107
107
107
107
107
107
108
106
107
107
106
107
106
108
106
107
107
107
107
107
108
107
108
108
82
74
167
110
108
108
108
108
108
108
108
109
109
108
109
108
108
108
108
108
108
109
108
109
107
108
108
107
107
105
105
105
102
103
103
101
102
101
102
102
101
100
99
99
98
99
99
96
99
99
96
99
99
98
96
99
100
99
98
96
98
98
99
75
118
99
99
99
101
100
102
101
100
101
101
101
101
102
101
102
102
102
93
113
102
101
90
116
103
103
102
102
102
102
99
102
102
102
100
101
99
101
99
100
100
100
99
100
100
101
100
99
99
100
99
76
121
75
119
100
98
98
99
97
99
97
98
97
98
97
97
97
97
97
97
98
98
96
97
97
96
97
96
96
96
97
94
95
95
97
95
96
98
98
98
98
97
96
97
96
97
96
95
96
96
95
96
96
96
95
96
95
96
97
95
96
96
95
97
97
97
96
96
97
95
96
96
96
94
81
102
104
97
98
98
101
100
97
98
100
100
99
99
99
98
98
97
97
96
97
97
97
96
97
97
98
97
94
95
95
97
96
97
97
96
96
94
96
95
95
95
94
95
93
94
94
94
95
94
95
93
95
94
95
95
95
95
95
94
96
95
95
95
95
95
94
95
94
94
94
94
95
95
97
96
94
97
94
96
96
96
98
96
96
96
96
95
95
96
96
95
93
95
97
96
95
97
96
96
96
95
94
97
95
96
95
95
96
96
95
95
95
95
94
95
95
94
95
95
94
94
95
94
94
95
94
92
93
93
93
94
92
93
93
92
93
92
93
91
92
92
91
90
92
90
92
90
91
91
90
92
92
91
91
92
91
91
93
91
91
90
92
91
91
91
91
90
90
90
90
90
91
90
90
74
104
91
89
91
92
91
92
91
91
91
91
90
91
90
90
90
90
90
90
90
90
90
90
90
90
89
91
89
90
90
91
90
90
91
90
90
90
91
89
91
90
90
89
90
91
90
91
92
91
91
91
90
90
91
90
90
90
90
91
90
91
90
90
90
92
90
90
92
90
91
91
90
90
91
91
90
89
91
91
90
91
90
89
90
89
89
90
89
89
89
89
89
90
89
89
90
90
90
91
93
90
92
93
92
71
113
93
93
91
92
86
95
90
90
91
91
92
90
91
91
90
91
90
90
91
88
90
89
90
88
90
90
90
89
88
90
89
89
90
89
88
89
89
90
89
90
89
90
89
90
90
90
90
90
90
90
91
90
91
91
90
90
90
89
90
89
90
88
89
90
90
89
90
90
89
89
89
89
90
89
89
89
90
89
89
89
89
90
90
89
90
89
88
90
89
90
88
90
88
90
89
88
89
90
80
99
90
90
89
90
90
90
90
89
90
89
90
90
90
91
90
90
90
90
91
91
90
78
103
92
90
91
90
90
91
90
89
90
91
88
90
91
89
90
90
89
90
90
89
91
89
91
90
91
92
91
90
92
92
92
92
91
91
91
92
91
90
92
93
90
92
93
90
92
92
92
92
93
93
92
95
93
91
94
93
92
93
92
92
92
93
93
93
92
93
76
107
95
92
92
93
94
94
95
94
94
93
95
92
93
94
91
95
93
95
92
94
95
95
94
95
94
93
93
96
93
93
94
94
93
92
93
94
93
93
91
94
94
93
92
93
94
94
95
93
93
93
93
93
93
95
94
94
93
95
91
94
93
93
94
94
93
93
94
94
94
94
94
94
94
92
93
93
94
95
95
97
96
94
96
96
96
96
96
95
97
96
96
96
97
96
97
97
97
96
97
97
97
98
98
97
97
98
98
83
109
97
97
97
96
99
99
101
100
100
96
100
99
98
99
98
98
98
97
98
97
98
97
97
98
97
98
98
98
98
99
99
88
111
98
97
98
98
98
99
98
99
98
99
98
98
98
97
98
98
99
97
96
98
98
98
102
100
99
101
99
99
99
99
99
99
99
99
99
97
98
99
98
98
98
99
98
99
99
98
99
99
98
97
99
99
99
99
100
99
100
99
100
99
99
98
98
98
97
99
99
97
100
99
98
99
99
99
100
99
99
98
101
98
101
100
100
100
101
100
101
101
101
101
100
101
101
103
101
102
101
101
101
100
99
99
102
100
102
103
102
104
104
103
102
103
102
102
101
100
101
101
100
99
101
102
100
102
101
102
102
102
102
102
103
102
103
102
101
103
102
102
103
102
102
103
102
101
104
102
102
103
99
102
104
101
102
102
101
101
100
102
100
101
101
101
102
101
101
101
101
100
101
101
100
102
102
101
102
102
101
102
101
99
103
102
100
103
100
101
103
101
101
102
102
102
102
102
103
103
103
103
104
103
103
104
103
104
103
104
103
105
104
104
105
104
104
105
105
105
104
105
105
103
106
103
105
104
102
105
103
100
105
101
100
102
103
102
102
101
84
120
102
103
103
102
103
103
103
103
104
87
120
105
104
105
87
122
106
106
82
129
106
105
106
105
104
105
105
104
105
105
104
87
121
107
105
104
104
105
104
90
119
105
105
104
105
103
105
104
104
105
104
104
105
103
105
104
104
103
105
