56
106
104
106
106
105
105
106
105
106
106
106
106
106
73
138
107
72
141
86
128
108
108
73
143
88
131
110
109
75
144
89
130
110
110
75
144
112
111
75
145
90
132
112
110
76
146
112
111
75
148
113
73
150
112
111
76
146
112
111
81
141
112
112
111
112
111
110
110
109
108
108
108
107
108
108
106
107
107
107
106
106
107
106
107
107
107
106
108
70
144
108
108
106
107
106
107
107
107
107
108
108
110
109
109
110
110
109
110
109
110
110
110
111
111
75
143
88
142
111
113
113
113
112
113
112
112
113
113
114
113
113
111
112
111
110
109
109
108
107
86
129
105
76
137
106
76
135
106
106
76
135
106
106
105
106
106
106
105
106
105
106
105
106
104
105
73
141
107
106
74
139
90
123
106
107
73
139
108
72
140
108
107
72
142
90
53
177
86
131
108
107
107
109
108
109
109
109
110
109
110
110
108
109
110
107
109
109
110
109
108
111
108
109
108
109
109
108
109
108
109
109
109
110
109
109
108
109
109
109
109
109
110
110
110
111
110
111
111
110
112
111
111
67
153
94
130
111
78
144
74
147
111
110
110
108
110
109
73
145
111
73
144
110
108
73
142
107
106
74
139
107
106
106
107
106
106
106
107
73
136
105
106
74
138
108
108
73
142
109
75
139
108
112
105
108
108
109
104
107
108
110
105
111
105
111
106
110
107
112
105
109
108
109
109
108
108
107
107
107
108
111
108
110
110
111
107
111
113
107
111
110
107
110
109
107
111
106
102
68
152
108
107
106
106
107
106
108
105
106
107
104
108
105
107
105
106
105
105
105
106
105
106
105
107
106
106
110
107
107
107
109
109
105
109
108
107
109
107
109
109
108
108
111
106
108
109
107
108
108
107
78
138
110
107
108
107
106
107
107
107
107
106
107
106
107
106
107
106
106
107
106
106
107
106
106
106
106
106
107
107
105
107
106
107
108
106
108
109
107
108
109
109
108
109
108
109
107
108
108
107
107
108
107
107
108
108
108
108
108
107
108
107
107
109
77
139
77
66
82
194
88
134
109
107
108
110
105
109
108
103
114
105
108
110
82
133
75
138
108
110
74
139
107
73
142
108
109
105
107
110
104
109
106
64
151
89
131
106
110
108
108
109
110
107
109
109
109
108
109
110
109
110
109
109
110
109
108
109
109
109
109
109
109
108
108
113
107
109
109
108
108
111
106
110
109
106
109
109
106
109
108
106
108
106
106
109
106
106
107
107
108
107
69
145
88
128
104
106
106
106
106
106
105
107
106
106
107
107
106
109
106
107
108
107
111
106
112
108
112
108
113
108
114
108
113
110
113
110
114
110
115
110
115
111
111
111
114
108
114
107
109
110
113
107
112
112
108
113
111
108
111
114
107
112
113
108
113
113
108
111
113
82
140
90
133
109
114
109
115
110
112
115
112
110
115
112
114
110
116
111
116
112
116
115
114
115
116
115
115
116
116
117
115
116
114
114
114
116
112
114
109
115
113
110
114
113
113
110
115
113
113
113
110
114
113
112
113
112
112
114
112
111
114
112
109
114
112
110
113
112
110
114
112
110
115
112
113
113
113
113
114
114
115
115
116
116
78
153
76
156
77
75
193
88
132
130
117
115
116
115
114
115
114
114
114
114
114
114
115
116
115
116
115
115
116
115
115
115
114
115
114
115
115
113
114
114
112
113
114
112
114
113
113
113
114
114
114
114
114
114
114
115
114
113
70
156
89
140
113
113
113
112
113
113
113
114
113
115
114
116
116
116
117
117
117
117
116
117
117
116
116
118
117
117
117
116
116
116
116
116
116
116
116
116
117
116
117
73
157
89
144
116
116
116
116
115
115
116
115
115
113
115
114
114
114
115
114
89
140
89
141
115
115
115
116
115
115
115
116
115
115
116
115
115
115
114
116
115
115
117
116
117
118
118
118
119
118
118
118
117
116
117
117
115
117
116
117
118
116
117
117
117
117
117
116
117
116
117
117
116
116
90
141
91
139
115
76
153
115
114
74
154
115
114
114
112
114
112
112
112
111
112
112
111
112
111
111
112
111
111
112
110
112
112
111
112
113
112
113
113
114
113
114
114
114
115
115
115
115
116
115
116
115
115
116
116
115
117
115
115
116
115
117
115
115
115
115
114
115
113
115
114
114
114
114
115
115
114
114
114
114
115
115
114
114
116
114
115
115
115
115
115
114
114
115
114
114
115
114
113
114
113
113
113
113
113
113
114
113
114
114
114
114
115
114
114
115
114
115
114
115
115
115
116
116
115
116
114
114
115
114
114
114
113
115
113
114
114
113
112
113
112
113
112
113
114
113
113
115
114
114
114
113
115
114
114
115
115
114
115
116
115
115
115
115
115
115
116
114
116
115
115
116
115
116
115
115
115
115
114
116
115
115
91
138
91
139
115
115
114
115
114
115
115
115
115
116
115
116
115
117
116
115
116
115
115
116
114
114
115
115
115
115
114
116
115
114
115
114
114
113
112
114
112
113
113
112
111
113
112
112
112
113
112
113
113
114
113
113
114
115
114
114
114
115
114
115
115
115
115
116
116
116
116
117
117
117
117
117
116
117
115
116
115
115
115
115
115
116
116
116
116
116
117
116
116
115
116
115
115
115
116
115
116
116
115
117
115
115
114
114
111
113
113
109
99
125
111
112
111
110
112
110
111
111
112
111
112
112
113
113
114
113
114
113
113
113
114
113
114
115
115
115
115
117
93
134
119
117
117
116
71
159
88
143
117
86
146
75
157
117
117
117
118
116
118
116
117
83
151
117
117
116
116
117
116
116
80
85
178
89
144
114
115
113
114
103
125
114
113
111
115
115
112
113
114
112
112
113
113
112
109
115
113
110
116
114
111
115
113
113
113
112
114
114
113
115
115
115
116
116
116
116
115
115
115
114
115
113
115
115
115
115
116
115
116
115
116
116
116
117
116
117
117
117
117
118
117
117
116
117
117
115
115
115
114
115
113
113
113
111
112
112
111
110
111
112
110
112
111
111
111
110
112
110
109
112
110
108
113
111
108
113
111
107
112
110
109
65
154
111
110
111
111
111
113
112
113
112
114
113
114
115
114
115
115
115
115
116
116
116
116
115
116
115
117
115
116
117
116
115
115
114
114
113
113
112
113
111
113
112
110
112
111
110
110
110
110
110
108
111
111
111
111
111
112
111
111
111
111
110
110
111
108
111
110
109
110
110
110
111
109
111
110
110
111
110
110
110
110
110
111
110
110
111
110
111
112
111
112
112
111
111
111
111
111
110
111
111
111
112
113
112
114
114
115
114
114
114
114
113
114
114
114
113
113
113
112
113
112
112
112
112
111
111
112
111
112
112
111
113
112
112
113
112
112
112
112
112
112
113
112
113
112
114
80
146
113
113
114
113
113
113
112
113
112
112
113
113
112
112
113
113
113
114
115
80
69
191
117
116
81
150
89
143
117
115
115
115
115
115
115
115
115
115
114
114
115
115
115
115
114
115
114
114
113
113
112
113
112
112
113
112
113
112
113
114
113
113
114
112
114
112
112
113
112
113
114
113
114
114
114
114
113
114
114
115
115
114
115
117
115
116
117
115
116
114
115
116
115
116
117
116
117
118
117
117
118
118
116
117
117
116
115
116
115
115
116
100
128
115
114
115
114
114
114
114
114
114
114
114
113
114
114
113
113
112
111
112
112
112
111
111
112
111
111
111
110
110
112
110
110
111
111
112
111
112
111
112
111
113
112
113
113
114
114
115
115
116
115
116
115
117
117
117
117
117
117
117
116
116
116
115
116
115
116
116
115
115
116
116
116
116
116
116
116
116
115
116
115
115
115
117
115
115
116
115
114
114
114
114
113
114
113
114
113
113
113
112
111
112
111
110
111
81
75
173
111
110
110
110
110
109
110
110
110
110
111
111
111
112
112
112
113
113
113
114
113
114
114
96
130
115
116
116
116
116
116
116
115
115
115
116
114
115
114
115
114
115
115
115
114
116
114
115
114
115
115
115
114
116
114
114
115
114
114
114
114
114
114
114
114
114
114
114
114
114
113
113
113
110
114
112
111
112
111
111
112
110
111
111
111
112
111
112
112
113
112
114
113
114
114
112
114
115
114
115
114
115
116
117
116
116
117
117
116
116
117
117
116
118
117
117
117
116
116
115
115
115
114
78
150
115
115
114
116
115
114
116
114
114
115
114
114
113
114
115
114
115
115
114
75
153
115
114
114
113
114
114
114
113
114
114
113
113
113
113
112
113
111
113
112
112
113
112
112
113
112
113
114
114
114
115
115
117
116
117
78
153
92
143
118
118
118
119
118
119
118
119
117
118
118
117
117
116
116
115
115
115
114
115
114
113
114
113
113
113
114
113
114
114
114
113
115
113
114
113
113
113
113
112
113
113
112
114
113
114
114
113
114
114
113
115
114
114
115
114
114
115
114
115
114
114
116
116
116
116
116
117
117
117
119
119
119
119
117
119
117
118
118
118
118
117
117
117
117
116
117
117
116
116
116
115
114
114
114
113
113
113
112
113
113
113
113
113
114
113
113
111
113
112
109
113
110
112
110
112
111
112
112
113
113
113
112
114
113
113
114
114
114
115
113
115
114
113
114
113
114
115
114
115
115
116
116
117
116
116
116
96
134
117
