1983
240
1237
496
726
752
1750
496
727
1008
2008
1008
1239
1008
1750
1008
1753
240
984
240
1242
496
1242
496
986
752
1755
1008
1503
-535553845
-535553098
496
728
240
983
752
983
240
1238
752
1749
752
1493
240
469
496
725
240
1248
1735
1008
1496
496
987
-535685176
-535684941
496
728
1008
2010
496
729
1008
1495
752
1007
1493
752
1750
752
1236
496
1238
240
473
752
985
240
751
991
1991
240
727
496
722
240
463
1490
1485
717
2031
2542
3278
3514
-268696891
-268696139
-268695906
752
1498
752
1240
496
1238
752
1495
752
983
1008
1248
1732
1008
1239
752
1504
1993
496
1241
496
728
752
1754
-268172070
-268171839
1008
1263
1518
2526
3526
752
1496
240
468
240
466
240
464
1486
240
463
496
975
1746
752
1744
496
721
496
1488
752
1234
496
721
1008
1236
1008
1490
496
976
752
981
240
1241
496
1240
752
981
752
1489
1741
1483
2010
512
16
833
797
553
1008
1263
2261
752
1496
752
1237
496
1240
752
1775
2788
241
752
1496
496
729
752
1243
-535026226
-533908788
-533908041
240
1239
240
723
240
977
1233
496
1496
496
1496
240
976
1480
1988
1478
1736
1992
1482
1740
1742
1482
973
1743
496
1489
496
977
1008
1489
752
1492
1008
1748
240
469
752
1238
240
467
496
1236
752
1237
752
1492
1008
1744
240
978
1008
1234
496
721
1008
2002
240
978
240
976
752
1237
496
731
-267250724
-267250494
1008
1749
240
474
-536080185
-536079438
-268039716
-268038711
-267907876
-267906873
752
987
496
1501
-267578394
500
-267644705
-267643702
752
987
240
1239
660224
23
834
533
796
240
1470
1487
461
1742
1232
240
1235
752
1491
1008
1491
240
468
752
1748
240
471
1008
1243
-533909559
-533909325
240
979
240
462
1479
715
1008
1015
770
0
24
308
512
22
-822081410
1008
1752
240
1242
-268171301
-268170558
1008
2008
496
1495
1008
1502
-267448097
750
1008
1244
1008
1505
498
755
754
244
1009
500
245
247
500
757
755
755
246
1011
244
243
500
508
768
19
268
256
17
270
768
14
14
256
13
266
768
12
263
0
11
12
0
14
270
512
12
13
0
11
11
256
11
780
768
12
10
256
11
780
256
12
6
256
9
259
256
8
2
