3063
-1140846124
-1140845612
3282
4049
6791
240
463
752
2262
1497
985
496
1491
240
467
496
1238
1008
1495
752
1492
240
978
496
722
240
-804383343
-1073280122
-1608901518
-2683494365
-268433981
496
984
474
729
1241
752
1747
240
977
1008
1750
1497
1008
2010
1496
1241
1497
1497
985
1498
1243
-267776060
1008
1495
1241
1240
2007
752
986
-267381798
-267514171
982
752
981
496
1233
752
1257
256
28
91
43
46
1251
241
753
755
245
1012
242
755
244
505
759
248
1012
753
239
-265934100
35
853
768
48
342
2013
1756
-1334740584
753
-533712456
1496
752
1746
1008
1519
0
35
861
768
50
807
240
736
1477
496
1492
1008
2003
496
981
1008
1491
752
1493
1242
1240
1241
472
496
726
1008
1233
1230
24
44
558
877
0
736
1487
1714
1008
1237
496
725
496
981
496
982
496
1496
1008
1751
1008
2008
1497
1497
-1069332340
1495
752
1235
240
991
0
21
329
549
67
1008
2008
1008
1239
240
1239
1008
2005
752
1749
240
470
496
1493
1498
-267380793
1756
1754
1008
1752
983
240
725
990
240
463
752
982
1498
-803594568
-268172086
-268171602
1008
1240
240
729
-267513921
496
725
496
725
240
980
240
727
240
468
240
1232
496
1234
240
977
1008
1490
240
725
496
1490
752
1490
752
1488
240
722
496
1494
496
984
1240
1008
1242
752
1492
496
980
1008
1238
752
1235
496
718
1484
1223
1741
1485
1734
1483
1228
1742
240
976
496
723
240
724
1008
1747
496
979
496
1495
752
1234
240
1234
752
1747
978
496
976
1998
1018
780
287
876
39
737
496
723
496
1492
752
1492
240
1236
496
1493
752
1495
240
469
752
978
1008
1748
1008
1236
752
984
1242
1008
1240
496
982
496
724
752
1235
496
1236
240
723
240
1236
240
1235
240
1237
496
988
252
768
18
789
256
22
294
768
37
1
240
4881
1731
983
752
982
473
730
1008
1239
1241
1008
2008
1241
730
985
1242
1243
986
1499
1501
-267842104
-1606991001
496
998
512
32
596
298
79
0
1001
471
729
470
752
1493
496
1495
752
1241
728
1008
1750
1008
1237
240
1237
1496
1008
1242
981
1238
496
1492
752
1232
752
1749
1244
1494
728
752
1236
240
1231
496
1487
1232
10
308
35
880
0
736
1482
752
1238
1240
985
728
1238
1497
1496
1236
1240
1008
1751
983
473
1757
-267972903
-267972414
731
987
-268237892
1008
1009
516
512
20
361
512
30
539
752
996
1014
753
756
-267711258
1010
242
497
244
240
754
1009
-267711259
755
-267973921
-267973918
498
1008
-1072554841
495
-536078637
497
-535882062
1237
752
1235
8
547
543
116
-603978582
-603977578
-268037943
-536146253
986
1243
985
-535487802
1500
730
727
983
240
722
6
545
538
892
1527
-3485773864
-267908127
753
-804713032
1005
242
498
-268433439
1010
241
242
753
-268434718
497
-536474440
-268368697
-268433718
-268302909
486
240
468
752
1749
1008
1491
240
1239
752
1748
240
723
240
1236
496
727
752
1748
752
1752
986
1497
1239
752
1242
-267447335
1500
-267842598
-267841599
1008
2007
496
974
496
503
261
281
873
806
553
240
729
982
726
1008
1751
728
496
981
496
726
752
983
752
1240
1008
1751
728
1240
989
-1071832956
752
1493
752
1494
