47
103
103
103
108
106
105
104
106
105
103
105
105
49
157
106
103
108
105
104
110
113
108
113
116
88
147
135
67
162
114
73
158
89
146
146
68
165
121
73
154
118
73
154
94
151
117
71
155
115
75
149
114
79
154
122
73
160
96
161
145
70
185
134
71
177
128
72
177
135
71
173
128
73
173
133
73
180
129
73
167
130
74
174
94
156
153
71
185
135
71
182
136
72
181
134
74
181
140
72
185
135
74
187
156
61
192
145
73
186
139
73
188
141
75
190
148
74
175
125
76
181
177
171
154
169
167
159
96
170
141
73
185
159
164
157
161
163
94
181
159
162
162
166
156
150
70
183
155
151
72
190
137
77
180
159
132
79
181
157
159
139
74
175
124
131
165
163
144
76
187
174
142
75
184
180
155
70
187
155
72
187
160
159
156
72
195
151
77
188
147
77
186
143
77
185
153
76
182
142
77
172
130
81
173
141
76
186
174
147
74
196
156
162
170
153
76
197
172
154
73
194
180
150
75
188
168
156
72
188
160
147
76
190
160
147
75
189
159
151
74
175
152
77
166
153
76
167
157
74
154
126
111
114
116
117
117
118
118
118
121
123
127
126
84
162
130
77
164
139
74
155
143
73
149
143
72
142
129
80
140
88
140
120
107
108
106
108
109
109
110
110
112
113
115
116
116
117
116
118
65
147
137
71
153
128
74
146
131
75
143
127
79
141
85
141
122
109
113
112
116
120
116
124
126
84
155
88
144
120
84
151
116
115
115
113
111
119
119
92
146
127
73
152
116
112
114
117
100
133
126
77
153
116
111
111
111
85
138
107
111
109
110
108
112
111
109
114
113
114
111
110
114
113
112
112
114
112
110
113
112
112
112
113
114
111
115
113
113
114
114
116
116
115
117
118
116
114
115
116
116
114
112
118
116
104
127
119
112
116
113
89
139
118
111
112
111
111
112
114
111
114
111
110
113
51
155
114
107
106
107
111
112
113
117
117
117
116
119
116
118
118
84
149
125
76
154
113
111
111
111
111
111
111
111
108
113
112
109
111
110
110
111
112
113
115
118
118
116
119
87
142
117
113
109
51
152
116
103
107
105
107
109
106
109
107
109
107
107
107
108
109
108
109
107
109
111
112
109
109
112
115
120
121
123
125
129
127
127
127
128
126
96
160
131
80
160
111
109
109
109
108
106
105
107
104
106
108
108
109
109
108
110
110
111
113
113
91
133
70
150
116
72
147
120
114
115
97
130
118
110
111
110
109
111
109
111
111
52
156
119
108
108
110
109
111
111
49
161
114
107
110
107
110
111
109
50
160
112
107
106
103
109
92
118
109
107
106
109
107
107
106
107
106
107
107
109
107
106
106
105
107
105
105
104
105
105
103
105
106
103
104
104
104
103
105
103
105
105
104
106
105
106
107
107
107
108
108
107
107
105
105
105
106
105
104
106
105
107
105
110
110
108
109
109
114
110
109
108
108
107
107
105
108
106
104
103
106
107
105
110
111
112
116
110
114
117
111
116
117
117
116
117
119
120
118
93
156
123
122
119
120
121
125
125
124
103
160
140
136
130
133
133
133
131
132
98
166
134
137
133
128
124
124
125
131
136
134
136
133
136
127
123
127
132
125
124
123
124
120
123
129
129
130
131
92
148
125
122
117
113
114
115
116
116
118
119
119
116
96
139
121
116
119
118
120
117
121
118
118
123
122
122
122
124
122
126
96
162
131
135
131
75
163
127
128
128
117
123
126
123
123
124
120
122
127
127
130
128
121
124
125
127
121
125
120
126
137
139
133
132
129
124
124
124
122
121
123
120
116
133
142
127
128
125
125
123
120
126
94
164
128
133
133
130
131
133
131
132
136
72
171
135
74
167
136
74
156
131
74
147
139
73
143
140
74
140
137
76
139
135
89
139
116
117
122
101
52
165
154
119
50
148
136
114
111
116
114
116
119
120
123
121
123
124
122
124
124
123
129
128
131
129
132
132
126
129
92
155
144
73
168
147
74
156
132
76
148
139
74
150
136
74
144
134
120
118
121
124
121
125
131
127
73
169
130
76
160
139
75
154
141
74
146
140
74
142
139
75
140
137
79
139
136
125
123
129
134
134
76
164
147
74
155
135
77
142
125
110
120
80
144
134
113
112
112
111
115
113
116
119
116
117
118
126
132
130
128
127
129
125
127
127
128
131
85
166
129
131
127
127
129
127
123
126
130
77
167
130
75
159
139
73
150
138
74
142
124
115
112
117
126
119
113
111
112
111
110
53
149
125
110
108
108
107
111
112
111
90
143
108
134
122
116
115
101
145
129
118
114
115
114
114
114
113
115
114
113
115
115
112
113
113
111
114
115
112
114
115
117
114
118
119
114
118
117
117
116
118
120
119
122
119
120
121
119
121
124
119
122
125
121
117
117
118
120
122
121
122
124
122
111
133
128
113
119
120
94
147
139
126
121
123
124
128
128
99
149
136
72
164
131
73
146
120
114
120
126
130
129
102
162
140
72
162
118
144
126
74
150
124
117
97
150
135
72
156
121
76
151
118
111
114
116
114
116
116
116
118
98
138
75
158
122
84
149
117
111
122
121
121
121
125
126
122
125
127
79
166
126
74
164
105
160
155
73
172
130
76
163
116
112
115
117
122
122
121
119
117
118
121
121
123
123
120
98
133
114
112
113
113
113
114
116
118
115
115
119
120
122
119
94
161
130
128
122
122
123
90
149
68
160
134
73
144
117
113
114
119
122
122
122
122
129
71
163
115
116
121
117
126
139
127
129
133
73
170
127
124
124
121
123
124
91
153
147
71
167
135
74
150
123
80
143
123
115
116
117
120
121
129
126
127
125
125
127
124
123
124
132
135
71
164
130
78
151
134
76
147
135
75
147
133
76
151
117
144
146
74
163
129
76
126
153
118
144
134
76
156
125
118
115
122
123
125
127
123
126
125
129
74
170
129
74
156
124
123
126
130
128
131
134
76
170
127
79
158
128
121
122
126
126
124
123
121
114
121
114
58
69
130
127
138
137
73
170
137
74
152
131
73
149
142
73
149
142
74
146
138
74
151
115
150
86
161
148
74
163
138
73
155
139
73
152
135
76
149
133
78
150
135
78
147
104
133
125
88
136
114
111
112
119
123
125
127
73
169
125
65
168
134
76
156
143
75
157
143
73
158
140
73
155
142
74
149
129
82
142
120
112
112
115
115
119
121
125
129
73
164
125
76
158
122
79
152
114
114
108
116
116
116
117
117
117
115
117
118
118
117
124
121
120
118
120
116
115
116
119
119
118
117
116
117
116
116
114
115
117
112
114
115
114
115
117
116
125
74
162
125
70
154
122
72
148
119
75
144
116
111
111
117
116
117
87
155
139
69
157
119
74
153
95
145
133
72
152
122
74
144
118
85
143
116
114
120
122
118
120
125
73
159
95
151
148
71
160
134
72
150
123
75
149
126
78
153
134
76
158
134
76
157
142
74
160
140
74
155
123
81
158
124
87
154
95
156
145
74
158
132
75
152
128
82
163
129
82
158
127
128
121
118
121
129
130
76
168
124
81
161
90
156
130
76
163
92
162
127
75
161
122
78
153
117
113
119
103
149
71
158
130
75
148
117
112
111
114
118
120
117
123
125
79
153
118
119
121
125
121
123
126
82
164
131
76
162
96
138
120
87
145
98
126
114
115
123
117
123
127
119
130
134
72
171
124
81
151
120
112
118
122
120
124
124
123
124
128
125
127
128
85
159
128
84
157
129
83
149
123
118
119
118
117
121
119
121
122
125
126
123
124
125
124
122
120
122
123
124
123
106
164
146
71
156
129
77
140
115
109
111
116
104
150
147
72
164
122
76
159
117
82
154
98
145
118
79
161
116
112
115
117
118
89
162
122
79
161
118
83
157
119
82
157
121
81
158
99
146
128
73
150
118
81
143
113
113
117
114
116
121
119
117
121
120
118
120
122
120
121
125
125
72
165
121
79
151
116
111
116
101
128
121
116
113
114
117
118
118
120
116
118
111
110
114
114
116
117
117
118
119
119
124
124
122
121
123
124
125
124
126
131
71
166
129
74
159
122
75
158
124
75
158
121
77
152
123
76
154
123
76
156
122
77
151
122
80
154
123
79
159
124
77
139
154
73
152
137
72
147
131
73
145
136
72
148
134
73
150
134
75
149
131
77
145
131
86
144
121
118
122
133
136
74
164
131
76
154
119
118
124
104
165
149
72
167
134
77
163
120
117
119
121
119
97
158
70
159
136
74
143
124
85
147
119
117
124
130
130
75
163
98
157
132
74
152
122
81
147
100
125
113
112
114
119
116
119
120
97
152
69
148
141
