66
103
108
108
106
110
60
149
75
138
77
132
78
129
77
126
77
127
75
127
76
129
76
129
76
130
76
127
76
128
76
125
79
121
83
118
81
120
82
121
85
120
81
123
73
133
81
123
82
123
103
100
73
129
76
127
81
126
80
128
85
125
82
132
108
107
74
141
106
104
72
143
107
104
72
144
81
133
82
129
80
129
105
100
71
139
78
130
82
125
79
126
85
118
79
123
83
119
80
123
102
103
104
107
108
110
109
108
110
110
109
108
109
108
108
110
112
112
109
109
111
110
89
142
119
67
150
74
135
79
124
75
126
75
126
76
129
78
129
67
139
76
137
66
142
75
131
75
129
73
130
74
130
74
132
75
131
75
130
74
128
70
136
74
123
83
117
70
127
79
121
69
126
67
129
69
125
78
121
77
127
79
127
104
106
75
146
108
108
76
120
76
152
81
136
105
105
74
140
82
129
83
124
82
121
80
119
82
116
80
116
71
119
69
118
68
121
67
121
69
121
68
121
79
114
80
115
79
120
82
119
79
124
101
102
74
139
85
131
108
104
89
143
133
65
148
75
135
86
120
76
129
70
132
76
131
79
129
78
125
75
125
76
125
74
125
75
124
73
122
73
121
72
123
72
123
72
125
73
123
73
124
75
125
75
130
77
128
76
129
78
125
81
121
84
121
105
103
74
143
108
107
73
142
108
106
72
144
72
164
119
109
108
75
146
80
136
80
132
77
136
80
136
79
136
80
131
75
133
78
127
76
129
76
128
79
123
79
127
74
128
76
128
104
102
73
134
78
127
80
122
77
123
81
120
79
125
103
104
73
130
77
154
84
151
81
139
85
124
79
125
84
117
78
128
89
122
76
144
110
103
109
75
140
81
135
81
135
79
137
80
137
80
140
78
137
69
139
78
131
77
134
80
126
77
133
80
131
79
135
79
136
79
137
79
135
79
138
80
140
81
144
79
151
81
154
73
145
75
144
77
142
110
112
113
115
75
152
78
145
79
142
80
135
81
126
82
121
86
117
69
125
73
119
78
114
71
121
79
115
70
120
68
126
80
118
69
130
101
101
72
138
80
133
89
113
72
133
77
126
76
122
75
128
81
122
78
130
105
105
106
75
132
77
149
70
142
79
134
70
139
78
132
68
139
77
131
72
138
67
150
77
133
77
131
76
129
77
127
76
126
76
126
76
125
74
123
76
125
74
125
74
124
75
125
74
123
76
124
76
124
75
124
64
130
78
125
75
119
78
117
80
116
80
119
101
99
103
101
101
104
106
106
106
107
106
110
69
144
68
139
64
147
75
128
74
130
74
126
75
126
74
125
75
125
75
121
77
119
77
117
76
119
77
117
76
117
67
126
77
119
79
115
77
117
78
115
71
119
79
118
78
116
79
118
80
118
79
115
79
115
78
116
67
126
79
116
78
116
69
125
80
117
81
114
77
115
77
117
80
112
79
117
79
115
70
122
79
112
97
95
98
97
100
99
101
101
104
103
104
104
103
104
104
106
104
104
104
102
104
105
107
107
108
109
108
109
113
112
109
113
111
111
108
106
112
104
108
103
102
102
101
108
108
108
105
100
108
101
103
103
105
105
106
107
106
104
49
160
95
114
101
103
102
101
104
102
103
103
70
130
105
102
101
103
103
103
103
103
107
104
105
106
105
104
102
106
105
108
110
109
111
110
110
108
110
112
113
111
109
114
114
113
115
85
149
126
117
114
113
113
114
113
112
110
111
111
98
133
127
109
115
113
115
115
111
110
112
108
95
140
65
159
110
105
106
103
106
49
155
112
105
106
105
111
112
116
118
95
161
119
78
150
113
106
109
107
108
108
111
114
112
118
118
118
104
136
131
66
157
113
108
109
112
113
120
120
96
163
126
67
160
116
113
118
118
93
151
154
121
71
154
114
111
113
119
125
64
170
127
71
160
122
75
161
125
65
169
87
152
143
68
163
118
112
115
117
117
117
51
179
113
117
122
120
122
81
158
124
77
159
118
119
119
83
161
124
76
158
124
76
157
122
78
154
124
66
166
87
148
147
70
165
122
119
123
123
124
83
161
130
64
167
96
136
123
67
176
127
74
164
129
73
165
127
75
164
117
85
147
124
82
158
121
86
156
100
145
129
64
168
85
137
119
118
122
71
161
126
78
163
133
73
171
118
92
155
124
84
164
128
77
165
124
70
167
94
158
131
73
170
125
81
163
127
81
155
120
120
122
124
130
80
158
121
116
118
122
120
113
122
128
121
80
151
154
71
164
117
118
120
123
115
125
126
80
161
118
119
118
114
123
128
129
72
164
124
117
91
150
140
70
166
114
119
122
124
91
160
128
75
159
119
116
118
117
116
117
89
149
126
76
165
119
112
122
125
118
128
133
71
170
117
115
113
120
118
121
93
173
136
70
179
126
120
129
81
165
121
85
155
127
79
158
125
80
158
124
82
157
125
81
44
142
164
125
79
165
125
81
159
121
90
146
100
168
129
75
168
125
81
158
121
94
139
120
122
131
78
163
134
74
171
122
126
135
79
144
163
125
127
128
128
123
132
88
148
147
71
187
128
76
180
130
70
173
126
84
160
129
81
170
128
81
159
130
127
125
131
134
79
167
124
79
165
130
87
160
118
126
133
80
171
130
79
165
127
85
160
95
170
128
77
173
140
51
189
120
118
120
129
129
82
176
140
72
172
128
82
159
121
121
134
83
166
129
80
156
125
91
158
124
126
89
166
136
73
172
130
79
168
132
77
173
128
78
144
168
125
84
166
131
81
169
126
120
123
52
163
166
130
79
166
125
122
126
126
126
92
171
128
86
163
119
120
118
117
122
133
97
169
141
70
182
131
86
170
128
79
173
87
153
149
72
182
128
90
160
124
118
136
74
173
127
83
164
122
126
132
136
138
75
163
129
81
168
132
78
168
135
74
167
128
81
167
128
81
161
127
87
157
130
125
122
131
112
177
132
74
170
127
79
161
127
84
163
133
78
171
96
168
133
73
175
125
126
130
84
163
129
82
162
124
122
127
133
90
164
135
73
165
120
119
111
128
131
80
47
131
163
121
81
163
125
81
158
118
116
123
138
88
170
136
72
176
117
122
132
87
161
124
125
124
122
123
127
129
129
131
87
161
138
74
174
126
73
178
129
80
166
129
69
168
124
87
164
127
85
164
123
91
152
130
84
170
94
172
137
72
177
129
126
132
79
171
118
88
167
120
90
158
122
118
119
124
129
81
167
134
76
171
123
89
159
99
172
130
65
174
127
78
158
128
80
161
120
117
124
92
165
124
76
166
126
82
167
128
80
158
120
124
135
129
135
77
174
90
162
131
73
172
123
128
97
165
131
74
173
130
83
159
124
119
117
117
117
117
118
126
94
164
135
71
169
122
120
126
123
123
126
122
126
122
122
118
119
55
172
118
113
114
116
115
115
115
111
115
110
68
154
108
105
106
107
107
108
105
107
105
104
105
104
104
103
105
102
103
104
105
104
106
106
110
111
113
76
149
91
132
114
79
141
110
107
107
105
105
107
107
107
107
108
105
105
107
106
60
139
107
100
102
101
103
104
104
106
105
103
105
105
106
106
106
108
106
108
109
110
110
84
137
74
141
107
83
129
78
137
75
137
74
137
74
136
74
134
74
134
74
134
74
133
74
130
75
131
74
129
75
129
75
124
76
122
78
120
80
115
79
118
85
115
80
123
101
101
103
104
105
108
108
109
112
78
145
75
145
77
143
76
142
76
142
77
137
77
139
78
138
78
139
79
143
79
133
79
126
81
131
84
136
84
137
86
135
88
130
108
81
134
79
134
108
110
111
112
113
113
76
150
79
149
76
147
75
147
74
145
75
145
77
138
78
144
76
142
77
141
77
143
77
136
81
138
80
132
80
138
82
135
84
137
84
134
86
133
86
132
106
105
107
108
111
111
112
114
115
112
114
115
79
146
77
143
76
138
76
135
77
131
77
129
79
127
72
132
82
121
72
128
101
100
102
101
105
105
108
107
104
104
103
103
106
107
106
108
108
87
132
114
109
111
109
111
110
115
117
67
155
116
78
147
79
147
112
112
73
156
82
141
120
71
156
115
76
150
78
149
112
78
144
79
140
76
144
74
144
72
143
75
136
79
129
78
122
78
123
69
128
73
121
69
126
73
121
98
96
96
99
99
98
100
60
138
70
127
67
130
77
121
68
128
79
120
81
119
80
118
75
124
99
101
102
102
102
104
107
106
106
105
104
104
103
104
105
105
105
105
106
106
113
110
109
112
110
106
59
155
107
105
94
110
104
101
103
104
106
108
50
169
115
111
115
115
112
112
88
140
121
112
114
88
138
115
109
110
113
114
116
118
68
161
114
77
146
70
153
117
62
159
111
69
153
109
111
112
112
110
105
123
72
136
78
155
108
104
106
105
106
106
106
113
109
108
113
111
108
112
112
114
113
116
116
116
117
90
146
132
69
157
114
107
112
114
110
114
113
114
115
114
117
114
117
118
118
90
150
120
112
113
114
111
115
114
95
141
120
112
109
108
111
111
115
100
139
67
166
114
109
111
112
112
110
113
115
112
116
112
114
113
113
113
110
114
114
110
113
113
114
111
112
112
112
114
88
151
126
118
117
114
51
173
94
148
120
115
115
116
115
114
113
114
113
115
114
115
112
114
102
116
106
107
