840
899
99
822
634
15
810
696
817
230
810
771
1615
1631
696
949
2157
96
1631
15
2
546
512
12
534
512
18
530
512
8
1069
986
1049
964
1451
1451
158
807
220
784
512
1499
118
1657
76
8
556
512
22
26
0
24
16
512
18
526
0
1018
527
994
539
970
1047
962
529
986
672076289
1008
15
1008
1611
104
691
602
843
1425
2305
-240176065
752
-263437936
-265540146
-265540126
586
1144
4025
-206454103
88
559
856
564
1349
586
827
106
1325
152
1311
720
527
1301
236
252187383
252188175
724
1351
707
860
1181
900
618
951
2077
1087
988
548
563
1002
15
1008
32
559
1000
51
970
565
936
569
916
581
910
46
15
938
1063
954
29
92
45
860
571
826
901
82
827
632
805
686
783
2131
684
1463
649
976
1609
15
