26
121
98
126
95
129
94
130
89
135
91
138
89
141
86
138
91
132
67
41
116
63
45
112
67
41
109
69
42
105
66
43
101
66
46
67
77
70
100
65
45
105
102
84
71
59
118
96
116
100
63
86
71
101
116
147
73
151
75
150
78
154
73
157
74
115
115
158
74
160
72
76
89
68
161
73
162
73
155
81
146
85
148
67
158
81
149
75
154
72
155
72
156
72
64
96
67
157
70
67
96
68
160
69
65
95
66
160
62
75
86
67
155
71
68
90
66
154
75
145
74
150
71
146
76
143
76
140
79
135
83
130
87
128
88
124
92
122
94
118
97
113
99
112
99
110
100
108
103
103
107
101
62
51
94
109
97
104
96
97
96
96
94
99
90
92
91
93
94
88
90
89
89
91
87
91
91
91
93
93
94
96
96
96
101
101
104
104
77
119
110
105
99
105
99
94
89
96
93
77
91
92
91
87
92
95
71
103
91
95
78
113
98
98
74
114
99
98
94
98
98
97
62
96
99
97
72
115
99
93
97
98
101
101
101
102
101
69
118
75
99
76
97
103
87
106
113
113
110
121
103
68
119
80
64
52
106
124
98
125
90
129
106
133
89
139
85
147
78
148
78
154
76
157
73
81
83
70
152
66
171
75
86
84
68
159
75
158
75
113
117
165
75
162
75
155
77
162
72
164
72
161
73
161
71
127
99
159
75
169
70
170
74
161
73
164
77
71
159
142
126
126
131
67
160
72
160
71
154
72
150
77
147
77
150
77
148
81
144
85
142
89
139
94
139
92
142
89
143
89
142
92
113
115
123
75
148
107
128
97
108
118
119
107
121
103
119
104
129
83
99
131
133
92
128
92
128
100
125
102
123
73
135
64
56
112
111
109
110
108
109
110
107
113
104
113
76
57
64
106
120
114
91
88
116
78
137
92
131
103
113
93
120
113
111
106
109
110
112
108
115
107
118
100
94
121
126
127
67
123
102
125
94
123
83
126
89
129
116
130
101
126
104
126
94
128
103
95
69
65
126
102
129
102
111
117
126
92
136
95
65
78
82
122
100
134
93
150
77
156
71
152
73
133
82
152
71
155
71
153
74
144
82
139
89
135
93
135
92
140
86
98
72
59
140
86
148
74
66
94
70
155
74
155
73
157
73
156
72
160
69
160
71
146
75
161
74
156
70
163
69
159
73
152
73
156
77
152
81
74
85
70
142
81
149
84
151
77
153
76
160
69
161
71
159
73
158
72
160
75
157
76
150
73
154
78
151
82
147
84
145
86
140
91
132
64
45
119
99
122
101
120
104
119
88
118
63
58
113
63
46
110
63
49
106
62
48
104
61
49
102
62
48
101
85
120
60
53
94
108
99
92
118
109
104
105
105
106
107
70
125
61
66
98
102
105
110
105
109
110
110
111
111
108
107
107
115
94
119
111
126
86
132
69
149
94
85
134
80
72
76
64
148
77
144
74
155
71
105
67
163
109
163
70
162
70
162
69
160
71
159
72
160
76
153
72
158
72
155
72
156
72
156
76
149
73
160
223
73
149
78
144
81
141
81
138
85
134
88
136
86
138
223
82
65
89
65
129
79
137
94
126
87
131
100
120
96
124
97
126
97
131
97
133
89
135
87
133
89
135
80
140
84
136
84
137
86
135
85
132
90
127
93
126
95
124
99
127
91
131
91
105
147
130
109
137
81
164
78
157
69
99
72
56
155
69
159
74
115
106
159
69
69
93
65
158
70
158
69
156
72
63
94
62
161
74
154
70
156
69
157
71
157
70
157
69
157
77
148
68
127
90
156
75
151
69
158
70
159
71
157
70
161
74
149
72
157
71
163
70
164
70
128
93
166
74
167
76
164
71
167
72
166
72
165
73
165
74
166
76
163
71
167
71
166
72
163
71
165
71
162
72
164
70
163
72
162
71
156
77
93
77
62
154
77
149
81
70
96
64
148
83
149
82
145
83
144
86
139
89
138
91
139
85
141
82
146
77
146
77
148
75
153
73
155
76
154
78
149
68
158
69
138
90
153
72
150
79
82
84
61
144
83
148
77
151
75
150
76
139
85
144
80
148
75
155
70
155
72
146
80
138
83
137
84
139
87
135
86
132
87
134
84
138
82
139
81
142
77
145
76
147
76
148
73
150
74
144
75
149
75
146
76
149
75
145
76
144
79
138
80
132
88
132
84
100
116
140
82
135
82
69
85
68
136
88
135
86
132
89
132
84
138
87
137
83
132
90
130
87
127
91
127
93
125
93
122
94
127
94
122
94
123
90
122
95
122
96
121
95
122
95
120
97
119
98
115
102
116
104
109
68
127
61
67
98
105
100
57
61
95
107
97
67
54
87
101
95
61
83
88
93
99
56
84
74
85
80
83
85
85
87
65
102
88
88
87
87
85
91
85
85
84
83
83
73
81
81
79
82
80
79
79
82
81
79
80
82
81
82
78
84
82
82
81
82
83
83
83
80
85
83
78
89
78
84
76
85
86
89
88
72
66
86
84
88
92
92
91
82
90
94
88
93
60
89
90
96
93
81
95
96
78
99
86
102
86
101
86
67
116
65
97
102
100
101
102
101
69
110
98
81
95
94
101
75
122
107
97
72
67
79
104
106
114
101
114
103
61
74
82
107
104
114
103
118
100
124
94
130
88
66
76
80
143
78
62
83
79
147
75
146
76
151
78
148
73
147
75
147
73
139
71
151
75
150
74
151
72
154
72
155
72
155
64
160
77
150
78
149
81
150
78
152
77
153
74
157
65
159
75
151
72
150
74
70
93
65
154
71
150
73
153
68
152
78
150
71
154
71
153
71
156
76
154
69
157
70
156
70
157
70
155
71
152
72
155
69
152
69
153
70
150
69
145
78
137
86
133
89
130
93
130
94
126
98
121
103
119
61
47
69
80
76
109
61
51
109
64
49
109
66
45
89
127
107
59
58
96
56
56
98
108
100
59
54
97
58
53
94
55
58
93
57
55
94
55
55
94
56
53
71
116
96
97
97
85
62
67
98
72
106
103
104
104
105
104
104
104
103
104
105
100
102
100
102
101
104
96
92
103
98
103
109
109
105
117
98
121
94
125
88
133
194
90
137
83
141
79
136
84
144
75
81
70
75
142
72
82
81
67
153
71
156
72
155
73
155
72
156
71
156
71
152
71
155
70
155
70
154
74
148
79
68
94
63
143
84
141
85
144
82
147
77
146
79
148
76
153
71
151
74
151
73
153
72
157
69
157
68
156
69
155
69
154
71
154
71
153
76
149
81
65
90
71
136
91
137
91
106
28
92
132
94
129
98
123
104
121
102
121
105
119
104
117
62
47
110
63
48
109
61
51
107
61
51
106
65
50
105
111
106
62
53
106
108
112
105
113
101
112
101
113
101
102
113
58
80
115
75
114
104
84
69
68
116
82
133
109
114
103
112
98
112
60
47
111
107
111
106
110
107
112
81
128
105
109
99
106
107
107
105
107
105
109
103
113
101
114
100
113
100
116
101
117
99
121
97
121
97
119
98
117
105
117
106
113
61
49
109
61
49
108
87
118
60
61
104
108
106
103
103
106
67
75
75
114
99
121
94
125
97
123
97
123
89
122
99
63
121
65
137
94
119
97
118
99
116
101
116
104
113
105
112
65
127
64
57
108
104
103
96
116
102
120
72
136
77
132
107
107
72
121
64
59
106
104
104
102
105
102
100
102
107
105
109
106
106
70
83
101
103
74
86
110
121
118
63
115
93
121
87
117
96
116
101
116
100
115
103
111
63
46
105
108
106
63
50
104
107
110
106
113
101
115
102
113
99
115
95
115
99
119
97
58
94
100
117
99
64
82
72
115
102
72
76
71
117
99
71
51
94
102
116
121
91
125
100
107
109
111
94
120
106
109
104
111
99
123
92
128
71
146
95
123
97
117
104
116
72
133
60
55
113
83
128
60
51
108
106
112
102
117
97
121
97
120
96
119
98
116
99
117
100
118
97
124
93
127
91
128
88
128
92
128
92
129
90
132
87
141
78
147
69
149
69
87
72
60
142
74
140
76
135
83
130
90
125
96
119
99
118
74
134
62
49
115
101
112
105
110
103
113
101
112
80
131
102
114
95
114
100
116
93
118
99
108
104
118
100
122
96
121
96
122
95
122
98
123
90
121
101
120
99
119
100
116
102
115
105
100
117
107
60
51
106
62
48
85
66
64
104
59
52
107
105
113
102
115
101
113
102
111
103
111
104
107
107
105
57
52
104
107
104
107
105
101
104
103
106
101
109
100
110
98
111
98
110
100
110
104
107
76
123
60
61
101
57
53
98
81
120
58
60
101
106
99
90
115
99
104
102
99
82
120
103
103
102
102
102
86
115
101
97
98
97
97
76
72
58
94
99
97
99
99
101
81
69
76
103
90
107
86
110
110
95
113
111
96
111
95
111
99
109
98
110
80
127
95
108
88
122
101
104
83
120
104
102
103
100
104
104
72
52
118
77
105
86
122
91
107
104
104
101
109
98
109
69
129
106
114
94
110
98
111
93
112
101
117
93
114
92
113
101
115
97
115
97
119
96
124
91
129
91
129
92
127
94
126
97
123
101
119
58
47
111
105
107
62
48
103
60
50
101
59
52
98
61
56
94
59
52
100
104
107
104
108
101
113
94
114
94
116
93
118
94
121
94
121
93
122
94
120
96
123
93
122
95
123
93
125
93
126
93
127
88
130
90
124
96
129
82
136
91
66
73
68
94
36
86
126
80
144
71
140
75
130
64
143
93
122
95
118
71
54
59
82
61
106
104
111
101
115
95
124
89
128
85
127
88
127
89
127
73
139
95
118
97
116
64
37
115
100
113
99
114
100
118
96
121
95
120
97
122
94
122
91
122
98
122
97
123
98
121
98
122
100
118
101
117
103
115
103
114
71
131
64
54
108
65
43
108
109
109
62
48
110
102
117
97
120
94
83
71
61
125
92
124
94
123
94
122
95
120
97
117
100
118
98
119
68
133
62
53
113
99
113
100
117
96
121
93
120
93
119
95
120
95
119
76
132
60
44
87
66
60
105
59
49
108
61
43
111
103
102
112
112
79
129
59
51
67
75
70
111
88
130
96
118
93
119
95
124
90
128
87
132
84
131
87
130
89
134
