75
105
107
108
106
107
106
107
108
106
107
108
105
107
107
107
105
107
107
106
108
106
108
109
106
108
110
107
109
110
109
110
109
110
110
108
110
108
109
111
108
111
109
109
111
109
111
108
110
110
110
111
109
109
110
107
109
107
109
70
152
126
124
117
118
116
114
117
114
114
113
113
115
112
111
112
110
112
110
112
113
111
112
114
113
74
158
130
127
123
122
120
122
118
121
120
122
120
121
75
157
131
123
122
117
116
115
112
85
139
119
113
111
112
109
111
108
109
110
109
110
109
64
158
128
124
117
117
114
113
64
156
126
121
117
117
113
114
112
112
112
112
113
110
112
110
113
110
112
112
109
112
110
111
112
109
111
112
109
113
110
111
112
110
113
109
112
113
111
113
111
112
114
111
112
111
110
113
111
113
110
113
110
113
111
112
111
114
110
113
111
111
113
111
113
111
112
108
111
109
109
109
108
107
109
109
107
107
77
147
123
120
114
114
112
111
113
110
111
110
110
111
109
111
108
111
109
110
112
109
113
111
113
111
113
112
112
112
111
113
112
111
113
110
113
109
112
110
112
110
113
109
111
109
111
113
110
113
111
67
161
130
128
120
121
116
70
160
128
125
118
116
115
114
111
113
109
109
112
108
109
113
108
111
113
109
111
113
110
112
111
111
112
110
111
112
109
113
111
112
113
110
113
110
112
113
110
113
112
113
114
112
114
112
112
113
112
112
114
110
112
112
112
112
110
113
113
110
112
114
110
114
112
114
116
112
115
114
114
116
113
116
114
114
116
113
115
112
114
115
111
114
111
114
112
113
115
112
115
112
114
115
113
115
113
114
115
114
115
112
115
112
113
113
112
114
115
113
114
112
69
157
116
114
111
113
112
112
114
110
113
111
112
113
112
114
111
114
110
114
111
115
115
110
114
113
112
114
111
113
113
113
115
112
115
112
113
113
112
114
110
114
75
157
132
125
120
121
118
119
115
118
113
117
113
64
156
129
126
120
120
118
117
119
115
117
115
115
116
115
117
113
115
114
114
115
111
115
113
114
115
112
115
112
115
113
114
114
112
114
112
115
117
112
115
114
116
118
113
117
115
115
118
113
116
117
114
116
114
116
117
112
116
114
114
116
112
115
115
115
117
114
115
116
113
116
114
115
116
114
116
112
117
116
115
116
113
116
116
112
116
112
115
114
114
117
111
66
164
131
128
121
122
118
118
119
118
120
117
119
117
118
120
117
118
116
117
116
116
68
159
135
130
124
123
119
120
121
119
121
117
119
119
117
119
116
117
118
115
119
115
117
117
117
119
115
118
119
115
118
117
116
119
115
118
118
118
120
115
119
115
118
119
116
119
116
118
119
118
118
115
119
118
117
119
116
119
118
117
118
115
119
116
118
119
115
119
118
118
120
116
120
122
118
120
120
118
120
116
120
117
119
120
117
119
119
119
120
117
119
117
120
121
115
121
119
118
120
116
119
119
117
119
116
118
121
116
119
118
79
166
135
133
125
126
121
121
122
120
123
121
122
121
120
120
121
122
119
122
121
122
123
120
122
122
120
121
119
121
119
121
121
118
121
118
121
119
119
121
116
120
118
120
122
117
120
120
119
82
163
136
133
126
128
123
124
123
123
124
125
124
123
123
126
122
124
123
123
123
124
123
122
124
123
123
125
121
122
124
122
125
121
122
123
121
123
119
122
119
121
122
121
123
119
120
123
118
123
119
120
121
119
122
119
121
122
119
122
121
119
121
117
121
122
118
121
122
120
123
118
122
119
120
121
118
121
122
118
121
118
71
168
137
134
127
127
123
125
123
123
125
123
122
123
123
124
121
123
121
123
124
121
122
122
119
121
117
120
120
119
120
117
120
117
118
121
117
120
122
117
120
117
121
123
118
121
119
120
67
163
137
133
127
127
124
123
125
123
126
123
124
123
125
126
125
126
126
126
127
127
125
124
125
126
124
124
123
123
125
122
124
122
126
125
124
125
124
126
124
125
122
123
124
122
123
120
122
123
120
123
119
122
122
121
124
118
122
119
121
122
119
121
122
120
122
119
121
122
119
121
119
120
76
66
218
66
205
138
133
87
167
139
133
129
129
127
127
125
71
162
138
137
130
130
130
129
129
132
132
132
131
132
129
129
126
128
127
125
127
124
128
125
127
125
124
128
126
126
124
123
126
123
125
123
125
126
123
124
126
124
124
124
124
122
123
121
123
124
120
122
122
120
82
163
137
134
128
129
72
158
144
130
130
126
127
125
125
123
124
125
125
125
125
123
126
124
126
127
127
128
127
128
126
125
125
123
123
124
120
122
118
121
119
117
118
113
118
116
116
114
115
118
123
117
122
115
119
116
119
119
117
74
164
139
136
130
130
128
128
125
126
124
126
123
125
124
125
124
126
123
125
122
124
123
124
123
124
123
124
123
122
80
163
136
133
127
127
123
121
125
122
123
120
120
120
118
118
72
158
117
116
112
115
116
111
114
115
112
115
114
112
115
112
114
115
113
116
117
115
120
118
119
120
119
124
119
123
121
120
120
119
121
119
121
121
119
121
119
122
120
122
118
119
117
119
120
117
120
116
120
117
118
121
116
119
119
116
119
119
117
120
117
120
121
118
120
121
119
120
118
123
122
120
123
120
122
123
118
121
120
119
122
118
121
118
122
122
121
122
118
122
123
119
122
119
122
124
120
121
118
120
120
117
121
117
119
119
120
120
116
120
116
118
114
119
115
117
119
116
119
115
119
119
117
119
119
117
118
116
119
118
117
119
116
119
80
164
138
131
125
125
125
124
122
124
122
80
171
137
133
127
127
123
125
123
120
124
122
124
121
122
120
121
121
120
121
118
120
118
120
122
117
121
118
119
118
119
121
120
122
119
119
120
116
120
116
118
119
117
121
115
120
118
119
121
116
119
116
119
119
119
120
117
120
116
119
116
119
117
117
118
115
117
118
116
118
115
118
116
118
118
115
118
118
117
119
116
117
118
117
120
115
120
117
117
118
115
118
119
117
120
116
119
117
118
120
116
118
117
118
119
119
120
116
121
121
116
121
120
119
116
122
121
120
121
122
119
120
120
118
121
117
120
117
121
123
119
122
118
119
119
119
120
117
119
120
119
121
73
164
141
130
130
124
126
122
121
123
122
124
121
123
84
168
135
131
126
126
121
124
121
122
120
121
122
120
121
117
119
117
118
117
117
121
115
118
118
116
118
114
117
115
119
119
117
118
115
119
119
119
118
115
119
117
118
121
116
119
115
120
121
116
119
117
118
119
115
119
119
115
119
76
163
138
130
124
127
123
124
122
122
121
122
123
121
122
118
119
122
118
120
117
119
116
119
120
117
120
115
72
163
134
131
125
125
122
123
121
121
120
119
122
118
120
116
118
119
116
119
115
119
117
119
122
117
67
169
136
135
127
127
124
125
123
123
123
121
100
148
129
123
84
161
135
132
126
126
122
123
123
123
125
122
126
121
125
121
122
122
121
119
123
123
119
121
123
121
123
119
121
121
121
122
119
121
122
121
124
121
123
122
122
125
120
124
120
121
121
120
123
118
120
122
117
120
119
119
121
114
121
119
119
121
116
120
118
118
119
117
120
115
121
119
119
71
164
134
132
125
126
121
125
122
122
124
124
124
121
122
121
121
120
120
121
118
119
119
120
122
117
119
118
119
120
116
119
119
118
122
117
68
164
134
132
126
127
124
125
122
122
124
122
69
161
133
132
126
126
69
165
137
128
130
124
124
123
123
124
122
121
122
121
124
120
121
121
119
122
118
119
120
119
122
117
120
119
122
123
117
120
121
118
121
117
120
122
119
121
117
121
118
121
121
119
121
121
120
122
119
121
123
118
121
117
120
122
118
121
121
119
122
118
119
121
118
121
116
120
120
119
120
117
120
123
118
120
118
119
118
119
119
117
120
115
121
119
119
122
116
120
120
118
72
164
135
133
126
127
123
121
124
122
70
163
134
130
126
127
123
69
166
135
135
127
127
124
123
125
124
126
122
125
122
123
124
124
126
124
123
123
123
123
123
125
120
122
124
119
75
170
138
135
127
129
125
125
123
124
122
123
124
124
125
122
124
119
120
122
119
121
117
120
120
122
124
118
123
120
123
122
119
122
120
120
123
118
121
122
119
124
119
122
122
121
123
118
124
125
121
123
121
123
124
120
123
120
122
123
121
122
118
122
120
122
123
118
121
118
121
120
122
124
119
122
122
122
123
119
122
117
122
120
120
121
119
121
122
119
122
118
122
122
117
122
118
121
121
119
123
118
122
74
166
142
133
128
128
125
127
124
126
122
123
123
121
121
123
123
123
121
123
121
123
120
122
122
121
123
120
121
123
119
124
119
122
122
120
123
118
124
123
122
125
119
123
