73
122
124
120
68
169
136
134
127
129
79
166
138
130
128
124
127
123
124
123
123
124
124
125
123
124
121
122
123
122
124
121
124
121
122
121
123
124
122
125
121
124
121
123
123
122
126
120
122
120
122
124
120
125
120
125
121
123
124
124
127
121
125
121
124
123
122
124
119
121
121
121
122
119
123
118
122
123
121
122
118
122
118
121
122
117
121
121
120
122
118
73
171
139
135
126
129
126
126
124
123
126
124
126
124
123
123
123
125
120
125
122
123
122
124
126
121
123
123
123
125
121
122
119
121
122
122
73
166
140
133
127
128
125
127
125
124
125
124
127
124
124
122
124
126
121
126
122
123
125
122
125
121
123
123
123
125
120
122
121
124
125
122
124
121
122
122
121
121
118
75
166
138
135
128
128
124
125
123
124
125
124
124
122
122
121
125
123
123
125
120
123
122
123
125
121
122
124
123
124
120
123
119
122
121
122
122
119
121
118
121
122
118
120
121
120
123
118
122
122
120
123
119
122
117
123
120
121
66
61
209
140
133
131
128
129
126
126
91
163
144
133
133
127
128
126
126
128
125
127
124
125
125
127
123
125
123
124
125
122
123
121
124
120
124
118
122
83
163
141
133
127
129
126
129
125
128
125
125
73
168
145
135
133
129
125
129
126
129
126
128
126
125
127
127
128
126
125
128
125
128
124
125
126
125
128
123
127
123
124
123
125
127
123
125
122
124
121
124
121
125
123
123
125
120
124
124
121
123
121
124
126
120
125
121
124
124
124
126
121
123
123
123
125
120
124
123
123
124
121
124
125
122
124
122
124
126
121
125
121
124
125
121
125
122
123
124
120
122
123
121
123
118
120
121
119
121
125
119
122
121
79
70
68
216
89
183
134
129
128
127
126
128
129
128
127
125
128
126
127
123
126
128
125
127
124
126
124
125
124
125
127
123
126
123
125
125
123
125
121
124
120
125
123
124
125
119
121
124
120
119
121
118
120
123
119
122
124
121
121
122
120
122
122
118
120
118
119
119
116
118
115
116
117
116
118
115
117
117
117
119
115
117
119
115
117
118
115
114
115
117
116
119
121
119
121
123
121
124
121
121
124
121
124
126
124
125
122
125
124
123
127
121
124
124
122
123
121
122
71
167
141
133
128
128
124
125
122
123
123
120
120
121
118
118
74
162
134
132
127
127
125
123
74
166
138
133
128
128
125
124
126
124
125
123
124
124
122
122
125
121
120
119
122
120
121
121
121
124
120
121
123
120
121
122
118
121
118
117
119
118
118
120
118
121
122
119
122
121
122
125
123
124
124
121
121
123
119
120
120
120
123
120
122
123
120
123
121
122
124
121
122
123
122
125
121
121
124
122
125
125
124
126
122
125
123
124
123
124
124
122
124
122
123
122
122
122
120
122
74
168
139
137
131
131
128
129
126
126
127
126
126
124
125
123
125
126
125
127
124
127
127
126
128
125
127
127
127
129
126
128
126
129
126
128
127
126
129
126
128
127
126
126
123
125
120
121
122
120
71
166
139
134
130
129
126
127
71
166
139
131
130
127
128
126
126
126
125
128
125
126
124
126
123
124
122
124
123
124
122
124
121
125
121
123
122
124
121
123
121
124
119
123
118
121
121
119
122
119
122
122
121
123
119
121
121
119
120
116
119
117
118
119
114
119
115
117
114
116
117
114
118
115
119
120
117
122
118
120
120
118
121
118
120
121
120
121
120
120
118
119
120
117
121
118
122
120
124
123
123
79
169
142
138
132
131
128
129
127
129
127
126
126
126
103
151
134
128
129
128
128
130
129
130
126
128
127
127
127
127
128
125
129
126
126
125
125
127
124
126
123
126
123
125
124
125
124
122
124
122
126
126
126
127
124
126
122
124
123
123
125
121
126
122
125
122
125
127
124
126
123
126
122
127
122
125
121
125
126
123
127
123
126
125
127
130
126
129
126
130
125
129
124
125
126
126
128
124
127
123
127
124
127
123
124
123
122
124
119
122
122
123
124
121
124
121
124
122
124
122
123
124
119
125
123
124
124
121
125
120
90
161
138
130
128
128
126
128
125
128
124
127
124
125
124
125
124
124
121
126
124
124
74
169
141
135
128
130
127
128
124
124
126
124
126
121
124
126
121
124
119
122
122
120
122
121
123
127
120
125
127
126
127
94
163
144
134
134
132
131
129
129
130
130
130
76
173
142
138
133
133
129
132
130
129
128
128
130
128
128
127
127
130
128
130
127
129
127
130
126
128
127
128
129
126
129
125
127
128
125
127
124
126
122
127
125
126
129
124
127
124
125
128
123
126
126
124
127
122
126
127
124
127
122
73
174
143
136
133
131
133
131
131
129
129
131
129
130
127
129
127
127
126
73
173
141
138
132
132
128
130
127
127
127
126
127
125
126
122
124
127
123
125
127
124
72
170
142
139
133
134
131
130
128
128
129
128
130
129
130
127
130
125
129
124
127
128
125
128
122
126
123
126
126
124
128
124
128
122
129
126
126
124
124
126
123
126
129
127
131
125
129
129
128
131
127
129
126
129
130
124
127
123
126
126
121
125
125
127
128
123
127
127
125
127
123
126
127
124
128
124
127
129
123
126
125
127
130
125
129
126
128
129
126
131
126
130
126
129
126
128
130
124
129
126
127
130
124
127
129
126
129
123
126
123
127
127
126
128
124
126
126
124
126
122
125
125
125
129
124
126
125
127
127
124
126
126
125
128
124
127
129
123
127
127
127
129
124
127
127
126
131
123
127
128
124
130
123
128
124
129
129
127
128
124
126
127
124
128
122
78
175
143
140
133
133
128
131
129
128
130
130
129
128
127
129
127
130
125
128
128
126
130
125
129
129
126
129
123
127
125
128
130
125
129
74
168
150
138
136
132
132
128
128
129
129
129
128
130
126
128
129
127
128
126
125
127
128
124
127
129
125
128
125
128
128
126
130
126
130
128
130
131
127
131
125
129
130
126
131
128
128
132
125
129
130
128
130
126
130
130
129
81
170
145
142
135
136
132
131
132
132
135
132
132
130
131
133
131
132
131
130
134
130
134
132
134
133
132
132
135
133
131
132
131
133
133
133
130
130
130
130
131
131
131
129
133
132
130
131
128
131
132
130
129
127
130
129
128
131
126
130
128
102
165
143
140
135
135
134
130
130
132
133
133
135
132
133
133
132
133
132
133
130
131
129
131
130
131
132
130
133
127
131
128
129
129
130
133
127
129
129
131
73
173
144
142
135
136
133
135
131
131
133
132
132
129
130
134
131
132
129
131
131
130
132
128
130
130
130
132
128
131
133
134
135
131
132
131
133
133
130
131
129
131
132
129
130
128
130
132
128
133
126
132
130
130
132
126
129
129
130
132
126
130
131
130
129
130
132
126
130
129
131
132
129
132
128
131
129
129
134
127
131
128
131
134
128
130
130
129
128
129
132
126
130
128
129
91
172
146
142
137
138
135
135
132
131
133
132
134
131
132
130
131
133
130
133
129
131
126
129
127
129
129
126
129
125
127
126
130
130
127
131
126
128
129
127
132
127
131
132
127
132
130
132
134
131
132
130
133
133
129
133
126
131
129
129
132
127
129
125
128
127
93
170
146
142
136
135
72
162
158
140
138
133
131
131
130
73
171
142
137
134
129
128
129
130
132
129
130
132
131
72
169
144
142
137
135
133
131
133
132
132
132
76
175
142
140
135
134
132
131
132
133
132
131
129
131
74
169
145
136
133
130
129
130
130
130
130
131
132
135
135
133
134
135
135
134
134
133
133
136
133
135
133
134
132
133
134
131
132
132
80
171
143
141
135
134
132
131
131
133
132
131
131
131
132
131
129
129
124
126
127
122
126
126
127
129
125
128
126
130
131
77
172
150
142
140
134
133
131
130
132
132
131
92
164
147
138
136
132
132
134
131
132
131
133
132
133
133
131
132
134
133
134
131
132
131
133
84
171
148
141
139
134
132
131
129
130
128
127
128
126
127
125
125
128
124
128
131
133
135
132
132
132
135
136
132
135
132
134
132
129
130
128
130
130
127
130
128
129
127
131
129
127
131
131
133
134
130
131
133
130
133
128
131
132
128
131
74
67
229
146
143
137
136
132
133
132
133
132
132
133
134
133
132
131
132
134
