59
82
81
81
81
82
82
83
83
83
83
84
83
83
84
82
84
84
84
85
83
85
65
103
83
83
83
82
81
81
81
80
64
98
80
80
79
80
79
78
79
78
78
78
78
77
78
77
78
77
77
77
77
77
76
76
76
77
75
75
76
75
76
75
76
75
75
75
75
75
76
76
76
75
76
76
75
76
76
76
77
75
76
76
76
77
76
73
82
77
77
77
77
77
79
79
81
82
83
83
67
102
84
84
66
101
83
83
83
82
82
82
77
87
81
81
76
87
80
81
78
87
83
83
84
84
84
87
86
87
86
86
88
50
54
70
85
86
58
107
86
83
83
83
81
81
80
82
80
81
82
82
81
83
83
82
83
85
85
66
107
85
86
86
86
86
65
107
85
86
86
86
87
86
66
107
85
86
85
84
84
85
84
85
86
86
86
87
87
64
110
87
85
87
87
86
86
87
85
85
87
84
85
85
83
85
82
82
84
82
82
81
81
80
79
78
79
79
78
77
79
78
77
76
77
78
76
76
77
76
76
75
77
76
75
75
77
73
74
75
75
78
72
76
76
75
76
76
77
77
75
77
68
86
77
76
78
76
76
78
77
77
77
70
82
77
77
77
79
76
77
78
78
78
78
77
78
78
78
77
79
79
78
78
78
79
78
78
78
78
79
77
83
73
76
76
77
77
76
77
77
78
75
76
76
77
77
76
76
78
74
76
76
76
75
76
75
76
75
75
75
75
76
75
76
76
64
87
77
77
77
77
77
79
78
79
79
80
79
81
80
80
79
83
77
80
84
79
80
79
77
79
80
79
79
78
79
78
80
78
77
77
78
78
78
78
77
77
77
77
77
77
76
76
77
76
77
76
76
76
76
75
75
74
70
50
95
76
74
75
74
74
74
73
72
73
73
74
73
74
73
73
72
73
74
73
46
75
73
88
75
74
75
78
60
85
77
77
77
76
76
77
76
78
77
76
78
75
77
77
79
78
79
78
79
78
79
79
80
79
79
83
81
82
83
80
87
83
83
84
82
84
85
84
85
59
110
85
82
82
83
84
66
102
85
85
86
89
63
129
62
57
76
100
103
105
104
98
96
63
71
101
115
103
92
64
119
90
89
89
88
88
87
66
106
86
87
84
85
84
83
85
86
85
60
107
86
85
85
84
83
84
85
84
83
83
83
82
70
94
84
76
86
81
81
82
82
80
79
78
72
84
78
77
77
77
77
77
77
77
77
77
76
77
72
81
77
76
76
77
70
82
76
77
76
76
78
76
76
77
76
75
79
77
79
78
79
79
80
81
80
82
82
82
83
83
83
84
83
84
83
84
84
83
83
83
83
83
83
82
84
84
84
85
85
86
86
86
87
86
86
87
86
85
86
86
86
86
87
86
87
86
85
85
85
85
83
82
82
82
82
81
81
81
81
81
80
82
82
81
82
81
82
81
81
82
81
82
82
83
82
84
83
84
83
82
87
85
85
87
87
88
89
90
90
92
91
92
92
66
118
91
90
90
88
88
89
57
107
87
88
87
88
88
89
89
90
61
119
90
89
89
89
68
107
87
86
87
86
84
89
86
85
86
85
86
84
67
101
84
83
82
83
82
63
98
81
80
80
80
79
80
79
79
80
77
60
95
78
78
76
77
77
76
76
76
58
93
77
77
76
77
77
77
75
80
78
78
79
79
79
80
79
80
75
88
82
82
83
84
84
86
86
87
88
88
89
89
60
120
91
90
92
92
72
111
91
91
90
90
62
117
88
89
89
87
88
87
88
88
64
110
86
86
86
84
87
85
86
85
85
66
103
84
85
82
82
83
82
82
81
81
81
81
80
81
80
80
79
79
79
78
78
79
77
78
76
77
77
76
76
77
76
76
76
76
75
47
95
77
75
75
75
76
74
74
75
74
76
75
76
75
77
75
76
77
77
78
78
78
60
99
80
80
82
81
82
81
89
77
83
83
83
84
83
83
84
83
84
83
84
83
83
83
62
105
83
84
83
85
85
84
86
86
86
85
86
85
84
83
83
84
82
83
84
84
82
49
108
86
83
84
83
83
83
83
83
83
83
82
83
82
82
82
82
81
81
81
80
79
80
80
82
81
82
82
83
82
84
83
83
82
82
82
81
82
81
80
81
80
81
79
80
80
79
78
78
78
78
77
77
77
59
92
76
76
77
76
76
76
77
77
77
77
77
78
78
78
75
84
79
82
55
104
83
83
83
85
85
85
86
87
64
117
90
93
96
100
68
58
81
103
106
106
69
57
77
96
99
65
69
122
113
99
96
94
94
94
65
24
99
92
93
91
92
91
90
70
109
90
90
88
90
88
88
88
87
86
80
94
86
87
86
83
66
105
85
86
85
83
84
83
83
82
82
82
82
75
87
82
82
81
82
81
81
81
82
81
61
101
82
81
80
80
79
63
97
80
79
81
75
86
81
81
82
82
79
86
82
83
82
83
83
83
83
83
82
82
82
81
80
82
81
82
82
83
82
81
81
81
80
81
81
74
87
80
80
79
50
101
79
80
79
79
79
78
79
79
78
79
78
78
77
78
73
82
78
77
77
73
82
77
78
77
78
78
78
78
47
79
89
82
78
71
83
77
76
78
75
76
76
76
77
45
95
78
77
75
73
77
75
75
75
69
82
77
77
78
80
81
82
84
86
61
114
89
90
60
115
90
89
89
89
70
106
88
88
65
108
86
85
80
89
83
83
62
104
82
81
79
84
80
80
80
80
79
79
48
65
103
88
78
77
77
75
79
76
76
75
76
76
75
74
48
83
83
75
75
74
45
77
83
74
74
73
67
76
72
71
71
71
71
70
67
74
70
70
70
68
72
71
69
71
67
74
71
72
72
73
74
74
75
75
77
75
77
77
82
75
78
80
79
80
80
79
83
81
80
77
82
81
83
83
83
84
78
90
83
84
66
100
83
83
83
84
83
84
85
61
79
117
56
109
86
88
61
107
87
86
62
109
87
85
64
107
65
58
53
81
86
86
63
109
86
84
65
103
83
83
65
103
83
82
82
82
66
63
51
65
81
81
67
91
81
59
101
80
79
78
79
72
85
77
59
95
78
77
76
77
76
76
75
77
76
76
77
77
73
80
78
76
80
78
78
79
74
83
79
79
76
83
79
79
79
80
79
80
79
80
76
84
80
80
81
81
81
80
80
81
84
76
79
81
80
80
81
80
81
80
81
64
97
81
81
76
83
80
80
79
79
79
80
79
79
80
80
77
82
74
84
78
80
78
79
79
69
88
78
77
78
60
96
77
77
77
73
80
77
76
77
76
77
76
76
77
76
73
80
76
77
76
73
80
76
77
73
79
76
76
76
76
76
76
77
76
77
76
77
76
77
76
82
72
76
76
76
77
77
76
77
77
76
76
71
82
63
58
38
73
77
73
62
98
78
79
76
83
64
57
42
77
80
81
60
102
82
82
82
83
84
84
61
112
87
87
69
106
87
87
63
110
85
86
62
69
48
77
84
83
83
83
82
82
62
100
81
80
63
96
79
80
79
79
79
80
82
84
82
64
104
84
84
84
85
85
86
87
65
108
86
88
86
88
88
87
58
116
87
86
69
102
85
86
84
84
82
89
83
85
84
63
103
83
83
65
99
82
82
82
82
82
83
83
83
61
105
83
83
81
84
82
82
82
81
82
82
82
82
82
60
105
83
83
66
96
59
100
55
59
47
77
80
65
91
80
61
98
80
79
79
79
78
80
75
83
78
80
78
79
79
78
78
79
79
78
79
62
95
79
78
80
46
108
76
80
78
77
77
77
77
78
58
96
78
77
77
78
78
78
77
79
78
73
82
77
78
77
77
77
78
77
77
78
77
78
73
83
78
78
77
78
78
61
93
56
98
78
77
77
77
73
82
77
75
82
78
79
80
80
79
63
97
80
80
76
85
80
81
81
81
80
81
81
82
81
81
61
101
81
81
81
81
81
81
60
103
81
83
82
83
66
100
83
83
83
83
78
87
82
82
81
82
81
82
80
81
77
85
79
80
80
79
80
65
92
80
80
80
75
84
79
79
80
78
78
79
75
82
78
78
78
65
91
77
81
79
79
79
79
71
87
80
80
78
81
80
80
79
82
82
83
75
90
83
84
84
84
83
83
83
85
86
61
113
87
88
89
89
59
117
86
87
64
84
109
82
98
86
87
86
85
63
102
83
84
85
83
63
102
83
82
82
82
81
81
81
82
83
62
104
84
84
83
83
84
83
84
83
79
87
82
82
82
80
81
80
81
84
76
80
80
80
79
79
80
79
79
80
80
79
80
80
80
80
80
79
60
98
79
80
75
83
79
80
80
65
94
80
80
65
75
99
80
79
60
99
79
79
79
79
79
79
79
79
79
81
79
80
80
80
80
80
80
80
81
76
84
80
80
80
80
81
80
80
80
80
80
68
91
80
80
76
82
78
80
78
78
79
78
78
79
75
82
78
79
79
79
78
79
80
78
80
63
95
60
58
43
78
80
80
80
81
80
63
96
81
79
63
96
80
79
80
80
80
80
80
81
83
82
73
96
85
87
87
87
88
89
58
122
90
91
62
121
91
91
62
116
89
88
67
109
87
87
87
86
62
109
85
87
64
107
85
87
85
80
93
87
87
86
86
64
108
85
86
84
85
64
104
83
83
83
77
88
83
83
82
82
81
83
82
81
82
82
81
81
61
104
82
83
83
62
104
83
83
75
89
82
82
63
101
82
82
76
88
81
81
76
87
81
80
77
85
80
79
78
82
80
80
75
87
80
81
65
98
81
81
50
103
81
80
76
85
80
81
64
97
81
81
65
98
81
82
66
98
82
82
64
99
81
80
65
96
80
80
78
65
93
79
79
78
79
71
86
78
79
78
79
74
83
78
78
78
78
78
78
71
85
78
78
79
61
95
78
79
79
79
79
79
80
79
80
79
63
98
81
80
80
81
61
99
81
80
78
81
80
79
77
81
79
79
82
76
80
79
80
80
64
96
81
81
81
81
80
82
63
98
81
81
76
85
81
81
73
86
81
79
76
83
80
78
79
78
79
77
78
61
93
78
77
76
78
78
77
78
78
77
74
82
78
79
77
78
78
78
78
58
97
78
78
79
79
79
79
58
101
80
79
75
83
52
101
79
80
79
79
79
80
59
98
79
79
79
78
58
81
94
78
78
79
77
77
77
78
77
81
74
78
77
78
78
78
71
86
78
78
79
78
78
59
96
78
78
75
81
77
78
78
77
77
78
78
78
78
78
60
98
79
80
66
95
81
80
65
97
81
80
76
86
83
82
66
99
83
84
68
99
63
57
50
82
86
87
86
87
86
86
62
109
85
84
60
107
83
81
63
101
83
84
86
62
108
84
85
64
105
83
84
63
101
82
83
80
81
82
81
82
81
82
83
60
105
83
83
82
82
83
82
81
82
81
81
81
76
85
79
80
79
79
78
79
79
78
79
79
79
62
94
63
93
79
79
79
57
91
89
80
79
79
60
98
79
80
61
98
79
80
62
97
81
80
79
83
81
80
63
99
81
81
66
97
81
82
79
84
81
82
80
84
81
80
80
73
64
103
79
78
78
77
74
80
76
76
77
76
76
75
76
76
76
75
76
75
64
85
75
73
75
74
75
74
69
78
75
74
78
70
73
74
73
73
73
73
73
72
73
73
72
73
74
73
73
74
73
74
74
74
75
75
76
76
72
80
78
77
78
78
75
83
79
80
81
80
83
81
82
81
81
81
81
82
55
108
83
82
60
104
82
82
63
101
82
81
63
98
81
80
81
81
82
58
106
82
82
82
82
82
83
59
108
84
83
83
63
103
82
82
82
83
65
97
81
81
80
80
71
88
79
80
79
78
78
77
81
78
77
78
77
67
86
78
76
76
77
76
76
76
77
76
75
76
76
76
71
79
75
76
75
75
71
81
75
75
60
90
76
75
75
63
86
75
75
75
74
71
78
75
75
76
73
75
75
77
73
74
75
76
74
69
81
75
75
75
75
76
75
75
74
75
59
88
78
73
74
75
75
74
70
81
75
75
76
75
77
75
68
83
77
76
76
78
65
88
75
72
80
76
73
76
71
80
76
76
75
76
66
84
76
75
75
79
75
69
65
92
74
77
77
78
76
78
68
86
78
78
77
78
61
95
77
78
57
95
78
78
77
78
76
77
77
76
76
76
60
92
77
76
75
77
60
56
100
85
75
77
73
75
74
74
70
78
74
75
74
74
76
74
72
77
74
74
74
74
60
66
96
75
74
73
74
78
69
74
73
74
74
73
75
56
93
75
74
74
74
76
75
75
77
71
81
77
78
78
79
79
79
80
80
79
80
79
80
80
80
58
101
79
80
79
80
80
57
101
81
82
78
86
82
82
57
105
83
84
85
65
105
84
85
85
59
58
55
82
85
69
62
48
75
72
93
83
58
105
81
81
62
98
80
79
78
79
78
78
72
83
77
77
76
77
76
76
69
82
75
72
78
75
75
69
79
75
75
71
78
74
74
62
65
91
74
72
72
72
68
76
61
68
89
74
73
72
74
73
57
