90
118
117
68
143
116
92
127
112
83
127
111
110
98
125
106
109
98
121
75
136
112
92
131
112
88
137
108
111
112
108
109
83
119
109
105
86
121
110
110
108
64
150
77
121
106
105
82
117
105
104
103
102
86
108
100
98
101
100
101
98
79
114
101
102
69
78
44
104
101
82
114
103
104
104
109
106
108
111
110
112
112
75
132
112
83
130
114
102
124
114
106
122
116
116
116
118
119
119
120
82
135
116
117
93
127
114
116
115
112
111
114
113
113
69
134
113
109
86
125
108
110
108
68
131
108
107
109
108
82
136
93
116
105
107
111
111
106
106
85
117
107
106
83
119
108
107
105
108
107
107
109
110
109
93
120
75
133
109
88
122
109
108
92
128
115
115
76
140
118
91
130
114
114
95
124
111
112
81
127
110
110
111
89
125
112
88
129
114
117
57
170
114
112
84
127
58
165
109
111
112
114
113
81
134
118
120
58
152
121
119
113
59
148
119
114
116
58
171
114
85
124
110
110
53
169
113
112
112
114
113
114
113
60
155
110
110
111
85
125
108
111
109
109
106
106
105
104
104
103
102
101
100
102
100
102
69
124
104
105
106
106
107
108
108
108
83
124
111
110
113
113
117
85
130
115
118
61
184
122
119
117
80
141
122
84
138
120
124
75
88
145
125
125
69
98
138
120
119
68
141
117
115
67
136
113
112
81
132
115
116
114
112
110
114
110
111
110
111
97
124
112
113
113
114
112
115
114
112
113
64
140
113
113
93
124
112
111
92
126
112
112
114
114
115
116
61
164
117
117
71
139
122
121
71
144
124
124
71
146
120
83
139
122
121
71
83
138
120
117
71
141
115
116
72
139
117
118
73
142
120
119
73
145
119
117
72
144
115
117
74
143
118
115
72
141
57
179
70
144
116
117
69
142
116
87
136
121
118
60
182
123
97
141
126
125
80
145
127
127
87
143
124
126
67
148
125
125
68
147
122
121
66
146
119
124
68
139
112
114
69
67
142
114
113
69
136
111
104
121
116
118
71
142
119
85
134
117
116
188
131
114
113
84
131
113
112
82
126
111
111
57
162
114
116
118
119
118
120
121
122
123
118
118
68
142
118
117
68
139
115
114
70
136
115
114
117
119
120
121
123
60
183
122
121
120
78
135
118
118
88
137
119
84
137
117
117
82
137
122
120
91
136
121
119
117
117
58
161
119
119
117
118
119
122
119
74
92
134
123
124
70
148
123
120
70
145
119
119
69
141
120
117
67
141
116
93
136
119
116
71
142
117
92
129
114
97
131
116
118
70
86
130
115
116
57
172
114
113
111
111
113
61
162
111
113
113
113
115
113
80
129
116
113
114
113
114
88
125
112
111
81
122
108
107
66
126
109
107
87
126
61
163
99
125
117
118
116
117
107
124
115
117
117
119
121
119
61
178
73
140
120
120
69
142
123
123
70
145
121
104
70
146
123
124
81
137
124
87
140
121
123
68
145
125
100
139
123
124
67
145
125
124
68
151
129
123
80
145
128
128
131
80
133
124
126
126
113
72
151
128
126
80
145
128
88
148
130
93
149
130
113
137
123
122
85
140
124
122
60
171
117
114
68
134
112
91
109
131
115
100
129
115
82
128
116
117
104
129
118
116
85
130
114
114
70
138
116
95
127
118
89
137
73
145
124
121
110
125
120
88
141
124
123
102
135
119
117
65
140
115
113
70
137
61
168
85
130
117
120
118
121
123
124
122
82
140
122
123
66
146
122
122
65
141
123
84
131
117
114
71
144
114
112
69
134
114
110
83
128
110
114
84
133
118
87
141
123
89
138
123
120
61
142
116
115
68
136
114
113
70
142
116
97
136
120
120
78
136
69
145
119
119
99
135
119
105
71
143
120
116
105
120
111
87
128
116
118
119
119
122
125
79
139
123
87
137
60
187
121
90
141
123
122
125
69
97
159
128
124
122
125
66
148
71
146
119
119
119
80
141
121
124
124
127
125
89
147
126
129
126
124
124
125
57
70
52
78
99
146
123
126
127
125
67
143
126
86
139
121
88
141
122
108
71
148
97
142
125
123
86
144
121
118
84
138
120
117
106
128
115
86
130
115
116
92
131
116
85
67
139
118
120
67
143
120
120
122
123
59
135
142
124
123
121
116
90
129
112
113
112
111
79
127
110
110
111
58
164
110
87
120
108
110
110
91
127
113
85
130
115
112
118
115
83
134
115
116
60
167
111
85
124
110
110
110
112
100
120
113
93
124
110
85
127
111
84
130
61
166
80
126
112
111
58
166
111
112
111
110
111
111
78
132
113
112
72
136
113
112
72
139
116
118
67
141
119
119
59
149
117
114
69
139
60
172
114
114
118
118
123
127
123
126
127
82
145
129
124
67
147
125
120
68
145
86
139
68
136
115
112
69
134
111
96
122
112
85
128
113
104
122
113
59
169
115
114
114
60
172
83
136
118
122
124
125
129
91
146
130
128
130
124
69
144
121
119
72
146
119
119
70
145
122
122
95
145
125
125
69
150
125
107
145
128
128
128
128
129
113
136
120
59
162
116
113
85
126
113
113
115
114
117
118
60
133
134
118
116
115
117
120
118
70
141
118
117
117
116
116
117
118
121
72
148
124
123
93
137
118
85
134
117
91
130
116
105
120
112
112
112
71
136
111
109
71
138
113
113
71
138
114
107
119
112
61
155
112
113
112
112
113
61
171
115
113
112
111
72
97
130
116
114
93
131
119
62
178
128
124
123
65
171
129
89
149
130
131
82
153
137
135
82
103
116
70
85
76
60
54
53
55
53
62
51
53
53
50
52
127
124
124
60
71
77
142
125
125
127
128
62
161
127
91
146
128
131
72
99
139
121
67
149
121
93
142
125
92
146
61
71
99
143
128
124
127
60
75
78
150
131
132
135
136
131
109
158
134
139
94
158
143
141
136
78
175
141
109
156
140
102
155
129
130
133
129
58
174
129
133
73
159
139
108
152
135
133
73
154
128
129
72
113
146
129
88
149
132
103
149
129
97
145
124
88
144
122
104
142
128
124
71
154
127
88
141
126
126
126
128
130
132
59
72
133
91
156
133
90
155
133
87
146
125
128
73
99
153
136
133
136
138
140
134
77
126
158
136
102
158
139
116
155
140
135
73
162
136
100
146
131
100
146
132
133
129
133
112
150
132
91
150
131
132
132
130
133
132
127
72
156
129
102
147
132
127
72
157
128
93
149
132
131
92
156
139
136
92
156
140
107
156
139
136
60
209
133
92
150
134
132
130
126
94
145
129
132
111
144
130
90
143
129
96
154
135
96
159
142
95
160
141
140
74
158
141
93
157
140
116
157
61
76
142
85
156
141
116
157
137
99
157
144
142
76
165
143
76
159
61
76
97
156
141
144
147
139
116
160
141
129
149
140
137
93
154
137
133
88
152
136
72
158
133
107
145
132
131
109
145
130
129
110
148
129
110
153
133
136
137
86
167
137
118
152
141
138
86
158
143
97
156
142
134
95
154
136
74
161
139
75
155
140
78
153
136
136
131
137
137
134
137
92
155
134
94
155
137
97
153
139
102
155
140
100
154
140
94
150
139
140
136
126
102
160
143
94
157
141
97
158
141
132
144
140
101
156
143
97
158
138
135
102
146
60
74
91
148
127
131
130
127
126
129
115
140
130
91
150
131
93
153
135
136
138
140
138
85
158
144
138
137
139
139
138
142
99
156
142
142
140
135
99
156
140
106
156
137
94
154
140
109
152
138
135
135
135
136
132
134
131
130
130
131
116
140
130
127
131
133
86
149
134
130
95
149
131
93
151
134
100
152
135
107
152
137
133
62
177
110
168
142
105
156
139
109
154
139
111
150
135
107
156
137
80
164
142
99
155
139
139
135
138
102
150
134
133
130
124
92
140
127
126
128
87
147
129
131
131
129
131
97
152
133
93
153
136
96
154
137
136
135
137
138
139
85
147
136
99
155
139
139
139
140
139
96
148
136
93
157
138
135
92
152
136
136
131
132
93
152
128
92
149
132
128
132
132
130
96
147
132
128
86
148
133
131
87
151
136
134
94
149
130
93
147
131
134
134
133
135
94
156
138
139
100
158
143
137
86
156
136
107
154
135
113
146
135
132
90
152
136
133
86
154
138
134
136
132
132
93
148
129
91
147
132
97
153
135
134
61
193
132
96
152
132
90
141
123
124
124
122
84
153
128
104
147
126
109
146
131
129
87
151
136
136
109
153
137
140
88
153
138
94
158
141
108
153
137
139
140
86
156
140
135
135
135
131
133
136
139
94
154
140
140
139
136
117
156
135
99
156
138
135
86
155
134
97
151
131
112
144
131
123
137
133
131
132
92
147
133
102
150
133
102
153
131
94
151
130
98
149
133
128
101
154
131
132
130
133
129
131
133
135
87
152
139
108
146
125
124
124
61
74
113
125
130
127
134
90
144
