1009
1176379639
1176380166
1000
538
809
998
533
1060
992
1312
988
285
987
26
983
534
988
1300
993
267
282
1006
135205101
135205884
990
769
1040
992
1312
987
1054
985
537
989
1045
988
262
789
1006
783
1006
13
28
996
775
1046
287
558
998
798
1325
993
24
807
991
1568
985
281
981
791
879
564
623
49
109
47
364
297
353
35
856
29
340
788
583
268
576
258
310
0
1021
271
1013
783
1008
15
1004
542
557
998
284
299
993
1315
988
804
981
283
979
279
978
23
975
1043
972
1297
974
1043
984
9
792
995
538
979
1045
984
1575
979
803
973
1056
969
282
967
1050
967
538
968
537
977
794
992
1055
976
786
1536
974066199
974066726
992
317
987
55
982
307
976
1070
969
1065
965
1318
966
31
958
29
954
1306
951
21
623
22
881
21
118
19
878
531
363
768
13
100
258
345
1788
1026
990843431
990844442
49
576
989
1341
982
823
978
1076
971
1073
968
811
966
807
961
1314
957
1316
955
1055
954
1056
954
794
955
27
966
290
979
1318
970
797
963
275
974
792
964
283
947
789
948
1304
949
785
950
1046
949
1300
951
273
967
790
783
966
551
958
1056
955
1313
957
800
954
1048
958
1305
953
789
959
1564
977
546
964
279
93
772
950
1303
955
1558
966
27
973
795
965
534
19
625
523
101
518
794
978
1313
972
790
520
859
1790
1286
1532
572
1099
997
308
579
992
53
836
989
821
983
563
979
1073
971
553
972
1577
967
804
964
800
963
543
962
1311
962
1306
967
1052
978
291
979
798
969
274
961
1312
957
1051
956
786
958
789
956
279
961
787
974
797
966
278
1023
1991
1832
2360
327
2115
1283
1547
597
259
93
4
352
777
97
9
100
772
353
769
85
1529
1787
581
1589
584
981
578
972
1079
965
1074
956
1321
950
1312
944
31
943
1044
939
271
933
0
15
995
1057953524
