1792
256
35
775
1011
783
1019
25
275
256
37
269
256
41
263
256
1021
999
265
1048
1003
775
1046
1007
271
1011
783
1023
271
256
9
781
768
17
773
256
21
259
511
1278
931
275
783
933
793
271
941
1062
931
1048
913
773
271
891
556
853
1070
839
564
833
568
843
1076
869
789
271
917
1272
2295
-201323544
21
773
768
25
771
17
789
768
29
791
768
35
785
256
27
771
5
279
768
21
281
256
33
281
256
39
273
256
37
265
256
1019
256
27
263
256
511
505
265
768
33
265
256
31
773
499
777
768
29
257
256
27
769
501
256
509
511
999
781
1564
1021
768
47
259
256
17
777
768
1019
1015
271
3
287
256
17
277
256
35
285
768
31
273
768
35
259
768
1021
277
256
11
287
256
27
791
256
39
789
256
37
777
768
35
261
256
277
256
25
783
256
37
781
256
33
769
1015
783
5
277
768
13
773
768
25
789
768
1019
768
7
999
259
1280
265
1017
783
256
35
269
993
271
1011
271
1019
273
768
1
785
768
13
269
256
21
269
768
31
261
997
773
1044
1013
271
1021
265
256
15
269
256
21
265
256
31
265
256
507
256
25
787
768
39
777
256
37
261
768
1021
789
768
21
773
256
27
263
256
507
1
287
768
11
277
768
25
799
768
35
789
256
41
791
768
37
773
256
1017
768
31
273
256
21
773
187511518
995
773
1556
999
259
530
999
261
1044
999
118427902
1015
271
1019
769
768
33
263
256
1021
271
1017
271
1017
275
256
3
787
768
15
277
256
23
785
256
29
785
256
37
781
256
1017
1015
257
1009
271
3
787
768
9
793
256
21
277
768
25
273
768
25
261
9
285
768
33
283
256
21
797
256
35
789
256
29
781
256
507
277
256
15
777
281
768
1
793
256
5
785
768
1
257
256
49
789
768
1019
297
256
13
289
256
23
1057
7
275
768
9
777
27
281
256
67
285
256
999
273
768
49
271
3
277
256
25
793
768
7
783
256
67
269
256
1005
526
787
256
31
787
256
33
779
256
1023
281
496
1503
1009
783
993
3023
1041
791
1062
991
263
1046
1011
815
256
17
257
256
23
797
768
29
275
768
57
271
1013
289
256
43
801
768
25
789
768
17
775
1023
297
768
9
285
768
21
803
256
29
797
256
35
279
256
31
777
256
793
256
7
793
256
23
285
256
23
781
256
23
261
987
532
989
1052
993
265
1048
999
783
1011
787
768
1011
-167771686
-167771148
995
777
1048
1003
781
1564
1007
219091712
13
271
1009
252645634
1019
795
768
9
793
768
15
281
768
25
277
256
29
779
256
507
1023
-785554
1453
1044
937
1056
941
1060
947
1068
947
1074
941
1568
915
1570
905
797
271
881
299
271
859
1086
861
1612
873
1080
897
799
271
955
1050
493
995
979
1008
1027
793
256
25
789
256
37
261
256
499
1008
2031
11
775
-133122
-132851
1005
783
1017
783
1015
783
5
287
768
21
289
256
23
799
256
31
789
256
33
787
256
35
777
768
511
5
775
768
11
279
768
27
787
768
31
273
768
23
769
999
605950225
3
279
256
13
787
256
23
777
256
15
263
256
3
791
256
19
795
256
29
789
768
31
783
768
277
256
11
273
768
23
791
256
21
789
768
31
267
768
1019
-2103339
-2102556
991
783
885
279
271
933
534
1009
-3287111
-3286112
-3285601
-5526670
-5525902
9
279
256
33
789
256
23
793
256
35
799
256
1003
1008
1776
19
289
768
29
277
256
29
799
256
511
496
997
256
1009
256
25
781
256
13
265
256
511
1514
771
1027
505
256
11
285
768
493
507
778
271
1015
25
283
256
31
275
768
45
269
768
19
771
1001
538845425
1019
39
265
256
1003
319754494
1023
793
256
5
283
768
13
789
256
19
785
768
23
261
256
991
781
1564
997
783
1054
1005
319754492
1011
271
1023
793
768
13
789
256
17
275
768
19
779
256
271
1015
271
1023
781
768
33
775
256
509
259
1042
993
773
1556
997
775
1558
1001
185537280
1017
19
265
768
507
511
1506
775
796
271
256
23
781
511
768
1021
261
1284
2291
771
1027
1023
2032
1279
27
285
256
29
263
768
509
285
256
21
285
768
31
281
256
27
265
256
219091200
1013
271
1019
271
1023
789
256
13
777
256
23
787
256
29
787
768
37
271
256
37
773
503
256
27
273
256
33
783
256
39
781
768
509
7
285
768
13
283
768
25
287
256
31
791
768
43
273
768
41
779
256
1023
773
1044
999
267
538
1001
781
1052
1007
783
1013
271
3
275
256
7
273
256
21
277
256
19
779
256
1019
271
256
11
791
256
15
267
768
7
271
1023
281
256
7
797
768
11
785
256
13
261
1005
1009
783
1019
283
256
7
787
768
13
279
256
21
257
997
1048
1007
799
1070
1011
252645623
17
267
768
17
777
768
1294
1001
271
1001
404627723
256
1005
773
271
993
805
1828
2080
1015
783
1019
31
281
256
35
783
256
37
777
1001
771
1042
981
528
983
1042
855
1086
869
303
271
901
1068
955
538
501
1007
511
271
1013
783
1023
793
256
1019
285
256
11
797
768
23
793
256
29
285
768
35
273
256
39
781
256
1021
19
771
995
273
544
1001
807276813
256
9
789
256
9
271
256
13
265
256
779
1050
1007
783
1
283
256
19
285
256
23
281
256
27
279
256
41
265
1009
783
1566
1013
279
256
5
273
768
15
781
256
23
2030
2301
1021
287
256
23
777
768
17
275
256
73
773
256
55
777
507
1007
496
2827
993
781
1052
1021
540
979
1564
993
781
1052
1003
781
1564
991
787
1058
1013
1570
1007
271
1013
271
1023
283
256
39
281
256
13
793
256
21
785
256
23
261
29
281
256
35
273
256
45
768
7
769
4731
271
931
540
937
277
783
937
1572
935
271
271
925
-920361
773
1556
991
773
1556
1011
219091202
1015
783
1017
789
256
17
281
256
25
789
768
33
785
768
25
775
768
17
769
256
27
795
256
31
789
256
23
261
1013
271
1015
291
256
45
287
768
49
275
256
25
769
991
2823
1508
2019
3026
-1313346
-1312335
-269746813
265
536
1001
263
1046
1003
777
1560
1005
219091202
1011
271
1019
789
768
37
785
256
39
773
496
977
496
1519
2302
256
9
267
256
19
779
256
29
773
768
1021
1003
775
1558
1007
219091710
1019
789
256
5
277
256
17
279
256
27
789
768
35
273
256
29
777
256
1021
39
277
256
31
267
256
11
769
1001
265
1048
1003
185536768
1019
768
31
773
256
1023
993
1044
999
771
1042
999
51319036
1011
271
1017
265
768
7
777
256
19
263
768
25
773
768
1019
1003
261
1044
1003
151982336
1015
271
1
789
256
13
275
256
23
789
256
29
269
768
29
261
256
505
997
777
1560
999
781
1052
1003
781
1052
1009
783
1017
256
31
785
256
991
769
1040
981
1044
991
1556
987
773
1556
999
267
538
1013
118428420
256
5
773
256
15
773
256
507
1023
1048
257
995
999
271
1011
271
1013
271
1019
789
256
9
789
256
11
281
256
25
283
768
31
281
256
39
785
768
31
773
995
261
1044
1003
371073263
1017
783
768
23
269
256
31
775
1007
17764610
1011
271
1019
271
1019
267
256
509
768
15
259
256
27
259
256
33
771
1007
17764606
1011
783
1019
271
1019
265
256
1
777
768
9
269
256
27
781
256
37
271
256
45
777
256
47
261
256
1021
1019
25
785
256
35
273
768
41
777
256
27
257
1005
271
1013
783
1015
256
33
789
256
37
783
256
23
257
1003
219091712
1015
271
1023
789
768
11
793
256
19
787
768
27
273
256
21
261
768
987
257
1040
995
259
530
999
271
1009
783
1019
257
286200573
1017
271
1017
277
256
37
785
256
21
257
1001
271
1009
271
1011
271
1015
271
1023
785
768
7
787
256
17
789
256
29
275
256
37
785
256
39
265
768
1021
271
1013
271
1017
783
256
23
273
768
29
781
256
35
267
256
33
257
1005
151982850
1013
783
1021
269
256
5
787
768
21
781
256
25
269
768
29
263
768
1023
775
1046
1003
777
1560
1011
271
1017
777
256
25
775
993
265
536
999
269
540
1003
219091198
1011
271
1021
256
23
261
256
271
1003
185537278
1013
271
1021
787
768
9
277
256
21
783
256
25
271
256
27
259
989
1044
995
773
1044
997
263
1046
1003
151982848
1015
21
781
256
27
773
256
509
261
1044
1003
265
536
1009
271
1017
768
25
265
256
23
769
1001
781
1564
1007
252645634
1019
787
768
9
789
768
19
275
768
25
785
256
27
265
256
17
257
1009
271
1017
271
1023
283
768
9
281
768
23
283
256
31
789
256
35
273
768
17
257
999
371073261
1013
271
1019
787
256
5
277
256
17
279
256
25
275
768
33
785
768
37
777
768
1023
271
1021
19
275
768
31
273
256
35
783
768
45
269
256
37
769
1005
271
1005
783
1013
271
1017
271
1021
21
785
768
31
275
256
37
271
256
45
779
768
509
503
271
1009
271
1013
783
1019
35
789
256
39
783
768
35
267
256
511
271
1003
219091716
1017
271
1
785
768
9
275
768
23
787
256
31
783
768
35
269
768
27
257
507
511
1007
77
562
1542
967
538
971
1050
975
1050
977
1054
983
546
989
1062
997
797
1068
1009
783
1023
799
768
11
797
256
13
789
256
5
271
991
1564
993
273
544
993
785
1568
997
787
1058
1003
787
1058
1007
271
1015
783
1
289
256
13
289
256
27
801
768
35
797
768
35
787
256
13
259
1001
151982834
151983105
1005
265
1048
1005
219091714
1015
271
1019
783
1
277
768
9
797
768
19
287
768
35
799
256
41
281
768
49
277
256
41
263
999
263
534
1001
261
532
1001
371073263
1013
271
1019
277
768
5
793
256
17
797
256
27
283
256
35
793
256
41
271
256
29
769
271
1007
252645634
1011
783
1021
797
256
41
281
256
37
781
256
511
7
275
256
15
791
256
23
283
768
35
797
256
41
281
768
49
277
768
49
779
768
1023
503
271
1013
783
1023
781
256
11
781
256
17
779
256
25
263
768
31
769
985
530
989
1044
989
263
1046
995
265
536
999
267
538
1005
271
1011
256
15
771
981
1048
985
1048
987
538
993
779
1562
999
319754492
1015
271
997
265
536
1001
265
536
1003
286200064
1017
269
768
15
769
993
261
1044
995
263
534
997
263
1046
1003
219091714
1023
271
768
9
779
256
17
781
256
23
771
256
1023
997
777
1560
1001
781
1052
1005
783
1013
783
1019
269
768
23
257
995
261
1044
999
265
536
1003
775
1558
1005
185536766
1013
783
1019
256
33
789
256
39
277
768
41
265
256
1023
271
1001
777
1048
1005
185536770
1013
271
1015
271
1023
279
768
9
791
768
19
281
256
29
789
256
37
787
768
41
777
768
509
771
1554
999
773
1044
999
259
530
1003
263
534
1007
271
1011
783
1015
256
25
269
256
31
265
768
37
261
5
185537270
185538053
1005
783
1007
471737073
1013
271
1019
783
3
256
37
281
768
45
789
768
47
779
768
39
261
997
261
532
997
775
1046
995
261
532
997
265
536
1001
773
1556
1001
777
1560
1007
185536768
1017
271
1023
275
768
7
783
256
23
783
256
33
779
256
33
261
1021
271
987
532
987
532
991
261
532
995
261
532
1001
265
536
1007
271
1011
783
1023
273
768
11
269
768
15
781
768
19
773
768
511
271
997
261
532
1005
118427904
1013
783
1017
25
787
768
31
269
256
35
267
256
511
503
783
1011
271
1013
783
1019
267
256
31
267
256
511
989
1044
993
771
1554
997
265
536
1003
151982342
3
265
256
11
265
256
17
261
256
1023
1007
271
1017
271
1
793
256
9
793
256
19
793
256
33
793
256
39
787
256
29
773
256
507
1013
271
1019
768
35
787
768
39
777
256
507
783
1023
261
256
11
261
768
511
256
503
1007
271
1015
783
1
271
768
15
271
256
25
777
768
25
259
995
639508725
5
793
256
17
797
256
23
281
256
33
785
768
29
263
256
793
1064
1013
789
256
9
285
768
21
793
256
33
281
256
33
269
768
13
783
999
265
536
1003
252645630
1015
768
39
773
999
257
528
1001
263
534
1003
769
1552
1005
783
1005
271
1013
783
1015
783
1021
785
256
5
277
768
21
791
768
33
275
256
39
787
768
39
265
768
27
769
151982334
1009
271
1011
271
1023
795
768
13
283
768
19
801
768
31
797
256
49
791
768
43
779
256
511
1003
219091196
1011
783
1015
271
1017
271
1023
277
256
1019
793
256
15
797
256
25
797
256
35
793
256
41
277
768
41
781
768
23
259
1001
785
1056
1005
271
542
1007
783
1015
271
1015
39
793
256
35
781
256
509
999
775
1558
1001
261
1044
1005
151982848
1013
271
1
271
256
11
785
256
19
271
256
27
269
768
37
261
256
511
257
528
1001
261
532
1007
151982338
1
265
256
7
267
768
15
261
256
19
769
783
969
783
987
783
1054
1003
777
768
11
263
983
1044
987
1048
991
777
1560
997
779
1562
1001
271
1017
256
1001
787
1058
1013
783
1023
1009
271
1017
271
1
281
256
11
283
256
21
793
256
31
273
256
25
257
1003
118427904
1019
271
1021
785
768
5
785
256
19
789
256
29
783
256
39
779
768
35
257
1001
118427906
1011
271
1013
21
273
768
25
781
768
35
777
256
509
505
271
1023
277
768
11
281
768
17
789
256
27
787
256
33
269
256
19
257
1013
271
1015
271
1
277
768
5
281
256
11
793
256
29
281
768
35
789
768
47
787
256
35
775
256
509
503
3
785
768
7
791
256
21
789
768
29
275
256
37
267
256
35
773
997
261
1044
1005
777
1048
1009
271
1007
271
1011
783
1019
256
31
779
768
511
1003
781
1564
1007
783
1013
783
1017
783
256
27
777
256
1023
993
265
536
1001
777
1048
1001
781
1052
1003
219091202
1021
275
256
7
275
768
15
783
256
25
779
256
23
769
983
1046
981
1044
985
1048
983
536
987
1560
989
1048
995
783
1054
999
785
1568
1003
353308928
1
281
768
11
789
768
19
277
768
21
779
256
989
1050
989
775
1046
993
267
538
995
263
534
1001
269
540
999
269
540
1007
271
1013
271
1019
279
256
3
793
256
21
283
256
29
787
768
35
783
256
31
773
895
275
271
875
1054
883
1590
877
2473
1086
869
1072
901
1056
1022
277
256
9
793
256
17
279
256
29
283
256
39
791
256
41
273
256
23
257
1005
219091200
1015
271
1013
783
1021
256
37
281
256
41
275
256
33
773
997
773
1044
995
771
1042
995
775
1046
997
771
1042
1001
455946458
1017
271
1
273
768
9
277
256
19
783
768
25
269
768
31
261
256
509
511
1500
1048
987
1560
987
1556
991
1048
991
263
534
993
269
540
997
777
1048
1001
271
542
1007
783
1011
271
1023
787
768
13
269
768
23
267
768
29
263
256
1019
511
1524
256
31
775
985
530
987
1556
987
1046
989
1046
993
263
534
995
779
1050
999
267
538
1005
252645636
3
275
256
11
271
256
21
269
256
23
257
989
769
1552
991
1044
989
1040
993
259
530
997
265
536
1001
777
1048
1005
252645632
1023
273
256
11
785
256
23
787
256
29
267
256
31
261
997
777
1048
1001
777
1048
1001
777
1048
1005
783
1011
783
1015
783
1019
35
273
256
39
779
256
509
1001
269
540
1003
273
544
1003
319755010
1019
279
256
3
793
256
17
791
768
29
277
768
33
779
768
23
769
-9343083
-266777774
496
5
259
497
496
979
2031
2410
497
3479
943
1048
939
540
943
1052
943
550
943
1066
937
540
913
534
897
550
869
1588
857
1084
849
1084
865
568
901
1062
949
764
-268236470
3450
951
1582
963
548
945
1552
939
263
783
923
273
271
901
787
783
889
1568
875
560
855
570
843
1090
835
1090
857
1084
893
552
941
1050
511
1514
783
1013
256
511
269
540
1003
781
1564
1005
271
1007
271
1019
271
1
793
768
15
797
256
21
791
768
35
277
256
35
267
256
17
259
1001
787
1570
1001
353309442
1013
271
1019
789
256
29
263
256
-235931386
2917
1008
-167770909
1019
783
256
9
269
256
19
777
256
21
769
-167771166
-167770910
991
781
1052
999
271
542
1001
271
542
1007
271
1011
271
1017
283
256
7
281
256
19
281
768
27
277
256
29
269
256
13
769
993
781
1564
991
1050
995
781
1564
997
269
1052
1001
605954287
1013
271
1
285
768
11
793
256
23
793
256
27
785
256
31
779
768
1019
1005
-12891312
-12890481
496
505
769
1040
1005
151982334
1011
783
1017
25
783
768
35
773
256
25
257
271
1001
779
1562
1003
271
1007
783
1011
783
1015
271
1023
281
768
13
793
256
23
283
256
31
277
256
39
275
256
31
773
991
1044
991
769
1040
997
775
1558
995
777
1048
999
265
536
1001
777
1560
1005
271
1011
783
1021
265
256
783
997
269
540
997
271
542
1003
286200062
1011
271
1019
33
267
256
507
983
-503314740
-503314469
1005
286200062
1013
783
1023
281
256
5
799
768
17
285
256
25
797
768
35
275
256
33
779
768
1021
777
1048
999
185537280
1013
271
1019
279
768
1
279
256
15
795
256
25
789
256
31
787
256
33
261
768
509
1005
777
1560
1007
185536768
1015
271
1017
271
1023
273
256
5
279
256
15
279
768
29
789
256
33
275
256
37
781
768
511
1015
511
-436206609
-436205586
-436204797
256
39
781
768
511
-1182740
-1182229
-1181973
33
773
256
497
1008
-787218
1001
781
1052
1011
271
1007
785
1056
1013
783
1019
27
789
256
33
279
768
43
783
256
41
259
1015
17
271
256
13
271
768
31
261
256
1019
271
1021
797
768
1023
287
768
33
801
768
19
797
256
43
527
1015
27
787
256
15
257
1013
795
768
25
783
1015
293
256
17
279
256
25
279
256
27
269
256
511
271
1017
783
1009
271
1019
277
256
11
787
256
17
273
256
21
265
256
19
257
15
277
256
25
785
768
31
273
256
35
261
768
27
769
503
11
273
256
15
269
256
27
777
768
1021
999
271
542
1007
783
1
787
256
7
269
768
13
777
256
1023
995
271
542
999
783
1566
1007
783
1009
271
3
793
768
13
283
768
25
279
768
29
785
768
31
775
999
779
1562
1001
269
1052
1005
783
1009
271
1021
277
256
7
797
768
21
281
256
27
281
256
39
785
768
35
261
993
769
1040
997
261
532
997
261
532
1001
775
1046
1001
777
1560
1009
271
1013
271
1023
795
768
11
793
256
23
283
768
35
275
256
35
265
-267448357
-267447876
-138292855
785
768
13
785
256
21
273
768
29
777
768
507
151982334
1017
777
256
9
781
256
17
265
256
21
773
256
507
1017
768
7
783
1015
783
1
281
768
7
793
768
15
789
256
27
781
768
17
259
963
1062
1009
765
256
1276
957
271
768
1017
521143555
1019
2026
301
768
9
257
768
21
799
256
27
775
1505
256
511
15
1057
11
277
256
511
1009
1015
256
655299054
655300077
271
1017
1007
817
1088
1015
775
768
37
281
1064
1023
285
256
23
769
768
3
1524
2307
1001
271
989
1570
15
277
548
1003
291
768
1005
768
13
797
256
1798
1052
11
267
523
1393
511
1005
256
1478
777
1048
271
993
277
1060
1007
219087148
219087931
985
293
256
273
544
1013
1572
779
768
9
1796
1807
257
1280
2303
263
256
3553
3824
1021
507
785
768
37
783
256
23
771
983
783
5
285
768
23
801
256
29
799
768
57
787
256
15
271
768
507
797
256
15
279
256
1023
789
256
23
773
1001
286200554
286200825
993
283
554
1007
271
1019
285
256
5
281
256
15
789
256
17
773
995
1052
999
783
1566
1001
386863868
21
795
256
1015
783
1023
285
256
11
787
768
25
773
256
271
1009
1562
999
783
991
783
1017
271
1001
487526680
768
15
287
256
1023
797
256
9
279
768
47
781
1011
540
989
783
1023
269
256
961
1054
1009
793
256
29
271
37
1042
1001
542
989
259
256
985
1566
993
-15789611
-15788588
-15787585
271
1011
271
1013
271
1021
797
256
19
291
256
5
289
768
25
797
256
27
273
256
5
1017
807
768
17
293
256
9
293
256
51
545
1011
787
1570
1019
783
1021
783
5
265
256
11
779
768
271
1019
271
3
791
768
11
281
768
17
787
768
17
267
768
509
256
17
295
768
29
801
768
25
799
768
31
279
768
25
777
256
256
19
289
256
27
797
256
31
793
256
27
781
256
9
769
1021
271
1021
279
256
3
279
256
13
283
256
21
789
256
31
787
256
21
257
1003
267
538
1001
271
1007
271
1017
781
256
19
773
1005
271
1011
271
1013
271
1023
256
31
277
768
29
273
768
27
769
1015
783
1019
777
768
989
781
1564
1001
785
1056
1001
386863364
1017
281
768
9
283
256
13
279
256
17
273
768
9
993
265
536
995
781
1052
995
781
1052
999
271
1009
783
1017
281
256
5
277
768
9
789
256
27
785
768
15
773
-335543306
-335542299
3420
2361
319
1404
1776
43
275
256
35
773
1011
27
285
768
33
793
256
27
777
256
511
277
256
9
789
256
13
273
256
17
783
256
1001
787
1058
1009
271
1023
277
768
3
273
256
9
781
256
9
855
507
491
496
1437
1054
937
538
937
1574
937
548
947
1796
2307
3314
-1340133485
-1340132994
1008
2013
-268105253
-268104760
-267051024
487
496
1485
1485
1008
1519
2016
-395554
5
787
256
17
789
256
23
271
256
25
779
256
1017
1013
271
5
275
256
9
781
768
23
783
768
11
769
511
-780428
-779660
39
271
256
511
33
283
256
35
791
256
43
785
256
511
1015
29
271
768
33
777
256
505
1021
787
256
13
789
768
19
273
768
27
781
768
21
769
795
768
13
795
256
15
795
768
17
793
256
15
779
256
509
801
768
21
283
256
19
279
256
17
265
256
5
-269656371
-269656064
1497
2520
-369095766
-369094743
-369093954
768
27
785
768
15
773
256
993
118428673
989
271
542
1005
783
1023
783
256
3
781
1052
1005
783
23
793
256
7
281
256
23
269
256
27
781
256
507
256
5
285
256
19
283
256
23
281
256
23
1041
271
1021
271
1
789
256
1
275
768
15
277
256
27
267
256
11
261
1017
269
256
1019
23
769
256
25
285
256
33
799
256
37
281
256
33
781
768
507
768
31
287
256
35
791
256
25
773
256
256
9
279
256
27
793
256
15
785
256
17
773
1007
51319548
51320331
1017
271
1
785
768
9
269
256
13
273
256
23
777
768
17
259
501
787
768
17
277
256
17
791
256
25
785
256
27
781
256
511
1013
271
1021
283
256
9
799
256
11
285
256
17
289
768
37
789
256
13
775
981
1052
997
273
544
999
271
1005
271
1013
283
256
1017
1015
-11706185
1021
269
256
1021
265
256
5
-1711124
-1710101
-1709598
1007
496
979
1483
5249
1475346998
931
536
911
1052
915
265
271
905
273
271
909
546
885
1064
877
560
861
1086
837
2445
1939
1457
815
783
925
1572
963
528
993
1554
985
532
997
1044
987
773
1556
995
779
1562
1001
267
538
1009
605954299
768
3
277
768
21
793
256
23
787
256
29
781
768
507
35
789
256
29
267
256
1019
25
289
256
35
799
256
45
281
256
31
263
1003
783
3
271
1019
793
768
17
789
768
15
275
256
23
773
1011
271
1019
275
256
9
273
768
17
787
768
21
781
256
13
259
1011
265
256
11
269
256
11
779
256
13
771
256
7
781
256
13
781
256
15
773
256
783
1021
277
256
11
281
256
17
787
256
27
783
256
23
265
256
279
768
9
281
768
17
789
256
27
273
256
31
269
256
19
773
999
265
536
1005
777
1560
999
783
1566
1011
252646152
1017
277
768
3
787
256
13
281
256
29
783
768
25
781
256
509
271
1013
271
1011
271
9
277
768
45
269
256
509
783
1011
271
1019
271
1021
37
793
256
33
789
768
45
781
256
511
503
493
-4342878
-4342367
-4341061
768
33
277
256
29
773
1001
773
1044
1013
271
1011
271
1
269
256
7
783
256
21
273
768
25
781
256
31
261
1007
783
1011
783
1021
273
256
19
791
256
33
789
256
45
787
768
39
265
256
509
499
-854818
256
509
-270670414
775
1046
995
263
534
1001
263
1046
997
777
1560
999
185536766
1011
271
1019
271
3
789
256
21
785
256
23
273
768
29
267
256
33
771
999
259
530
999
151982840
1013
271
1023
783
768
13
273
256
15
781
256
23
775
256
1017
987
777
1048
989
271
542
1003
789
1572
1005
271
1021
279
768
11
279
768
9
785
256
15
775
987
1048
993
267
538
999
269
1052
999
271
1011
783
1021
793
768
1
283
768
17
793
256
23
785
256
23
269
768
783
1005
783
1011
271
1015
271
256
3
785
256
17
275
768
25
273
768
29
779
256
509
773
1044
1003
185537284
1015
783
1019
275
256
5
275
256
23
277
256
27
275
768
39
781
256
25
259
1007
1044
1001
185536766
185537549
1003
783
1017
271
1013
37
791
256
35
785
768
37
261
985
496
1007
1802
768
15
289
256
23
285
256
35
791
256
43
779
256
21
257
151982340
1019
783
1
785
256
7
273
768
17
789
256
29
783
256
33
269
256
33
257
497
-1241513531
-1241513516
781
256
27
779
-202904331
9
283
256
15
799
768
27
281
256
31
285
256
45
785
768
23
261
991
269
1052
997
785
1568
1013
783
1011
271
7
783
1017
289
256
21
287
768
29
285
256
33
277
256
29
779
256
507
2752
1008
489
1512
-5124210
-5123939
11
791
256
23
279
256
5
789
768
27
273
768
29
261
485
1862
2851
-263335438
1064
2021
3028
4041
805
768
11
281
256
21
795
256
29
279
768
55
1047
15
781
768
59
773
25
779
256
35
265
768
509
386863360
1017
768
41
271
768
511
1023
275
256
13
783
256
21
781
256
23
265
256
21
769
1023
279
256
13
277
256
25
277
256
29
785
256
35
267
256
1023
1011
271
1013
271
1019
768
39
277
256
41
781
768
39
773
995
265
536
999
779
1050
1003
777
1048
1005
252646142
1013
783
1021
39
783
256
41
265
256
1021
1005
1516
2012
3003
496
-921126
-920349
-920078
1005
783
1015
271
3
787
256
13
781
256
25
271
256
27
257
975
1040
777
1560
995
777
1560
1001
269
540
1005
271
1009
271
1015
271
5
277
768
9
785
768
27
787
768
33
271
768
37
263
256
507
271
1001
261
1044
1005
773
1044
1005
783
1011
271
1017
271
1023
783
256
13
275
256
19
273
256
35
783
768
41
777
768
35
769
503
783
1009
271
1011
271
1019
271
1
277
768
1
793
256
15
283
768
27
793
256
41
283
256
41
273
768
45
779
768
509
783
1001
777
1048
1005
438182125
1013
271
1019
279
256
1
793
256
15
283
256
27
793
256
37
791
768
41
271
768
33
263
279
256
15
793
768
25
279
256
31
787
768
29
777
768
509
997
265
536
999
781
1052
1007
269
540
1005
271
1011
271
1019
271
1
793
256
19
283
256
25
277
768
33
277
256
39
269
768
29
771
991
532
989
1044
987
1044
991
775
1558
993
775
1046
999
267
538
1003
271
1007
252646133
31
267
256
27
257
991
263
534
997
777
1048
1001
777
1048
1001
777
1560
1001
777
1048
1003
783
1013
271
1019
31
277
256
37
785
256
27
773
997
261
1044
1003
265
536
1001
773
1556
1009
783
1011
271
1013
11
277
256
25
793
768
33
279
256
39
787
256
43
269
256
511
503
1011
271
1007
783
1019
271
1021
265
256
3
781
256
17
781
256
31
271
256
37
779
256
37
265
768
1023
501
1011
271
1015
271
1017
273
256
7
783
256
17
279
256
29
785
256
39
273
256
41
777
256
1023
503
783
1003
319755006
1017
271
1017
793
768
7
797
256
15
285
256
25
281
256
31
787
256
31
777
256
1001
777
1048
1011
271
1013
783
1011
785
256
25
781
768
35
777
256
509
783
1009
261
532
1005
783
1013
783
1
269
256
5
781
768
13
271
256
25
269
768
33
265
256
1023
991
781
1564
999
779
1050
1005
252645630
1017
271
1
279
768
11
797
768
23
795
768
29
793
768
33
781
256
19
771
286200066
1009
271
1021
783
1021
281
768
1
797
256
9
289
256
23
799
768
37
287
256
41
795
256
43
785
256
19
259
256
997
781
1564
1009
271
1011
271
1023
279
768
5
791
768
21
789
256
33
785
256
31
777
256
509
783
997
773
1044
999
773
1044
1001
151982342
1015
783
7
781
768
15
785
256
27
269
256
33
265
256
1019
1007
783
1015
271
1023
275
768
1
281
256
19
281
256
27
795
768
35
279
256
39
783
256
511
985
1052
989
777
1048
997
1564
993
271
1054
1005
271
1015
783
1019
795
768
5
791
768
19
789
256
23
783
768
15
271
983
534
987
536
989
269
540
997
269
540
999
271
542
1013
783
1013
783
5
791
256
13
787
256
23
783
256
27
263
256
1048
989
783
1566
993
269
540
999
787
1058
1007
271
1017
271
5
791
768
15
791
256
23
271
256
15
265
256
1017
271
1015
35
787
768
39
781
256
509
1011
783
1011
271
1019
789
768
37
269
768
509
271
1013
783
1017
789
256
29
271
768
37
267
256
511
503
783
1017
256
27
793
256
37
273
256
35
777
768
1021
1011
271
1015
783
1017
283
768
9
801
256
19
801
256
27
289
768
35
285
256
39
789
768
25
259
993
532
991
1044
991
267
1050
1003
777
1048
1001
252646146
1017
271
5
789
256
19
789
256
21
273
256
31
777
989
773
1556
993
775
1558
997
118428400
118429183
1009
783
1019
271
1011
781
256
35
775
256
507
271
1011
271
1015
271
1015
283
768
7
289
256
21
285
256
29
795
768
33
275
256
25
263
993
1052
995
269
540
995
252646138
252646409
1005
386863112
269
256
11
271
1001
789
1060
1011
271
1019
283
256
5
279
768
13
277
768
19
273
768
13
985
265
536
993
269
540
1001
538845425
1023
793
768
17
789
256
21
789
768
21
269
768
13
769
-201719360
-469824613
-469824120
1015
1013
-266135122
1997
496
-1712197
-10133448
3
277
256
11
793
768
21
791
768
29
277
768
25
777
256
1001
319754500
1017
783
1019
285
768
9
285
768
25
801
256
29
283
256
35
277
256
15
259
995
265
1048
995
775
1558
999
777
1560
1001
219091712
3
271
1017
768
509
782
1005
783
1015
783
3
273
256
15
789
768
19
787
768
27
783
768
29
773
256
263
534
1005
271
1003
783
1013
271
1015
271
1017
789
256
37
275
256
45
273
256
43
259
1005
254619862
1009
271
1015
783
1019
271
1023
273
256
9
281
256
15
793
768
27
285
256
35
279
256
43
789
768
43
773
256
1021
271
999
404628205
1015
783
1021
279
768
1
281
256
19
281
256
25
279
768
35
789
256
33
265
256
511
271
995
773
1044
999
151982830
151983613
1007
271
1011
783
1021
783
256
1
787
768
17
783
256
29
785
256
33
779
256
511
783
1007
777
1048
1001
783
1009
219091204
1015
783
1
275
768
15
281
256
23
281
256
33
281
256
45
787
256
41
269
768
1021
1003
151982334
1009
271
1021
791
256
33
793
256
37
787
256
49
267
256
1017
271
999
261
532
997
771
1554
1009
263
534
1001
773
1044
1009
271
1011
783
1017
256
33
275
256
43
265
768
1023
989
1044
991
257
528
993
263
1046
1003
773
1044
993
779
1562
999
777
1048
1009
252645644
1021
277
256
11
785
256
25
275
256
35
269
768
33
775
3
257
256
1
769
1007
-2364697
3370
899
1921
1956
775
768
39
257
501
-268041748
-268040733
783
1017
21
791
768
31
279
256
37
273
768
45
267
768
507
404628205
1021
783
1015
25
795
256
43
281
256
45
271
768
29
769
985
1556
997
777
1560
993
259
1042
993
265
536
1001
777
1560
1005
265
536
1013
779
1050
1007
271
1019
781
256
23
257
785
783
885
1062
857
1064
867
1939
1977
1616
891
1072
913
1056
1015
783
1013
277
768
1021
277
256
5
793
256
19
793
768
33
281
256
31
279
768
43
273
768
41
771
1001
265
536
1001
773
1556
995
267
1050
1003
151982846
1021
219090974
273
768
37
777
993
261
1044
993
1040
1007
771
1042
991
777
1560
1003
775
1046
1009
783
1007
17
787
256
29
275
256
39
783
768
29
773
256
1017
777
1048
1011
267
256
1019
783
3
275
256
9
277
256
21
791
256
29
281
768
45
789
768
49
273
256
39
769
503
185537278
1019
252646148
3
275
256
13
793
768
23
789
256
43
787
768
35
779
768
511
995
261
1044
997
263
1046
993
779
1050
999
269
540
1015
271
1011
269
256
511
269
1052
1001
269
540
997
785
1056
1007
768
19
283
768
31
793
768
41
275
256
27
261
256
-369097779
-369097292
-369096269
-369095274
769
1925
769
5212
497
3221
1568
935
783
783
927
1052
931
789
783
925
1572
923
556
913
285
271
897
1582
883
1064
871
570
859
576
873
809
783
911
1574
953
1796
1023
1279
19
777
768
17
263
256
1023
1015
789
256
15
789
768
25
785
256
23
779
768
291
256
13
291
768
31
801
768
29
795
768
31
785
768
11
257
1011
783
1019
271
1
803
256
17
801
768
27
799
256
27
791
768
27
265
256
783
1021
791
768
9
789
768
15
273
256
27
783
256
19
773
1023
2032
-267296024
-267295125
305
496
971
1023
271
1017
271
1023
271
1023
269
256
1017
789
256
15
789
256
21
793
256
37
795
768
41
795
256
47
791
768
59
785
256
51
259
1005
783
1003
783
1015
783
1019
789
256
33
785
768
33
771
991
1560
989
267
1050
993
269
1052
997
267
1050
1003
286200068
1013
271
7
279
256
17
789
768
27
785
768
25
777
768
783
993
777
1560
995
777
1560
993
779
1562
1005
271
1007
783
1023
281
768
7
793
768
25
791
256
31
273
768
33
265
768
1019
271
999
777
1048
1001
219091200
1013
29
793
256
45
273
256
27
257
987
1044
991
1044
983
267
1050
993
534
995
781
1564
1001
265
536
1007
286200062
1015
25
769
989
1044
987
1046
989
263
534
987
267
1050
993
267
1050
997
783
1054
1015
783
1011
783
3
789
256
19
789
256
27
779
256
23
777
-2233617
256
35
263
983
1042
987
1556
989
528
989
1046
987
1552
993
265
1048
997
777
1048
999
781
1564
1007
783
1019
261
256
1019
271
1005
151982336
1011
271
1017
783
1023
791
256
3
281
768
15
797
768
29
285
256
39
797
256
45
787
256
43
781
256
1023
271
1007
783
1013
271
1017
797
768
39
793
256
43
781
768
511
1023
-303302694
-303302413
256
27
781
256
271
991
1562
993
269
540
997
286200576
1023
789
768
9
273
768
13
269
256
19
257
1078
905
552
951
1272
783
1023
791
768
7
793
256
21
277
768
29
791
768
29
269
768
13
769
491
1514
1785
997
265
1048
993
773
1556
997
777
1560
1001
263
534
1005
271
1003
219091718
768
1015
779
1562
1011
271
1
789
256
11
793
256
25
279
768
29
279
768
35
783
256
29
1270
1007
496
-60690
768
1011
263
534
1005
267
256
7
261
768
1017
11
281
256
27
793
768
33
795
256
37
787
768
25
771
271
1007
771
1554
1005
773
1044
1007
84873470
1017
271
1015
271
1019
267
768
19
271
256
27
779
256
37
775
256
511
1017
261
768
3
257
997
773
1044
1001
185536762
1019
783
768
7
785
256
25
783
768
29
781
2874
3657
997
261
1044
1007
271
1011
271
1019
45
787
768
37
257
1013
471737075
1011
783
1015
256
15
291
768
33
289
256
43
803
768
49
541
51
785
256
33
773
509
497
1008
2031
3054
3549
493
1008
1264
955
45
269
256
17
785
45
269
256
47
836
787
256
1040
277
256
57
257
45
1039
1009
1027
769
29
259
19
787
768
21
257
23
799
256
29
793
256
33
783
256
15
-789016
-788005
-4337232
-4336221
-4335198
1015
1034
769
256
1021
499
1009
499
499
501
1009
1011
499
-265736226
-1329339998
-264422444
-264421449
1008
2005
-266919975
-266918978
496
1499
1008
1495
496
1497
496
1962
818
1979
1048
967
1048
969
1054
981
1566
991
273
1056
1005
286200080
256
1
271
256
5
781
768
1021
769
1040
1019
775
768
9
773
256
15
771
256
17
257
783
1013
273
256
23
787
256
35
781
256
39
267
768
27
769
1021
256
41
277
768
43
273
768
43
781
768
31
769
1023
787
256
11
273
256
21
785
256
29
269
256
35
269
256
35
773
256
1021
271
985
1042
987
261
532
995
773
1044
997
265
536
995
261
1044
1003
151982336
1017
271
3
267
256
17
273
256
27
269
256
27
777
768
25
769
1009
783
1019
263
256
11
261
256
23
773
256
27
769
999
777
1048
997
779
1562
1001
783
1019
771
768
511
995
783
1054
999
319754494
1017
789
256
29
267
256
256
13
783
256
31
783
256
35
779
256
37
263
256
511
256
35
771
256
39
771
3
265
768
17
781
256
29
777
768
35
777
256
37
769
256
509
33
269
256
39
779
768
29
777
1017
781
768
11
777
768
9
259
256
256
11
769
256
256
31
261
256
21
773
1023
256
1021
47
531
53
257
256
1023
507
23
261
23
281
256
25
793
256
29
273
768
21
265
256
768
13
779
256
776
1015
265
256
13
259
256
21
769
1021
35
777
768
29
263
768
23
775
505
768
29
269
256
31
777
256
1
256
21
285
256
33
803
256
39
789
256
25
789
768
-34800870
269
256
63
265
256
509
768
33
271
768
41
777
256
507
1013
503
19
289
768
39
793
256
51
279
256
35
775
768
777
256
45
271
256
25
769
7
275
256
23
269
256
29
265
256
39
779
768
1015
-659480
-658712
17
267
768
19
779
256
511
269
256
41
267
768
43
775
256
35
257
23
279
768
35
791
256
33
781
256
25
771
17
275
256
27
781
256
37
777
256
37
769
15
789
256
29
789
256
33
779
256
511
256
39
773
256
1021
499
31
785
256
31
773
256
1023
795
256
19
781
256
1
275
546
1009
783
1021
793
768
7
269
256
15
777
256
25
269
256
33
257
1
785
256
17
781
256
27
271
768
33
773
7
275
256
23
785
768
31
785
256
37
267
768
37
263
5
279
768
15
279
256
21
271
256
31
779
256
29
273
768
49
273
256
41
773
256
509
1021
505
1017
-1182970
1011
1009
5
275
256
15
271
256
17
265
256
256
511
25
783
256
37
775
256
1023
1013
785
496
999
25
269
496
1007
2030
49
293
768
61
285
256
47
789
768
21
773
768
1
23
773
256
263
25
277
256
33
781
256
31
257
265
256
509
265
768
9
19
775
768
771
27
803
768
33
283
256
35
279
768
21
263
768
3
277
256
19
787
256
29
787
256
33
779
256
31
261
1023
789
256
15
281
768
23
787
768
31
787
768
29
769
1021
277
256
9
787
256
23
793
256
31
789
768
37
783
256
27
769
273
768
15
785
256
25
785
256
25
771
993
789
1060
1003
271
1019
783
7
281
256
19
791
768
33
791
768
35
783
768
21
261
1021
781
256
13
783
768
19
265
256
31
265
768
19
257
779
768
1013
267
256
49
259
768
15
779
-269620788
-269619794
-269619026
7
785
768
9
275
256
27
277
768
45
263
768
31
775
1009
795
768
41
793
256
35
261
256
1019
-926462
311
1005
768
801
256
15
785
256
11
777
256
1009
773
1044
1001
84936121
-655123
-1444647
-1444136
-1443880
35
773
17
275
256
31
275
256
39
781
256
33
259
21
263
256
27
771
256
509
503
1013
768
29
783
256
25
257
11
279
768
23
785
256
31
783
768
35
773
256
1019
25
771
273
256
25
781
256
27
265
768
15
257
789
256
45
781
256
19
769
505
1021
2040
256
23
265
768
37
265
256
37
257
1023
257
256
19
769
256
1023
1015
265
256
1017
257
-267842616
-268895314
1013
503
505
503
499
501
1013
503
497
503
1017
487
496
969
1495
496
1519
2057
911
779
783
899
1052
901
1056
885
544
873
1582
847
1076
831
821
1074
327
1074
843
1596
2475
1090
913
789
271
955
1549
983
-2629629
973
1056
1984
1048
985
779
1562
997
1060
995
907951544
1950
1008
1963
534
935
773
271
933
1048
931
1056
909
269
271
901
1580
879
1578
887
552
827
325
1088
339
1612
1455
1100
905
1086
967
1054
1005
1019
256
9
779
256
5
775
256
7
265
256
13
265
768
11
267
768
37
269
256
37
273
256
63
1037
63
1543
61
769
11
783
768
31
777
256
35
777
768
1023
493
-267842595
-267842102
-1874507923
-1874506916
-267711523
-267711030
1008
2011
-1875688588
507
1005
1008
1495
1491
1008
3944
1374
1009
2857
3368
3643
768
13
789
256
23
279
256
31
785
768
37
775
768
507
1013
501
1519
2510
-1006632203
987
2009
1008
2011
-268368929
-268367926
1008
1503
503
1015
1017
5285
787
256
447
1008
1009
257
493
1008
2011
985
-1709867
1001
1518
-3682898
-3681875
-3680867
-3679868
496
1489
2245
955
783
271
913
781
271
919
1048
911
1054
897
785
271
889
1062
869
556
845
1084
827
315
1590
839
1594
1957
1096
899
291
271
949
1052
1001
261
532
1007
271
1011
118428400
1
783
1019
271
7
273
256
15
805
256
37
781
51
771
256
41
769
1019
1007
1023
1038
84873974
84874245
1003
779
1050
1009
252645392
793
768
37
277
256
41
265
256
27
769
768
25
267
256
29
783
768
27
259
33
259
35
269
768
29
257
261
772
977
-655386
-7888008
-7887497
-19459868
-19458849
497
29
277
768
33
263
256
511
503
511
1294
1017
271
3
785
768
13
787
256
25
791
256
33
787
256
43
273
256
43
261
27
283
768
29
297
5
793
768
17
789
768
23
785
256
17
773
271
1021
795
256
35
779
256
19
257
13
257
256
1023
768
495
1519
2542
3043
-1308755
496
1267
1008
1067
1031
47
789
256
43
269
256
1023
768
27
785
768
1023
768
5
783
256
1
269
768
7
1549
5
275
256
39
1254
785
768
17
779
256
23
775
768
23
261
493
-4078150
-4076118
-4075115
1282
-1967934
-402653144
1592
395
1511
1007
1008
2007
1487
3044
3309
4312
319
256
953
1008
1515
1019
271
496
1485
2020
2791
3062
1015
783
3
277
256
13
787
256
33
787
768
41
269
768
39
259
256
509
256
41
773
256
1023
17
277
768
29
781
256
37
271
768
43
775
256
27
257
271
999
773
1044
1001
779
1562
1003
487527190
768
5
257
768
23
777
256
29
775
768
21
769
1017
768
1021
275
768
17
271
768
27
781
768
31
269
768
17
769
1
261
256
1023
256
21
769
1011
769
768
9
263
256
23
261
256
29
263
1003
118428666
281
256
5
283
256
17
281
256
21
281
256
25
787
256
21
777
256
21
793
256
1011
185537266
185538049
991
1560
985
1048
987
532
991
1048
993
261
532
999
261
532
991
1044
1003
259
1042
1003
263
534
1001
773
1044
997
259
530
999
261
532
-1977409
901
1737
2209
953
2001
1008
1493
1519
2542
3531
1023
-1174411786
256
971
2497
2768
487
-63272
511
43
259
41
777
256
509
1013
-2364959
-2364448
-2363677
71
1046
1019
279
256
21
781
256
19
257
1023
783
1017
273
256
9
785
256
17
777
256
15
259
29
273
256
33
267
256
15
769
501
1009
-1839901
256
511
35
257
768
39
775
256
1021
1015
-2236963
781
256
31
263
256
1023
256
15
1021
1044
773
23
261
256
33
771
501
768
783
1017
263
256
27
257
23
291
768
1005
23
775
256
257
505
1009
-266791967
-266790944
-266790448
-266789447
1008
1517
19
261
256
1003
999
1513
256
1
769
1774
511
532
839
491
768
21
773
256
1023
783
23
823
975
-2102012
-266767941
-837192785
-837192276
256
21
771
256
31
269
768
33
263
256
27
773
768
487
768
37
781
768
31
269
256
999
271
265
768
25
257
256
271
999
305
2351
265
256
27
267
256
35
775
1009
252646144
1023
273
256
13
277
768
25
269
256
23
269
768
13
259
1017
256
783
256
25
771
15
271
256
15
263
256
23
259
491
-264216
-263960
795
256
13
795
256
23
277
768
25
787
256
25
771
21
269
768
21
775
777
256
1023
256
769
3
781
768
13
781
256
21
771
256
21
787
256
19
273
256
23
263
768
768
29
273
256
1023
29
769
15
779
256
27
269
256
35
263
256
37
771
17
269
256
25
781
256
35
773
768
511
783
1021
269
256
35
777
768
41
773
768
511
503
256
507
505
-268434470
-268433979
-268432956
-268432921
269
768
37
263
256
1023
-234880550
-234879545
271
1019
1021
495
1008
2017
-3612754
-4665964
-4664959
1008
2013
-268173338
-273962576
-273961553
-273960554
-273960043
-273959020
-273958021
-273956998
-273956009
1558
985
777
1048
993
1048
1003
777
1560
999
269
1052
1005
783
1017
781
256
7
777
256
17
263
768
23
257
973
528
983
532
987
1044
989
1048
989
775
1046
993
267
1050
1021
783
1021
779
768
31
768
256
1019
496
1519
2018
256
11
267
768
9
271
1028
271
1015
256
1015
1019
256
35
787
496
979
-268304637
993
1527
779
768
37
773
768
23
769
1009
496
965
-267404296
979
-2299
987
1040
1017
267
256
1503
2014
3519
1008
1015
787
1570
256
1282
973
271
67
511
516
841
1455
2799
971
-266482439
-266481654
-266481383
1011
572396625
993
1574
1019
273
768
15
277
256
1003
259
785
256
1021
785
256
993
319750418
1019
1009
783
505
1515
1009
-1708060
-1707573
-1707142
1008
2296
781
256
-1442038
1001
1811
437
-263728
997
287
751
1008
-267442287
-267440823
277
1060
1854
1997
3010
1781
2804
3771
1574
783
17
219149284
271
1001
281
3276
530
2953
4047
826
1609
1003
-395302
-33552976
2084
949
532
1021
777
256
1021
261
1023
2547
1013
1008
2031
97808
1374
256
11
787
768
23
263
256
1017
773
256
13
261
768
9
769
493
750
1015
495
1008
1997
528
993
1042
1005
261
1272
771
1554
271
997
261
532
999
775
1558
1001
773
1044
1005
151982328
1013
271
1017
256
25
771
768
1023
503
2038
2537
-267975725
-267974726
1008
2001
1008
1519
4546
-1177692
-1177181
-1176670
-1175255
257
271
-456237
-455230
-454721
497
496
985
477
1279
973
263
1046
971
271
11
319754502
256
1023
277
256
7
261
256
271
995
779
768
23
271
768
1021
256
11
777
999
273
544
1005
783
1054
1009
783
1009
271
1011
783
1023
1019
265
536
997
781
1564
1001
783
1054
1013
271
1021
785
256
7
783
768
17
785
768
15
263
256
139
771
256
153
519
189
1025
2020
3515
4002
1008
2495
3988
5481
7482
8465
10466
12469
13958
14935
16430
17431
17927
-571393847
-571381383
-571380902
2021
1393
497
301
3365
4274
773
3652
17760514
256
768
1023
259
997
771
2838
975
1042
983
1044
979
530
979
1554
993
263
534
999
781
1564
1007
783
5
781
768
11
267
256
19
267
256
509
1007
-268042768
-268041769
-268040746
-268039723
-268038213
-268037226
532
991
773
1556
993
777
1048
1001
781
1564
999
271
542
1007
783
1011
783
1021
289
256
5
281
256
13
277
256
511
995
271
1054
1007
783
1019
787
256
11
785
256
19
275
256
27
265
256
1023
483
1987
1019
499
1023
2012
1008
1495
3009
768
1008
1279
975
1054
981
538
983
1056
993
1564
991
275
546
991
273
1056
1005
420418304
1
795
256
15
279
256
27
275
256
21
265
256
3
783
271
1015
271
-436207167
2952
496
1899
1009
923
1009
951
496
1495
-657993
-2632535
2778
994
2003
-3024476
-338568314
-339941263
2773
799
768
35
257
281
256
27
799
256
41
795
256
45
795
256
49
269
256
27
259
783
479
735
977
11
777
256
493
256
987
1503
256
-9870411
-9868387
-9867857
991
781
1052
1003
151982338
1017
269
256
11
275
768
21
287
497
271
53
969
534
9
793
768
1019
269
256
21
271
768
33
265
256
37
769
499
507
489
-1316899
-1316116
1001
271
1054
1009
271
1013
271
1021
291
256
9
807
256
27
295
256
35
801
256
35
267
256
507
1007
271
1015
19
261
507
997
2020
3017
4040
5550
6333
993
263
1046
995
269
540
1001
319755238
307778423
307779206
995
265
1048
1011
271
1
785
256
13
785
768
21
265
768
25
769
-268830799
-268829792
1008
1495
2518
-1838656
-1837653
1288
496
979
1490
1535
1802
487527186
256
9
801
256
13
283
256
25
275
256
1019
1980
3514
4473
259
-259400343
287
1957
859
2573
1019
261
768
13
263
509
1530
1011
496
1007
1978
-2890539
1252
257
1040
993
769
1552
1003
265
1048
1009
777
1560
1003
252645640
768
15
783
511
256
17
777
768
3
1009
1962
1770
546
981
1060
987
1062
989
1582
989
805
1076
993
811
1082
995
271
1015
271
5
793
768
5
775
256
19
791
256
39
273
768
33
783
256
1021
1015
1011
1017
-267053092
256
511
1314
2808
979
1029
1023
1824
751
1022
1001
261
532
989
271
1009
271
1011
783
1023
773
768
25
773
1019
1023
1013
1509
1994
496
2508
3513
-5259907
-5258896
771
1023
1005
275
1254
1001
815
256
1017
768
15
275
256
17
261
777
1778
-33553416
-33552421
271
1023
999
783
5
271
768
17
265
983
1554
987
1048
999
769
1552
989
271
419
1320
1497
1042
256
495
19
787
768
1007
279
-660000
-659217
783
899
265
783
893
540
873
1566
867
554
837
1588
817
305
1072
319
1062
325
1618
1598
895
289
271
937
538
1013
3
785
256
27
277
256
35
273
256
49
273
768
51
769
256
29
257
507
1003
-201324593
-202375763
935
1572
937
1050
919
773
271
893
1070
855
1586
827
817
783
803
829
1574
323
1586
1445
1592
921
1056
977
2641
496
2531
3030
1491
771
1042
999
254619870
1017
271
1015
277
768
9
291
768
23
799
768
33
285
256
45
789
768
37
257
497
-2364451
-2363948
-269681743
-269681260
496
-1711142
-1709623
-1708718
775
271
911
773
271
909
532
899
263
271
881
1568
867
1066
837
1592
819
313
1074
833
1092
2489
1082
945
1568
271
1005
259
530
1011
84873476
1019
271
1017
783
1023
267
256
13
277
768
23
277
768
33
277
256
45
269
768
53
769
501
1002
1513
2973
1969
497
1846
1721
2648
1564
921
1054
923
785
783
913
285
783
899
1066
889
1082
873
2447
1937
859
1100
2509
1517
1602
957
548
283
768
35
787
256
41
777
1005
-1313310
-3021874
-338563504
-220133612
768
511
-134216720
-134215697
-134214702
279
1062
1007
271
1017
271
3
257
256
5
256
507
997
771
3267
487589790
1300
981
269
540
5
1038
1570
-771749177
977
1566
768
887
97
1108
1747
1044
993
773
1044
997
261
532
999
773
1044
1005
271
995
267
1050
1009
783
1013
785
256
1015
283
256
45
265
256
1021
807
768
67
1023
2036
2545
-1446437
-1445936
-1445665
1323
-1979710265
959
538
499
1008
1489
1281
845
1940
2031
7083
8030
8935
536
887
269
271
501
3546
4057
5070
5849
256
11
1023
2038
503
1007
1009
497
1015
-268236832
495
-804187201
-804186196
-268237345
-268236842
-268235827
-268234804
-268234005
768
53
795
256
49
269
256
31
259
21
769
29
273
768
19
261
499
1005
2028
3045
271
768
11
279
256
23
283
768
41
285
256
47
281
256
47
785
768
25
263
775
256
31
257
507
1005
-268105765
-268105274
496
-268754670
341
1872
1446
1008
1937
773
271
903
1046
895
259
271
891
538
875
1054
857
550
827
295
1070
825
1054
313
1054
839
783
827
1088
883
1072
947
1048
257
528
1003
783
1021
19
261
29
773
256
35
263
768
265
256
507
499
13
769
37
273
768
21
261
256
27
257
1019
-1316884
-1316847
781
256
21
773
13
777
256
269
768
11
257
256
768
13
257
37
785
256
27
779
256
1021
1023
21
777
256
29
771
771
768
1015
271
1017
511
-234880037
-238956129
-246584729
1009
773
1044
991
1042
999
259
530
1003
1060
509
256
1003
532
1011
775
1046
1003
511
978
1008
2003
797
1007
-100661821
-100661038
997
261
532
501
1012
493
1003
-1313321
-1311361
2977
1422
3831
773
271
885
1042
881
1044
869
1044
855
1048
821
783
271
803
283
783
771
991
1042
993
1042
991
1042
991
769
1552
999
773
1044
1001
261
532
1007
271
1007
271
1013
271
3
269
768
19
275
768
23
781
256
35
779
768
35
771
-982064
1008
1279
1009
271
511
1530
2313
983
556
997
2046
3054
3827
4098
997
261
1044
993
775
1046
999
267
1050
1005
690827484
1019
277
256
3
791
256
15
785
256
25
781
768
511
271
999
257
528
1007
271
1017
19
781
256
29
267
256
41
771
256
509
499
499
-603979573
169
833
568
2083
1304
6229
981
528
1009
271
1021
271
1
267
768
11
777
256
25
265
768
29
773
256
11
769
261
256
43
261
33
769
493
-261656
-260637
503
1017
1015
499
496
1491
2001
1519
2416
791
783
271
5
259
768
15
777
256
15
781
2965
1729
2708
811
3965
1957
35
1500
2794
1
773
256
511
1013
-267044466
1477
2298
2541
1375
379
1500
1771
993
273
1296
2291
1294
981
1060
977
560
993
2593
1524
271
283
1006
256
511
1022
2508
256
1023
3059
2541
3052
3545
-6490711
-6489732
2837
3842
265
1023
2063
1023
-637532724
-637529708
-268303896
-268303405
-523290
-522805
-522294
-521286
-520263
-1368402
1013
-201329704
-663572
2270
1294
991
540
1001
783
346
1733
1809
1482
3524
989
1990
3992
1504
3638
69
340
1
833
752
501
2001
1765
1852
-267408376
1517
39
1060
1315
2662
1023
1013
1514
1463
271
1505
1514
805
496
283
554
1007
271
1007
809
1592
1013
271
1468
261
1044
1013
783
999
271
3
273
256
33
265
256
31
273
256
15
775
256
19
271
256
477
497
2015
256
449
1232
271
961
1556
967
513
41
257
-668585239
271
1266
259
772
1003
265
256
1556
1001
-469761576
-973735531
-1241518213
-1241517208
-1241515466
-1241514445
496
396
496
1776
953
-469760793
534
973
297
1080
999
353309440
1011
1023
2002
513
989
1309
2804
3783
1023
1806
1982
283
1067
2078
269
-335542034
496
1507
1023
1458
1008
333
1955
1562
1011
289
256
1570
501
973
1785
3176
837
1491
-6487658
-6486635
-6485433
1003
780
-2289964
-2288506
269
2253
2197
1782
1009
2837
897
31
768
979
994
265414943
503
1023
777
256
1019
1802
1021
269
291
1403
1519
2514
271
1358
1008
1294
973
528
869
1008
1865
-1709769
-1708986
965
783
987
1040
983
1044
987
263
534
983
1048
1001
265
536
987
777
1048
1003
271
542
1007
7
-787482
501
501
499
-536061724
1427
99
1122
1457
267774482
1924
7781
8710
1030
955
546
945
773
271
929
259
271
913
785
783
887
789
271
861
552
835
805
783
805
309
1568
319
1070
833
1624
1086
913
1070
967
1560
1007
463
840
1007
1518
3072
985
1560
987
1558
991
1048
995
265
536
1001
252645636
3
777
256
13
769
987
779
1050
997
777
1048
997
267
538
997
777
1560
1005
252645632
1017
768
35
777
256
23
771
505
-1445906
-1445395
-1444372
-1443861
-1442864
-1441841
-1440842
-1439819
-1439308
-1439037
975
1046
973
1040
979
534
983
532
987
1046
987
1042
993
775
1558
1001
17765324
536
979
1048
979
538
987
1050
989
269
1052
995
779
1050
1003
785
1568
1009
783
1021
275
256
9
789
256
29
275
256
37
273
256
39
783
256
511
37
269
256
45
779
768
37
261
263
534
1011
271
1019
267
768
29
267
768
23
269
768
1003
789
256
25
265
768
511
267
256
17
769
1011
768
15
265
256
86764
219091708
256
1019
1025
7
265
256
49
118424610
15
-3283717
-3283446
271
1009
271
995
1264
771
1042
1023
257
505
768
1013
1008
2009
1013
271
2299
-170006101
-170005082
495
-7893082
-7892817
256
511
769
256
1013
1016
777
23
773
768
-270679608
-438450776
-674250361
-674249876
1491
2521
271
1013
495
496
985
-267910668
-268700696
-268699162
-268698379
497
1499
3022
1008
1519
4461
5935
3288
3799
4802
-1442646
260637030
260637947
260639786
260640780
-201324605
-371070058
-371069565
1008
2493
2031
2532
496
1509
783
1021
259
768
13
773
256
17
259
768
35
257
13
257
768
23
777
768
39
261
256
41
773
1021
779
256
35
781
256
27
773
256
1023
33
263
256
29
261
23
781
256
29
267
256
25
257
499
-1446431
-1446408
769
41
777
256
35
769
1011
499
-67108382
-67107601
768
7
-100662831
-100661830
496
983
1008
1495
1008
2007
496
1499
496
1497
1008
1499
496
1495
496
989
1013
1013
-265609257
-265608266
1491
1008
1491
2514
-6050404
-6049381
-6048384
-7758486
-21627930
1504
2373
2182
2997
4001
2073565
861
1372
271
1011
286200070
991
118428671
1003
779
1050
989
779
1050
1001
787
256
1009
386863378
256
21
267
256
47
779
256
55
769
25
777
266204930
266205943
264367602
1023
2417
511
3412
1044
911
261
783
899
552
885
269
271
883
534
867
568
939
769
271
765
843
1564
305
1564
323
1588
1943
1106
1501
3788
1775
2752
781
1564
989
769
1552
1005
773
1044
997
261
1264
-167832838
-167832055
1003
271
1
789
256
1023
305
256
25
257
768
49
275
256
483
256
1009
789
1572
1023
781
1509
2532
3523
-201325869
1003
2253
2613
1833
802
2588
271
793
275
271
779
295
783
755
807
271
805
281
271
831
806
985
275
1058
993
261
1044
1001
1560
1001
799
256
1021
291
768
13
801
256
25
799
256
27
277
768
23
777
256
1015
1019
1022
4092
1262
749
3157
783
1052
977
1564
985
1564
985
542
987
275
1058
995
556
1007
281
1064
1001
487526658
1
297
768
15
807
256
29
297
256
23
785
256
15
-393236
-392225
2029
4032
7709
1416
-268366391
-268365386
1008
2013
499
987
1505
-268233282
-268232795
-131215
1040
929
2847
1017
1017
1017
1015
505
1
297
768
979
467
507
1009
-787482
-786471
-7756113
1489
1283
271
977
1048
983
1560
987
1044
985
1560
993
781
1052
997
781
1052
999
785
1056
1005
271
1
793
768
15
277
768
19
787
256
19
777
256
495
-8416421
-8415924
511
256
9
777
256
11
275
256
37
789
299
795
768
49
815
1530
493
-3816527
-3815744
1019
265
256
1
783
256
21
781
256
37
779
768
49
517
511
1481
496
1807
2804
4732
853
497
891
1899
987
1258
919
1048
917
783
783
901
1056
899
1062
885
552
855
1411
781
783
805
825
1572
835
1574
327
1108
1092
895
1070
955
538
503
1276
256
1
769
256
7
261
256
17
773
256
25
777
768
41
773
768
47
257
256
1524
495
-535621667
-535620161
-535619393
9
257
768
15
769
499
1015
501
503
347
1355
447
1364
775
271
907
530
895
1044
881
1044
865
1050
845
1056
815
287
783
783
303
1042
256
27
781
256
37
773
256
511
505
497
499
1011
1008
2007
496
1489
1008
2031
3539
4543
5566
9019
271
1007
118427912
1013
273
768
33
789
768
41
273
256
49
265
768
33
769
999
775
1046
1005
773
1556
1007
271
1013
271
1021
275
256
11
277
768
27
285
256
39
277
256
43
275
256
39
777
256
21
769
-262168
-261663
499
495
1518
2523
-1711673
-102374009
-109213365
-110919373
-110918876
-211579684
-211578661
-211578398
768
507
-33553463
-33552440
-33551947
-35786853
-35786352
-37101194
-473308351
-682791777
-682791276
-682790253
-682789982
997
773
1044
1003
271
1011
185536776
256
25
785
768
37
771
1015
-402652723
-402651706
1003
-167905629
1009
441
1008
1929
528
895
530
893
1048
881
1046
867
1052
843
1564
813
273
271
799
795
271
787
327
1054
323
271
819
1078
885
277
271
953
-395019
-394508
-393997
-392989
-391996
496
-3685456
-3684965
-5131352
991
783
1054
1005
319755006
1
795
768
13
789
256
25
273
768
19
773
256
271
989
259
530
997
265
1048
1007
271
1017
273
256
7
273
768
23
787
768
27
271
256
33
267
256
1021
15
779
768
1023
29
265
256
15
257
47
789
256
35
267
768
511
1005
-2144062118
-2144061111
496
989
-268041748
-268040735
1023
945
1968
2961
534
983
1050
983
1560
979
1054
983
540
985
542
989
1056
993
1062
995
795
1066
1009
783
1021
271
5
281
768
3
965
536
967
1048
971
1050
969
1562
969
534
981
538
991
1050
987
287
558
989
289
1072
839
1841
2112
997
285
-1974757
983
2425
999
-266798
-266527
803
1325
771
496
1505
823
1629
279
3020
3499
4522
4993
256
9485
271
808
4148
1019
1023
-1311301
1040
973
532
981
1046
995
783
1054
1007
271
1019
271
1
271
1003
775
1046
1009
783
1
785
768
11
269
256
25
271
256
21
261
256
17
769
-134217248
-134216479
1023
503
1011
1267
55
783
256
31
771
256
509
-790289
23
263
256
273
256
31
777
256
17
769
769
27
775
768
511
977
268171330
2026
2016
791
2317
1005
511
1022
2810
3049
511
514
319
1447
1008
1339
768
981
606
497
-1709089
-1708833
507
2923
-267002253
795
768
21
281
256
21
277
256
23
265
256
1023
1019
501
-1313824
1008
2031
2542
-2230822
768531040
2327
345
2438
823
815
271
793
313
1558
837
1046
321
1088
1098
877
291
271
945
548
985
773
1556
271
1019
29
279
256
41
277
256
49
781
768
51
265
768
511
1023
1532
-665173
271
271
1021
511
-1441311
279
776
1008
1493
496
1772
256
63
779
256
49
259
1019
785
768
989
496
987
-268104745
-268103722
-268102699
-269025349
-269024862
496
761
783
889
1050
877
1052
873
542
851
1570
819
289
271
789
297
271
783
819
783
781
309
783
815
572
875
801
783
945
1218
307
578
783
265
536
1005
783
3
267
256
1
263
256
1019
2044
1023
447
-2080373572
-2080371536
785
1296
3102
997
3313
496
991
771
1554
975
1048
983
532
991
781
1052
1013
275
546
1007
271
23
789
256
13
273
256
1007
271
9
783
1013
261
271
1017
267
41
783
256
1013
507
-2899004
503
781
256
15
259
1017
2640
779
1290
2040
3063
3574
-1706016
-1703994
-1702971
-1702475
-1699002
903
1044
895
1558
893
261
271
883
1052
873
1058
833
795
783
805
807
783
781
819
271
773
821
783
795
817
783
849
799
271
923
544
975
528
1023
256
1023
25
283
256
35
795
256
45
277
256
63
1041
51
261
509
511
1022
1509
1008
811
791
271
733
301
271
805
789
1556
782
787
1060
847
289
783
929
1050
997
777
1048
989
420475884
151982326
151982597
1007
271
1011
783
1013
783
1019
768
25
283
256
39
287
768
47
277
256
49
273
768
37
259
1023
1279
999
1510
2501
2968
4751
1426
259
271
907
267
271
897
271
271
893
1568
871
1066
855
1913
283
783
805
303
1572
833
1078
833
1118
1640
901
281
1266
1046
975
825
2011
1040
1311
995
257
528
995
261
532
1003
84873988
1021
271
768
19
277
256
27
785
768
27
779
256
1023
-1576706
507
-3683874
-4473398
-4472897
501
1015
499
503
501
503
1011
507
499
1015
256
23
259
1524
1775
386863354
386863625
989
785
1056
991
783
1566
989
783
1566
987
1564
47
3879
2192
3087
4381
768
2062
-436203588
-436203077
-436202590
-436202079
-437252794
-437250493
511
493
-134216221
-134215218
-201326168
-201324874
995
261
-1315652
771
768
911
1919
293
1935
2943
967
1292
2301
1056
1189
1327
496
153
662
1504
268136371
268136899
2646
1518
1789
1517
2317
979
1048
981
798
1069
999
2245
769
768
1005
-301988120
-301988117
779
1008
2482
3791
2015
3020
267
1050
273
256
43
777
768
1017
1019
511
1530
59
1047
53
261
256
1019
497
-266913827
-266912043
1013
261
497
1013
1011
499
-265868323
-265867300
-265867241
2124
1008
491
501
499
1011
-1573641
1003
1007
973
266337786
-397330
-395812
-1316936
-1315913
-1314906
-1314395
-1313392
-1312369
-1311600
21
785
768
7
271
997
789
1060
768
9
259
-201325608
-201324595
5
769
-262396
467
-3551536
511
1534
2541
2812
-1446918
-1445895
-2364456
115
626
499
1275
2106
5060
771
975
1519
5699
929
1048
917
773
271
905
1062
903
277
783
885
794
1577
-1971734
-1971229
-1970224
777
1048
1005
511
1534
2045
2316
997
775
1558
999
261
532
1005
185536766
1017
785
256
7
789
256
19
789
256
33
273
768
41
273
256
41
261
768
27
769
29
267
768
29
773
1021
1015
507
19
771
768
15
257
768
35
261
256
43
265
256
61
521
61
1029
63
261
995
259
530
1003
118427902
1017
783
256
11
783
256
25
789
256
35
785
256
35
783
256
19
773
256
963
1042
973
532
971
534
973
534
973
534
983
1050
991
269
1052
1003
271
1021
273
256
7
277
256
11
783
256
5
783
1510
3556
-303037505
-839908213
256
511
530
257
256
1
-1315860
-2368566
1013
1522
1793
771
29
773
256
23
261
33
773
256
511
1023
505
1015
511
-405018220
-405017709
-405016928
-405015414
-405014391
-606342148
1376
929
1292
496
1516
2007
496
2030
3053
4060
1008
2016
3966
1511
888
-7758073
-7757702
-7756708
-7756215
-7755192
-275467264
496
1519
2542
3565
4076
4565
1491
1008
-603978330
-605426002
768
21
275
256
7
768
29
273
256
21
769
13
281
768
27
281
256
37
259
271
5
265
256
17
777
256
25
773
768
1023
507
511
-268304916
-268304408
771
27
775
256
-6316636
-8421210
-1052188
-1051171
-2758222
496
989
-3677461
1023
1534
3521
2929
1008
2046
2549
256
1023
1007
-268101696
-268101185
-269285979
-275865770
-275864757
261
1008
1395
1891
319
1853
2876
3899
4922
-388316
-335931660
-335930637
-335929642
-335928619
-335928110
-335925323
1019
1007
1008
2003
1008
1491
2001
1008
-788008
-787015
-786504
-785993
-785497
-784986
-784511
496
1007
1490
496
767
983
1050
987
540
991
279
1062
1001
420417800
3
271
256
3
259
1290
495
1518
2521
501
495
496
987
496
1489
1008
2031
3039
4034
1008
-1052196
-1051695
-920600
-920329
967
1040
971
1556
977
532
979
540
987
1054
997
793
1064
1009
271
1023
799
768
7
785
256
11
-18289824
-18289041
1021
785
768
25
275
256
33
275
768
47
269
256
45
771
31
279
256
29
273
256
21
261
256
509
1021
1015
1011
496
1497
496
1495
496
985
496
1497
-267053590
-266525735
-266524744
975
1008
1871
1054
835
793
783
803
823
271
797
809
271
817
1060
869
1572
943
1050
785
256
-266385454
-266384483
528
981
1044
975
1040
979
1046
985
1046
985
265
1048
995
265
1048
1001
271
1054
1011
783
3
281
256
17
279
768
29
279
256
39
271
768
41
263
256
507
-6577743
1008
1509
1011
499
1009
-267843610
256
1015
993
501
-534760023
496
1489
2004
2970
1008
2003
1515
1009
496
1497
1008
1489
1008
1273
2056
1001
781
1052
1003
271
1011
783
1023
281
256
11
283
768
17
275
256
23
781
256
1021
271
1001
151982332
1007
271
1021
31
789
768
35
789
256
43
269
768
39
777
11
777
768
17
775
768
15
257
21
777
256
19
257
23
781
256
27
769
27
269
256
35
783
256
511
1013
-1312803
-1311800
-1311289
-1310784
-12492021
1008
2015
3038
-4477521
-4476498
-4475493
-241064580
-491737801
1008
1289
480
-262045285
-262044790
2009
-259817507
-259816006
-259813577
275
1282
1449
1592
1029
1277
139
1565
123
769
768
175
527
169
545
1777
185
1041
195
768
197
533
231
309
1077
213
256
239
1053
211
2054
163
1762
2767
1017
2027
1019
2030
2031
271
975
1064
977
1568
971
1831
977
793
1064
1007
783
1019
271
1021
781
768
27
263
768
3
777
485
1993
257
283
256
51
793
256
55
269
768
1021
503
1008
2011
3034
4516
5519
259
491
1008
1970
2519
-1839689
-1838708
554635534
256
1015
1044
999
815
275
803
256
23
795
256
31
783
256
1011
271
256
25
271
256
33
777
256
45
265
256
57
771
503
1570
