4
93
93
92
71
106
94
92
91
90
91
90
92
72
107
91
91
85
98
91
90
92
91
64
115
95
96
66
112
98
95
94
94
94
95
95
97
98
97
98
86
112
98
97
96
73
114
97
96
97
97
99
98
99
98
96
96
95
93
66
115
94
94
96
97
101
70
120
108
106
103
101
101
102
100
102
103
102
102
103
102
103
101
100
101
102
101
103
102
103
104
104
103
103
104
104
104
103
103
102
103
102
102
103
102
102
101
101
102
101
101
100
100
99
98
99
99
100
101
102
101
102
103
102
79
122
100
97
98
96
85
108
95
96
71
120
100
101
100
101
102
103
103
96
111
102
101
101
101
102
102
103
102
104
103
104
103
104
104
104
103
104
67
135
101
98
98
98
98
96
97
97
97
97
98
101
100
102
103
104
103
104
102
102
103
102
104
103
103
103
102
103
101
100
98
98
97
96
98
98
98
99
99
100
99
99
99
98
98
97
97
98
99
100
100
70
121
104
101
100
100
97
100
99
97
99
99
99
101
101
103
102
103
104
103
103
103
104
103
106
104
102
104
100
102
103
102
103
103
103
102
99
100
99
99
98
96
98
96
95
97
98
98
100
100
102
102
103
103
104
102
103
102
65
134
99
97
100
99
101
101
101
101
102
101
100
101
100
102
101
82
119
103
102
102
101
102
103
103
103
105
103
105
105
105
105
106
104
103
101
101
100
99
98
97
98
100
100
102
104
104
104
106
105
105
106
105
105
104
103
103
102
102
102
101
104
101
103
104
103
104
106
80
124
108
107
106
106
106
105
106
76
124
61
120
106
103
99
64
142
103
101
103
102
104
105
106
106
106
107
107
106
107
107
107
106
106
107
106
106
104
104
106
105
106
106
105
105
106
106
105
105
105
106
106
79
127
110
108
108
107
108
108
106
106
105
105
108
108
109
108
110
109
108
110
108
107
108
108
107
107
108
107
108
108
107
108
106
106
105
104
105
106
106
107
107
107
106
107
107
107
108
108
108
106
106
106
106
107
105
105
104
105
105
105
105
106
105
106
104
106
106
105
106
107
106
106
80
127
110
106
105
88
120
102
101
81
119
103
104
105
106
106
107
75
128
111
108
107
106
89
122
105
103
104
103
104
103
102
102
102
101
103
103
102
101
103
103
104
78
123
107
105
104
103
103
101
74
122
106
103
103
104
104
106
106
106
104
103
102
103
103
103
104
105
104
103
105
104
106
105
106
105
105
105
104
104
105
104
101
101
99
98
98
98
98
99
97
99
98
97
97
98
98
100
59
115
96
104
96
93
93
93
94
75
115
99
100
100
101
70
130
100
99
99
99
101
102
101
104
103
104
104
105
105
103
101
100
101
100
101
100
100
100
99
100
101
101
102
101
102
104
104
104
104
105
103
105
105
103
105
103
103
102
102
102
100
99
98
69
119
98
98
98
98
98
101
99
101
101
102
99
101
100
71
123
106
104
104
104
103
103
102
79
120
103
101
102
102
101
104
102
76
122
105
103
103
104
104
105
105
105
106
106
107
107
106
108
108
107
108
108
107
107
102
100
104
102
101
100
101
101
77
120
104
101
100
99
97
95
96
94
94
95
95
96
98
97
98
97
99
99
98
99
100
98
98
98
97
97
96
98
96
95
95
96
95
95
96
97
97
97
99
98
100
98
98
98
99
96
98
97
98
98
97
99
98
98
97
98
97
96
94
95
95
96
94
95
94
93
94
96
97
97
99
99
101
100
102
101
102
101
102
102
101
104
102
102
101
101
99
99
98
99
97
99
98
98
98
98
99
99
99
100
84
116
98
97
96
96
97
96
98
97
99
98
99
69
113
100
97
97
96
97
87
106
93
94
91
93
92
93
95
97
99
99
102
102
100
102
102
99
72
123
96
95
95
97
98
100
100
101
102
101
103
102
100
102
101
102
102
68
134
100
101
99
102
103
103
104
104
104
104
105
104
105
75
124
105
104
103
103
104
106
104
105
105
108
107
107
106
107
105
105
105
106
105
84
125
102
103
102
102
102
100
99
100
99
99
100
99
99
100
100
102
103
103
105
104
104
104
104
103
103
101
100
99
99
98
97
99
99
100
103
102
103
104
103
73
124
106
87
118
101
102
101
103
103
103
104
104
105
104
104
103
104
104
105
105
105
104
105
104
104
104
104
105
103
103
104
103
102
103
102
105
104
105
104
106
103
103
103
102
101
101
102
100
102
103
101
103
103
103
102
101
102
99
99
99
100
100
99
102
101
102
101
103
101
101
101
101
99
101
99
100
99
99
96
96
94
94
94
94
94
92
91
93
94
97
97
98
98
98
99
98
98
98
98
97
97
97
88
105
96
95
95
96
96
97
94
100
95
97
95
90
98
93
96
95
97
97
97
98
98
90
109
98
99
98
97
97
99
98
99
99
99
102
84
120
105
102
103
102
102
103
102
102
102
104
101
103
101
100
101
101
102
100
103
101
104
102
106
104
105
105
86
122
103
103
71
134
100
101
68
131
99
98
99
96
99
100
99
101
103
100
102
103
102
100
101
102
98
98
75
114
98
96
77
114
97
98
97
99
101
101
101
103
103
102
105
104
105
104
104
105
103
102
104
102
102
102
102
100
101
78
119
103
101
100
98
98
75
118
100
99
100
100
101
101
101
70
122
104
102
102
101
93
111
72
122
101
101
99
100
100
101
102
101
100
102
99
102
101
100
100
100
98
96
97
99
101
102
101
103
79
124
102
101
98
100
101
100
100
101
101
73
122
106
103
103
101
103
102
102
104
102
103
82
124
101
102
100
100
102
101
103
102
101
102
102
102
90
114
101
101
102
102
105
104
104
106
105
105
104
105
105
106
73
130
111
110
109
108
108
107
109
108
108
107
108
108
106
106
106
104
106
105
104
104
105
103
105
105
105
106
79
128
108
105
105
105
78
129
109
105
107
104
77
125
61
123
104
103
102
59
118
101
101
100
99
70
126
106
106
105
104
105
106
104
105
105
105
106
106
106
105
106
104
106
103
103
105
105
104
105
105
105
106
103
106
103
100
104
101
101
97
96
95
93
92
67
107
93
91
91
90
90
90
90
91
90
91
93
91
92
74
105
90
92
91
90
92
92
90
93
91
93
94
95
95
94
94
92
91
90
89
87
88
87
86
86
88
87
88
88
89
88
90
75
104
91
92
91
90
90
90
72
106
90
89
88
89
87
89
88
88
89
88
88
90
88
89
88
88
87
88
89
87
90
89
90
91
93
93
94
95
94
96
94
94
95
93
94
96
95
93
95
94
93
94
93
78
113
91
91
62
113
93
89
61
106
88
86
84
85
83
84
84
84
85
85
85
85
86
85
87
85
86
68
101
87
87
87
87
87
87
89
87
91
88
90
91
90
93
92
92
93
92
92
93
91
92
92
92
92
93
91
92
92
92
93
93
94
95
95
95
78
109
95
94
93
95
65
116
98
95
95
95
95
94
93
93
93
92
93
91
69
115
92
90
91
90
91
92
93
74
109
94
95
93
96
92
79
110
97
96
99
97
97
100
100
100
100
99
99
70
118
100
98
99
98
98
100
64
120
104
101
99
101
83
115
97
100
98
98
100
101
98
101
71
127
96
97
96
97
76
119
101
101
100
98
98
99
99
101
101
100
102
101
103
103
102
103
71
123
105
104
103
101
81
119
101
99
101
98
89
110
99
100
99
99
100
99
99
99
100
98
98
100
99
98
105
103
106
102
100
100
99
97
97
96
96
96
97
96
97
97
97
97
97
97
97
96
95
93
94
95
95
97
98
99
99
100
100
99
99
100
98
98
98
86
107
99
100
100
101
100
100
100
66
120
99
99
95
97
95
97
96
98
98
100
100
101
101
101
102
102
101
102
102
101
101
98
98
98
97
99
99
100
101
100
99
100
98
97
100
98
98
101
101
101
101
102
102
105
102
104
101
87
116
100
99
99
99
99
99
98
99
100
99
99
100
98
75
122
103
103
103
102
100
102
100
98
97
98
97
99
100
101
101
103
102
103
104
105
104
105
105
104
104
102
101
101
99
100
100
98
99
97
67
117
97
94
99
94
93
94
95
94
97
97
99
98
98
98
99
97
98
96
97
95
96
95
94
95
64
116
99
96
95
96
97
96
97
97
97
99
99
99
99
99
99
100
99
101
99
100
101
99
99
99
99
99
96
95
80
114
95
96
96
96
97
97
97
96
96
97
95
93
96
94
94
97
96
98
98
98
99
98
98
99
98
99
100
65
120
104
99
100
98
98
98
98
98
97
98
98
99
100
101
99
100
101
101
102
101
103
101
103
100
101
102
101
100
100
98
99
98
97
99
98
97
97
94
96
95
96
98
98
99
101
100
100
101
100
101
100
98
99
100
100
100
100
103
102
102
101
100
101
99
99
99
98
96
97
95
95
95
94
94
94
95
90
98
93
92
90
92
91
91
91
92
90
94
92
93
95
96
97
98
98
99
99
98
99
97
99
99
98
99
98
100
68
127
97
96
97
96
96
96
95
95
95
96
96
98
96
97
98
98
98
98
100
96
98
98
97
98
100
99
100
100
101
100
101
102
100
101
102
100
102
101
100
101
101
101
100
102
101
103
101
100
103
101
101
102
101
101
102
101
102
101
100
102
100
99
98
99
99
99
100
100
101
100
102
102
102
83
122
102
100
102
99
101
100
102
102
102
103
103
104
103
103
102
101
102
101
100
102
101
100
100
100
99
101
102
101
104
101
103
103
102
102
103
102
104
102
104
105
103
102
103
97
105
101
100
102
102
102
103
101
103
104
104
72
125
107
104
104
103
104
105
102
105
105
103
103
103
102
102
104
103
104
104
104
104
104
102
103
104
103
105
105
104
104
104
104
103
103
104
103
102
103
102
104
101
101
103
99
100
101
99
99
99
100
100
99
100
101
103
100
101
101
100
101
101
100
101
102
102
104
104
103
104
83
122
102
99
98
98
96
96
98
100
100
101
101
102
103
103
103
101
101
101
100
102
101
79
120
105
103
101
102
102
102
102
101
101
103
102
103
104
103
83
122
106
105
103
103
102
103
75
119
104
99
98
99
98
98
98
75
116
100
99
98
100
99
102
103
103
102
103
103
102
102
100
100
100
100
100
99
98
99
97
64
130
96
97
95
97
97
97
97
80
116
105
100
102
102
101
101
100
74
121
104
102
98
98
98
99
99
78
117
102
101
65
131
98
98
98
97
98
100
97
97
99
100
100
95
107
100
100
100
