88
102
178
93
174
91
183
133
131
135
127
120
63
69
121
121
125
129
130
130
130
97
80
78
86
168
135
161
135
163
94
178
127
134
123
150
139
132
132
144
136
136
134
136
134
136
135
131
129
128
124
126
128
132
138
102
98
154
156
155
149
145
111
177
118
143
128
136
134
132
134
134
134
135
134
134
138
134
134
136
136
132
134
132
136
136
134
136
138
134
137
136
138
136
137
136
137
140
136
106
193
130
135
143
136
138
139
140
137
135
137
137
137
134
136
138
131
137
132
129
130
128
134
133
138
136
133
136
133
136
131
131
136
137
136
140
139
139
141
139
140
138
138
133
141
141
134
63
196
131
124
133
134
133
135
134
132
135
113
145
166
131
133
137
135
136
136
133
134
132
137
134
136
136
134
138
138
134
139
136
135
138
133
136
136
134
139
137
136
139
136
135
123
153
136
132
132
133
135
137
136
139
135
138
136
131
137
136
136
133
137
135
135
57
200
147
136
137
134
135
133
133
134
136
135
135
138
136
138
137
135
137
79
176
151
135
135
135
135
136
138
137
136
141
134
138
136
137
135
137
134
136
135
136
137
135
136
137
135
138
135
136
137
138
135
136
137
135
137
135
133
136
133
136
135
133
137
129
140
137
133
137
133
137
139
134
137
138
135
139
132
135
136
135
137
136
134
134
134
134
136
133
136
134
133
140
136
138
140
137
139
134
135
136
136
137
139
138
137
137
139
135
136
82
184
151
131
95
189
130
137
139
134
140
137
139
140
141
142
140
144
143
139
140
138
138
141
139
138
140
140
138
142
141
139
140
137
90
184
140
126
139
129
105
146
131
130
130
133
130
133
130
135
71
191
134
129
137
140
136
139
139
145
146
147
149
148
143
238
133
131
125
151
151
138
140
134
139
138
138
142
139
140
148
131
151
236
132
130
137
132
139
137
146
144
136
141
134
89
163
219
130
127
127
128
128
130
204
142
131
130
129
130
126
133
131
130
131
129
133
77
179
132
125
128
128
82
167
130
124
128
129
129
129
129
55
197
138
128
131
131
133
137
132
71
195
135
130
133
129
73
148
134
134
133
135
134
138
66
202
147
131
138
134
135
129
133
133
132
133
131
88
164
120
143
133
129
132
129
134
131
134
57
195
141
130
136
133
133
135
133
131
132
82
180
136
129
134
129
133
133
70
193
116
150
127
140
114
153
120
169
102
171
103
176
90
171
126
92
118
202
226
136
133
136
130
123
142
122
151
123
146
125
86
199
102
186
94
178
91
184
130
150
112
194
111
188
130
138
142
140
137
134
133
129
133
133
99
166
131
134
137
140
139
142
146
142
146
144
143
146
140
140
135
176
182
140
145
157
114
174
150
133
133
182
91
170
145
127
133
151
107
150
129
130
138
145
177
136
160
193
109
205
119
196
119
194
118
198
119
191
114
194
117
194
116
191
115
190
114
193
116
158
146
132
139
56
201
153
134
137
135
134
137
138
134
134
131
127
137
133
138
140
138
138
139
137
137
136
138
71
195
144
70
192
133
128
126
130
74
192
144
135
143
147
152
159
162
156
161
154
138
200
124
155
109
168
95
159
111
173
108
188
125
164
134
152
109
140
195
137
137
140
137
139
133
148
143
82
191
137
140
226
133
134
137
137
138
135
135
139
131
137
132
133
132
134
72
194
134
131
132
133
130
133
131
131
131
112
144
133
129
117
138
79
172
103
139
129
126
101
143
127
133
104
143
116
138
97
139
128
125
124
100
135
124
128
104
135
120
130
126
128
126
127
60
189
133
130
128
126
55
187
130
124
124
125
125
126
126
124
61
174
130
123
126
118
129
125
138
147
105
149
135
103
149
118
139
109
142
108
143
103
147
133
131
135
129
130
132
112
164
104
155
98
152
132
134
130
95
146
109
149
103
151
95
146
131
142
129
142
110
154
99
158
116
156
139
133
132
62
193
131
128
129
129
130
131
133
133
137
137
133
132
120
135
115
139
132
130
130
131
101
168
97
154
109
149
112
150
105
150
106
94
175
136
131
139
133
131
133
134
134
132
138
141
136
133
132
133
131
130
130
128
123
135
128
130
128
131
132
131
133
133
132
64
197
124
143
136
134
136
112
155
107
156
110
151
113
153
116
150
116
147
118
143
118
138
127
135
118
140
133
136
134
135
131
134
133
72
172
160
106
174
103
156
142
131
80
227
144
130
129
124
125
127
126
126
129
128
129
130
131
133
132
131
135
132
131
131
130
107
141
103
153
117
161
103
178
96
164
99
163
100
180
89
168
104
180
90
175
111
171
93
166
130
142
110
166
92
161
100
160
146
117
191
127
151
148
143
139
141
146
149
146
143
117
194
116
194
98
195
125
131
126
125
134
136
139
88
167
165
136
132
131
134
128
141
122
154
134
135
138
136
138
139
148
123
178
170
147
137
185
132
129
63
205
151
222
116
190
129
138
146
143
138
134
126
134
128
140
135
137
141
134
137
137
138
134
136
135
134
133
133
138
134
137
135
139
135
136
136
139
136
137
128
148
134
134
130
128
128
121
86
68
193
128
129
129
129
126
128
79
188
137
135
146
139
141
140
141
145
143
188
155
137
188
110
160
147
133
134
166
197
145
134
135
134
139
96
162
168
182
65
222
127
128
135
123
149
138
131
132
133
137
134
136
127
146
135
128
128
127
128
127
130
131
131
129
132
132
85
176
131
125
130
130
72
187
137
130
135
136
140
136
139
138
125
143
133
136
143
63
199
145
114
150
132
134
138
131
129
133
131
134
105
170
136
135
136
128
131
126
129
131
73
195
145
136
142
141
147
145
149
139
164
147
136
136
137
133
132
133
130
135
140
142
133
148
146
139
188
212
131
129
145
144
138
139
128
139
138
131
142
134
136
132
127
74
176
122
122
127
130
128
131
130
131
132
135
66
161
185
130
129
131
127
76
185
132
126
132
73
188
130
124
131
130
130
134
131
67
195
138
125
132
133
137
56
198
142
128
134
134
133
131
134
81
178
132
125
134
132
80
178
132
123
131
130
82
180
134
125
141
130
71
190
125
122
122
129
79
178
131
125
133
130
75
181
130
125
130
129
53
199
137
125
133
129
74
186
130
124
137
136
134
136
127
131
73
189
137
126
132
129
131
132
136
67
195
130
126
133
132
65
195
138
124
130
131
131
78
179
135
124
128
131
75
181
136
125
134
131
70
190
134
125
133
134
65
195
136
125
132
134
131
74
185
132
124
133
129
67
189
135
126
130
129
72
186
133
127
129
129
68
185
133
125
127
128
73
181
132
125
128
124
74
178
129
123
124
125
132
128
128
130
135
137
66
196
141
125
131
127
125
80
174
119
153
136
136
133
131
70
190
142
128
138
133
138
136
134
75
192
141
128
134
132
130
128
134
80
182
135
127
144
144
143
151
152
163
154
155
156
151
154
156
123
171
161
149
126
196
87
166
150
160
164
125
210
115
126
121
120
78
163
133
120
135
138
68
192
148
133
150
137
137
146
138
154
152
163
121
120
148
112
117
116
116
114
118
114
117
117
115
122
126
122
83
154
125
121
122
124
80
170
131
123
132
130
130
77
185
130
126
129
129
53
192
92
163
132
130
128
135
81
184
132
127
133
130
57
198
140
125
135
128
133
130
127
74
185
130
125
129
131
53
196
132
124
130
125
80
171
124
123
129
126
131
56
195
134
123
130
124
80
174
127
128
128
129
130
77
186
128
124
127
127
53
190
129
126
125
130
76
186
130
130
226
135
136
134
55
199
148
137
133
62
201
103
190
129
132
130
128
121
138
124
143
118
151
113
179
112
158
138
130
136
132
130
230
131
130
132
132
69
167
192
128
133
133
132
135
131
73
196
135
129
134
