101
101
102
99
102
103
104
103
104
105
103
64
144
103
103
62
144
101
100
103
101
102
102
104
105
106
106
107
107
105
106
106
108
108
108
108
109
106
106
108
106
105
107
106
106
105
107
106
106
64
149
104
106
105
105
65
144
104
105
104
105
104
102
103
104
105
104
105
103
103
108
106
105
66
148
64
43
107
108
107
105
106
64
152
108
108
106
109
106
107
108
110
108
109
110
110
108
108
64
154
108
107
108
109
106
108
107
103
106
106
105
105
104
106
102
105
106
107
106
106
107
108
106
108
109
108
106
108
108
106
106
105
105
106
103
107
105
103
104
104
64
147
101
106
106
105
64
146
104
106
105
104
96
110
103
105
103
105
105
103
105
105
106
105
61
120
114
107
106
107
106
106
108
107
107
108
65
151
108
108
106
105
105
104
103
102
102
102
104
104
104
105
107
108
110
109
107
108
109
110
108
108
107
106
108
107
107
108
66
149
68
144
104
101
37
68
99
100
99
102
101
101
101
101
104
104
102
62
144
103
103
103
100
100
102
99
101
100
100
101
99
63
136
101
99
99
96
99
100
100
99
98
100
98
101
101
100
100
64
140
102
100
102
103
104
102
102
104
104
105
104
102
104
104
104
104
102
103
101
104
105
104
105
105
105
106
105
105
102
104
104
104
104
105
105
102
105
106
103
106
63
148
104
104
105
105
105
103
104
107
104
107
64
150
107
108
106
105
62
152
106
105
106
106
106
106
106
108
107
108
63
153
105
108
106
107
106
106
108
106
108
105
106
107
108
107
108
105
107
109
64
150
104
107
106
106
62
149
105
104
104
105
104
102
105
104
104
106
105
105
106
106
107
107
106
107
105
107
108
106
106
108
62
150
106
106
106
105
63
148
101
104
105
103
103
103
102
104
104
104
105
105
62
151
104
106
63
147
105
104
104
104
105
105
106
105
106
63
151
106
106
106
102
106
104
104
102
105
104
105
104
62
148
102
103
104
101
104
104
103
104
105
105
105
106
105
105
105
107
105
105
91
115
104
103
104
102
103
100
101
98
100
98
97
97
96
96
97
98
95
96
97
98
98
98
99
101
101
102
103
104
104
105
105
106
107
106
108
106
64
102
150
109
109
63
110
109
62
111
110
108
63
111
108
111
63
114
110
64
115
113
112
112
111
63
114
112
111
111
110
63
115
113
112
112
64
116
114
115
114
112
114
115
115
98
63
101
118
116
113
113
114
112
113
112
112
112
113
112
113
110
112
113
114
112
114
113
112
115
114
111
113
113
112
112
111
111
113
111
111
111
113
112
112
112
111
113
111
110
110
112
111
109
113
113
113
111
113
114
112
113
112
111
113
114
112
112
113
111
114
112
112
113
113
112
113
112
113
113
114
113
114
112
114
113
112
113
112
112
115
113
114
113
113
112
111
109
109
110
108
109
108
110
108
109
108
108
110
109
107
108
110
65
153
109
109
109
108
108
110
63
156
107
109
64
153
104
105
107
106
106
106
106
109
109
111
108
110
112
112
111
110
112
114
113
113
114
112
115
113
113
113
113
113
114
114
113
113
113
113
112
112
114
112
113
113
114
113
113
113
112
113
113
112
113
113
112
115
114
114
112
116
112
114
112
112
65
160
111
111
112
111
111
112
112
112
112
94
123
115
114
114
114
115
113
115
115
113
115
114
115
114
115
114
89
128
114
115
111
114
114
115
112
113
115
113
114
112
114
114
114
114
111
115
115
114
114
112
114
114
114
113
113
112
114
113
113
112
111
113
111
110
111
111
111
111
110
109
63
159
63
158
68
154
108
106
107
107
105
105
106
106
107
107
107
109
108
111
111
112
111
113
113
112
112
113
110
112
113
113
112
114
114
115
113
115
114
116
114
116
114
116
115
115
116
114
115
113
115
113
114
113
115
112
115
116
114
116
114
114
115
115
113
117
114
114
114
114
116
115
113
114
115
116
114
114
115
116
116
115
116
117
114
114
66
162
115
114
112
115
115
113
114
117
115
117
114
117
118
116
116
116
63
165
116
116
115
116
114
113
114
116
116
113
117
118
117
117
118
118
118
119
118
117
116
118
118
115
115
117
116
115
114
113
112
114
112
112
113
112
115
113
111
114
114
111
113
112
112
112
111
111
112
112
64
157
109
112
64
156
108
110
110
110
112
111
111
113
115
113
113
117
116
115
115
116
118
118
118
116
116
117
114
114
65
161
113
111
113
113
113
115
111
116
115
114
115
115
114
117
117
115
118
119
117
116
118
116
117
113
116
115
115
114
116
115
116
116
115
117
118
117
117
118
118
119
117
117
118
119
117
115
119
118
116
118
116
119
116
118
117
117
117
115
117
117
63
164
118
117
116
116
119
118
117
117
117
117
116
115
117
117
117
116
117
119
117
117
118
118
118
116
117
119
117
117
117
119
117
118
117
119
116
118
118
117
114
124
117
116
117
116
116
113
115
116
116
116
114
117
118
118
117
118
115
118
118
118
117
120
116
118
118
117
119
116
115
117
119
118
119
117
119
121
120
118
121
119
119
118
117
119
119
117
119
117
119
117
117
117
118
116
118
116
119
119
119
119
119
118
119
120
120
119
120
120
121
119
120
118
119
121
121
118
119
120
118
120
116
120
117
118
117
116
117
115
116
116
117
117
118
118
118
118
119
120
118
118
79
129
121
121
120
120
121
119
122
118
119
120
120
120
117
119
120
118
119
117
117
117
116
112
113
113
112
113
111
109
110
110
109
107
107
105
104
105
103
104
103
101
102
101
102
102
101
99
100
99
98
100
100
100
100
102
101
102
102
100
99
101
102
102
98
99
101
100
101
99
101
101
101
61
105
99
101
100
99
101
101
102
99
101
102
100
102
103
103
100
62
104
102
104
101
103
101
104
100
103
101
102
103
103
99
101
103
102
104
103
101
103
104
104
103
101
103
103
102
103
104
103
104
104
106
105
104
105
105
105
103
104
103
103
87
113
84
113
104
103
104
103
103
105
105
105
103
106
106
105
103
104
105
104
105
101
104
103
61
106
104
103
104
104
106
102
62
106
104
105
104
103
103
102
61
103
104
103
101
103
102
62
105
104
105
103
103
105
105
103
66
146
103
106
104
107
106
105
106
106
108
107
106
108
107
110
108
108
106
108
109
106
107
105
61
108
106
106
107
106
104
105
107
105
108
105
62
109
107
107
106
106
107
107
106
108
105
106
107
109
106
106
107
108
107
106
63
108
108
109
107
105
107
105
107
106
61
108
106
105
105
106
103
61
107
105
103
103
103
101
104
101
103
61
106
104
104
105
104
105
104
106
104
61
106
103
105
104
104
105
61
108
105
103
105
104
102
61
106
103
103
103
105
104
104
62
107
105
103
104
104
101
62
104
102
104
103
62
104
102
103
103
102
62
105
103
102
104
104
60
107
104
105
105
107
105
103
104
61
107
103
104
105
104
62
109
108
106
107
108
108
106
108
110
110
106
107
108
109
108
107
107
108
107
107
106
108
62
107
108
107
108
109
107
107
109
108
61
111
107
107
107
63
154
106
105
105
106
105
62
107
104
104
104
104
105
103
104
63
109
106
105
107
107
108
106
61
110
109
106
107
107
107
71
111
107
108
106
61
110
106
107
106
105
107
107
106
107
107
108
107
108
106
64
110
107
108
107
109
108
108
107
109
108
62
110
110
108
108
107
107
106
108
61
108
106
105
104
102
105
63
102
103
103
63
102
101
97
62
100
99
98
61
96
96
61
98
96
60
98
95
59
98
95
60
99
94
59
98
94
60
96
65
88
98
97
59
99
94
96
95
59
100
95
61
98
96
60
100
96
61
101
97
100
61
103
100
101
62
103
102
101
60
139
102
101
101
59
100
101
101
61
100
101
102
61
102
102
102
62
105
73
104
103
103
61
106
105
104
102
62
107
104
104
103
62
104
104
104
104
60
107
105
105
105
103
63
107
104
104
103
61
105
104
103
60
103
101
103
102
61
105
101
103
103
61
106
99
104
103
62
105
105
104
102
62
107
104
104
106
106
106
61
107
106
106
103
62
106
106
103
105
106
106
61
109
104
95
119
104
63
105
107
107
106
106
106
107
106
107
109
110
61
108
107
74
120
106
104
105
106
62
107
106
106
106
108
105
106
107
106
107
61
107
72
108
108
109
107
109
110
109
111
109
107
109
109
110
106
108
108
108
107
107
108
107
62
111
108
108
108
109
108
109
109
107
110
110
110
109
110
111
109
110
109
110
110
109
65
151
65
149
70
98
105
105
104
102
104
103
106
105
61
106
107
108
108
106
107
107
106
107
66
148
67
101
105
105
105
105
104
106
106
104
62
109
107
107
107
106
108
109
109
108
106
109
107
106
107
107
109
108
105
107
106
107
107
107
106
60
108
106
105
62
145
103
102
62
105
102
102
103
103
103
63
104
106
105
105
104
104
103
62
104
105
102
105
105
105
106
61
105
69
106
108
104
105
104
62
106
104
103
103
103
119
91
106
62
107
107
108
66
148
70
103
108
107
108
110
110
110
110
113
113
114
113
114
115
116
115
116
115
67
161
114
113
114
115
115
112
115
113
114
113
110
110
110
109
108
108
109
106
107
106
106
107
106
104
107
105
107
106
63
108
106
107
107
105
105
104
106
104
103
63
108
105
102
102
102
103
102
62
102
102
102
100
102
62
106
104
105
106
108
108
108
109
108
86
115
110
108
109
108
108
109
107
107
108
107
107
108
83
118
107
107
109
109
108
109
108
111
110
110
109
108
110
111
111
110
112
113
113
114
112
112
67
158
110
110
108
109
107
108
109
107
107
107
108
108
108
108
107
108
110
107
108
107
110
108
107
109
110
110
110
111
111
113
112
111
111
113
64
158
108
112
111
112
111
111
111
112
113
111
113
112
110
109
106
108
108
108
110
109
109
112
112
