16
83
83
82
82
83
67
97
85
67
102
86
67
107
86
68
104
86
84
85
85
83
84
85
63
105
85
87
86
85
86
88
87
87
68
108
87
85
82
64
89
97
82
80
84
83
85
85
86
87
87
88
91
90
67
102
101
80
95
86
68
101
86
85
84
85
69
100
83
83
84
82
81
83
84
65
101
83
88
69
99
87
85
77
84
92
85
81
83
84
82
83
83
84
69
96
85
67
100
85
68
102
86
69
99
94
88
87
86
87
88
70
103
87
86
63
106
84
83
83
82
83
81
82
83
83
83
83
85
83
84
85
84
84
83
83
85
85
85
67
101
86
76
91
85
84
82
84
81
82
82
66
98
82
84
84
84
84
85
86
87
88
70
109
88
69
111
88
89
87
65
105
86
85
83
86
87
69
102
86
68
81
103
67
96
81
83
80
80
81
81
82
81
81
85
85
84
84
85
86
86
88
89
68
110
90
87
87
86
78
88
83
83
82
80
81
82
81
80
82
81
80
81
82
82
66
98
85
67
99
69
84
101
85
86
85
84
85
87
68
100
86
71
95
83
81
83
84
82
83
82
67
99
84
68
98
86
63
104
84
86
74
95
76
77
99
84
85
83
82
69
97
84
72
92
84
67
88
93
84
84
83
85
86
86
68
106
89
88
87
71
103
86
65
106
68
99
84
82
82
81
66
98
83
83
85
84
85
86
70
100
87
85
84
63
88
100
85
68
99
84
84
84
83
83
83
83
67
99
85
84
84
63
104
85
62
104
83
73
93
85
82
83
83
70
96
84
73
93
81
67
101
83
82
82
83
83
84
84
85
86
87
87
87
85
68
102
84
84
76
68
106
83
83
71
95
66
98
85
83
84
84
86
84
70
105
89
89
89
92
90
88
82
92
68
103
86
85
84
63
94
82
96
70
94
82
71
93
82
84
81
86
82
83
84
84
74
98
85
67
100
86
66
100
84
67
99
83
69
97
83
74
93
84
67
103
86
87
85
87
84
85
86
78
88
66
104
86
86
83
68
99
81
86
83
82
82
82
82
82
83
81
72
94
83
83
84
85
86
86
88
88
89
89
87
86
86
86
85
86
86
67
103
88
86
85
87
88
87
66
90
109
89
90
90
88
89
92
90
72
107
72
86
105
88
86
71
99
71
96
85
86
84
84
67
103
84
86
87
87
86
89
86
68
103
71
101
83
83
83
82
83
83
81
82
84
83
68
100
85
68
100
84
68
99
84
68
97
84
68
98
84
69
95
83
84
82
83
69
97
68
91
94
83
73
91
82
82
81
81
82
82
84
82
84
86
85
72
105
88
92
88
89
88
68
104
87
69
100
85
85
82
84
64
105
71
96
86
67
98
84
83
83
83
85
86
68
101
86
69
97
85
82
82
83
67
98
82
82
80
82
81
83
82
80
86
83
62
105
85
83
83
83
81
83
83
81
83
83
73
91
82
84
83
71
94
83
85
82
85
84
82
88
86
90
96
93
70
112
89
90
88
85
87
89
88
86
92
87
87
88
88
71
108
89
91
89
90
69
108
88
89
89
86
67
89
110
87
88
73
83
106
90
90
70
108
90
91
68
109
89
89
88
62
117
89
89
76
100
83
88
84
70
99
85
86
84
84
84
86
86
68
107
89
89
69
109
89
90
73
105
89
91
89
89
90
88
91
88
90
88
87
88
64
112
88
88
86
88
86
67
106
87
84
86
87
68
98
93
86
87
89
68
105
86
91
85
68
105
85
86
67
103
86
86
87
88
88
71
109
90
90
71
108
90
88
90
89
67
111
90
88
90
89
70
108
91
88
89
89
86
67
107
74
100
83
89
86
88
86
87
68
106
87
89
88
75
79
106
86
69
106
87
87
88
88
70
103
90
89
87
89
89
88
89
87
87
87
68
102
86
85
85
85
75
95
87
86
87
90
88
90
91
91
70
109
90
88
88
63
117
89
89
68
81
69
130
87
68
102
87
68
100
86
72
96
85
85
80
92
69
105
87
68
107
77
98
87
70
105
88
69
105
88
89
87
86
68
103
85
84
85
72
101
68
106
87
88
87
87
69
107
89
89
90
91
89
91
91
91
93
92
91
92
89
87
74
101
79
95
87
87
87
89
91
68
107
71
90
109
90
91
91
91
86
95
82
97
80
101
100
95
92
63
96
111
89
71
100
85
83
83
83
82
83
83
82
83
82
82
83
83
73
93
83
84
86
73
94
84
74
92
85
83
83
89
67
100
84
83
84
82
77
81
82
82
81
82
67
96
82
83
83
84
82
83
83
83
83
84
83
84
85
84
85
86
84
84
86
84
84
85
85
73
100
86
84
85
84
67
99
84
69
89
88
83
85
84
85
84
84
85
84
85
84
85
85
72
96
85
85
84
83
85
84
84
81
88
79
90
78
90
82
84
83
83
82
84
67
100
84
74
79
104
67
102
86
68
100
86
84
83
85
67
100
86
70
95
94
83
85
82
59
108
84
85
81
87
69
99
84
65
106
86
87
87
88
68
105
88
88
86
86
68
101
87
86
85
64
93
78
115
89
86
87
88
87
68
106
88
86
87
87
86
85
86
88
87
87
64
112
73
103
89
88
86
63
94
109
89
91
89
89
91
90
92
68
108
97
87
80
105
91
89
90
63
115
90
69
104
88
88
87
87
89
87
74
99
88
68
104
88
87
84
87
89
89
69
110
91
89
91
92
67
108
78
100
75
101
68
108
69
90
105
89
88
89
89
68
107
89
87
86
92
88
91
93
93
93
75
114
92
96
95
93
93
93
91
91
91
91
88
91
90
89
91
94
91
93
95
93
90
68
117
92
90
90
88
72
107
89
69
107
75
100
82
94
86
87
89
89
86
90
92
71
109
73
110
88
90
73
105
73
107
88
87
68
108
83
92
80
93
84
92
76
100
67
112
90
88
91
91
88
93
94
69
122
95
85
101
71
115
90
91
91
68
108
90
90
88
89
91
91
68
114
93
90
92
92
69
114
93
92
79
102
92
91
92
94
69
114
92
89
86
89
65
111
89
71
105
65
113
90
88
68
110
90
87
89
65
115
89
90
74
83
104
64
113
88
89
81
95
68
111
89
90
90
90
89
91
72
111
90
92
73
110
72
109
91
88
91
92
70
111
92
93
90
92
93
91
93
70
122
93
95
96
93
93
95
71
117
95
94
91
93
93
91
93
64
124
93
94
85
77
110
91
87
88
88
83
93
89
91
88
90
92
69
112
92
91
88
90
68
113
88
81
101
90
92
92
89
92
92
90
69
115
94
90
68
114
90
90
90
89
89
71
111
91
93
69
117
93
94
71
111
92
91
69
113
91
90
91
92
89
91
92
91
90
64
120
93
92
95
93
91
94
93
92
94
72
113
93
96
93
71
113
73
113
92
91
90
90
91
92
91
94
91
90
93
68
120
92
94
69
113
92
92
71
109
92
91
76
104
92
89
92
82
80
112
93
92
69
115
74
111
93
68
92
111
92
89
90
65
119
71
112
92
90
92
69
115
92
94
93
92
70
120
92
96
69
123
95
95
93
94
93
91
95
92
92
92
93
93
92
95
65
99
74
136
92
92
91
69
111
92
92
90
92
92
89
69
116
92
66
118
91
92
94
69
113
93
91
71
109
68
109
91
62
117
90
71
86
115
90
91
82
77
111
92
90
94
93
78
107
94
93
72
111
92
91
93
94
91
92
96
94
69
120
94
92
94
94
69
116
95
92
90
94
92
63
119
78
105
91
91
90
89
70
112
82
101
70
113
91
92
90
88
91
92
88
93
93
68
118
96
94
91
94
68
115
93
92
88
92
92
92
87
96
73
110
92
92
74
106
92
90
81
98
71
109
90
70
108
89
69
111
88
93
89
90
92
91
71
109
91
90
90
92
64
116
92
92
93
93
69
115
93
91
92
92
89
94
91
69
113
92
89
89
88
89
79
96
87
90
89
87
90
90
68
109
92
68
108
89
71
108
88
71
107
88
71
107
90
88
89
90
87
88
71
110
89
73
109
91
68
110
91
90
89
91
89
87
89
91
90
89
90
92
89
89
91
90
88
90
90
89
89
89
71
109
89
71
109
92
90
89
90
90
88
90
90
88
63
115
88
88
89
88
87
89
89
88
88
68
111
89
69
109
78
78
108
89
70
107
89
70
108
90
89
91
90
89
90
92
92
89
92
93
91
90
92
92
68
111
92
89
85
87
87
84
84
85
85
85
84
86
87
66
108
88
70
103
65
92
104
87
87
88
89
87
90
89
88
89
91
90
91
62
95
114
91
90
90
89
89
91
70
113
92
93
89
90
91
91
72
109
75
107
73
107
77
82
109
89
71
112
91
95
71
112
94
93
90
93
94
94
70
118
94
92
92
94
92
79
107
72
112
92
92
90
90
92
90
89
92
92
90
93
94
91
93
95
90
93
93
90
92
93
91
78
104
69
120
93
93
80
104
66
103
104
68
113
90
91
90
91
69
116
93
64
119
91
72
106
89
69
109
90
90
91
92
91
94
94
92
75
111
68
120
105
97
69
124
94
92
94
92
69
115
95
93
69
114
86
97
90
92
91
87
90
69
111
89
69
111
89
68
111
90
90
93
92
91
91
66
120
95
91
94
95
93
72
116
96
93
69
119
95
92
69
122
92
93
92
91
91
91
91
69
116
94
64
123
93
71
115
93
94
92
90
93
69
121
95
96
93
71
115
92
65
117
92
90
88
91
68
108
89
91
90
89
69
113
90
91
91
89
88
92
90
90
93
91
76
107
93
92
86
67
125
91
92
90
87
89
68
109
89
88
89
87
70
108
89
89
91
91
68
114
92
95
92
91
68
114
89
89
89
88
68
106
89
87
89
90
91
90
94
72
114
94
96
93
94
96
94
95
95
93
93
64
126
69
118
93
91
91
92
69
114
93
93
85
97
90
94
90
70
116
91
94
94
91
69
120
93
93
95
93
92
95
94
92
69
123
94
95
95
64
120
94
70
112
93
93
91
92
63
122
72
113
94
91
91
93
68
118
93
93
69
116
93
92
91
93
70
112
93
93
69
114
91
91
89
77
86
106
91
94
69
117
94
93
91
94
92
89
93
93
70
113
92
69
112
92
92
88
91
93
91
90
93
91
88
91
91
69
109
92
90
69
109
89
68
106
89
89
85
87
62
110
87
88
65
110
70
105
87
69
104
87
88
88
87
89
90
92
95
92
96
95
92
98
97
94
96
97
94
70
128
94
96
95
92
69
121
92
93
92
92
90
93
69
112
91
69
108
77
82
104
90
89
90
90
69
119
91
95
93
91
94
93
89
94
96
69
120
95
92
94
91
89
91
93
69
115
94
95
75
110
74
112
72
112
71
108
88
69
102
87
86
85
86
87
88
89
88
90
93
92
93
95
69
124
97
95
92
93
90
88
89
90
68
110
90
91
89
89
89
86
88
88
88
72
105
90
91
68
115
73
110
91
89
88
87
89
88
85
89
68
106
82
76
108
88
89
91
91
88
91
94
93
92
97
96
70
127
96
92
68
118
92
89
90
90
87
90
92
90
93
95
94
91
75
109
80
100
89
88
88
90
87
92
95
84
106
73
123
71
120
95
90
92
90
87
88
89
89
87
89
90
88
62
118
89
92
79
103
83
98
75
106
77
103
69
111
86
96
89
94
89
96
85
101
94
71
90
112
89
69
108
73
104
75
100
83
90
87
70
104
89
92
88
91
92
90
92
94
92
93
95
94
69
118
94
89
88
88
87
86
88
87
72
101
89
87
86
87
87
86
86
88
88
87
89
70
107
90
65
95
109
90
88
69
102
86
85
84
83
84
84
83
84
85
85
85
87
89
89
91
90
94
91
94
91
92
93
94
91
92
93
92
91
91
89
89
91
90
87
89
89
86
87
68
105
87
