1831
566
50
568
512
44
46
512
30
552
512
18
536
512
8
534
512
2
524
512
4
14
0
4
8
512
12
16
0
14
524
0
14
532
0
10
530
512
10
18
0
2
12
512
6
14
0
8
8
0
10
16
0
6
534
0
18
20
0
4
6
512
14
14
512
1020
512
64
694
798
850
192
700
780
634
240
1018
524
216
596
716
752
14
20
0
20
26
512
30
32
512
28
542
512
30
540
0
14
532
512
4
758
758
20
20
0
18
24
512
6
14
0
1022
527
527
1014
14
0
2
20
512
26
26
512
36
40
512
50
46
0
56
562
512
54
562
46
46
512
34
36
0
24
24
0
14
16
512
4
8
512
1022
518
0
4
520
512
6
18
512
22
22
0
16
22
0
