1280
768
3
256
1522
1017
503
505
1015
505
503
1017
505
1019
505
507
783
1011
-33553443
-35589711
256
256
1023
-1050648
-1049865
-1049014
1754
957
1632
975
1689
2185
1365
-44871
1495
-266921496
1019
1017
507
1017
505
1015
507
1015
505
501
1017
1015
1015
1013
1017
1015
503
1011
1015
501
1015
1019
768
31
267
768
1023
1011
1007
499
497
1013
1007
499
501
1017
1011
501
1011
1011
768
101
525
71
267
768
37
265
768
511
967
532
271
985
257
528
1013
783
1019
271
1017
783
1021
777
1560
995
769
4015
495
1006
2225
4260
259
530
993
257
1266
2273
-803788862
509
1013
496
979
496
1497
1008
2005
1008
1497
496
981
1008
1495
1008
1495
1008
1499
1008
1497
1008
2011
-267579431
-267578430
1008
1497
496
1007
1728
1008
-1180888
511
768
17
773
768
1021
768
23
263
256
1009
497
493
-1071635036
-1071634027
1007
-1339283038
-1339280363
1008
1023
1516
-4341817
-4341291
775
256
25
777
256
25
773
768
13
263
768
5
769
1023
27
771
256
509
271
2012
532
1023
2228
256
1
271
1013
5434
5705
1017
783
1019
271
1023
256
511
263
256
17
777
256
15
265
256
13
265
256
7
259
256
5
771
256
1023
1023
1017
271
1021
775
768
9
777
768
17
265
256
15
775
768
11
263
256
7
259
768
5
259
256
1019
271
1359
2052
979
1040
981
1040
257
256
511
256
511
1021
1023
271
1021
271
1023
256
1023
271
1021
271
505
2802
7
775
768
11
779
256
5
777
768
3
261
256
1
256
1019
271
1019
271
1017
271
1017
271
1011
256
19
775
256
19
773
256
13
773
256
9
769
768
511
768
5
769
256
511
256
1
1021
261
256
5
775
256
11
785
256
7
789
768
1019
503
1490
528
-524820
-524383
2810
13
261
768
15
773
256
9
257
-1408326660
-1408326389
999
775
1558
998
3683
4706
1023
-919569
-918546
-915778
989
532
407
1009
381
877
1259
189
541
191
539
191
537
203
1045
197
525
209
1047
213
1551
225
785
1041
227
256
249
256
251
785
257
267
267
257
277
791
257
293
785
257
285
277
257
289
269
769
277
785
257
287
777
257
279
779
257
291
273
257
285
263
257
287
779
769
293
773
257
299
785
257
293
791
257
291
785
1025
109
1041
107
525
93
6818
263
718
2049
293
511
-7104040
-7103017
-7101994
-9334548
-9334283
256
1021
783
1009
-100662304
-100661292
-100660273
503
1019
503
507
505
505
1015
507
503
507
507
1023
43
773
256
49
259
256
47
261
256
45
261
256
47
259
256
49
771
256
49
259
256
49
769
768
49
257
256
51
257
256
511
256
53
257
256
1023
23
257
1019
505
501
1017
1013
-1979709579
-1979709068
-1979708587
-1979708076
-1979707805
-167770898
3
769
256
99
267
256
215
799
636
403
404
943
1213
353
271
-15391503
509
1019
203
853
1838
1436
469
603
3206
497
1009
1020
256
13
777
256
1
1015
505
1011
499
1019
1017
1021
750
-804712009
-804708559
-804707558
503
507
-1439772
867
2367
265
1048
995
771
-4330291
1021
271
505
534
999
267
1050
499
998
1017
501
1011
1009
1013
1013
1013
505
256
509
1534
4554
3722
768
15
775
256
9
777
256
1017
1288
501
1502
2013
2516
505
503
1023
1526
505
505
1019
507
3962
503
1015
503
501
1013
-201323699
1023
769
256
13
779
768
7
878
499
491
1514
2533
509
1019
1021
1019
1023
2040
3023
536
985
1042
1019
257
256
5
257
768
1
1023
-1311763
-1307275
-1306286
534
991
758
499
1013
499
501
1007
1009
-804965065
-1577504
949
1215
1559
277
1023
1522
-268104238
-268306958
-268306479
917
777
511
922
969
1833
-1574408
1011
902
768
342
1862
-268182708
-268181689
768
39
779
1013
1973
3399
3655
1
1021
271
1017
271
1011
1011
1013
499
499
1011
501
499
1013
501
511
256
19
259
1017
1017
499
13
259
768
3
3
257
768
5
267
768
1021
256
69
1035
117
525
249
1086
401
927
424
911
768
941
325
783
536
979
1042
1023
1791
17
771
1009
497
1009
-267841562
1011
1009
1015
501
1013
1013
1013
1011
1023
1019
271
1009
-67107876
-67106859
-67106338
135
1547
275
1094
371
933
900
893
1687
-1109461062
-1109460791
995
771
1779
2885
1044
985
1284
1573
584
393
931
920
913
1189
584
507
-1626957
1917
-268103717
-268103220
505
291
11136517
327
375
1066
1764
2069
281
1023
1805
1023
2042
783
1
265
768
1
769
1267
992
1991
777
1466
295
256
941
1008
-263364200
-263362419
65
513
1011
496
1475
2454
5434
6423
3994
5477
7453
496
4463
2920
828
1909
1008
1049
773
1008
1995
496
1511
989
1008
1497
-266525256
1008
1995
1008
1503
-266392624
496
1499
-264420920
-264420431
489
496
987
-266263081
-266262588
-534111288
-534110297
1008
1503
1008
2001
1008
1497
1011
256
103
1027
241
1323
2182
2043
797
511
1534
2501
1537
141
537
899
295
929
1102
321
271
2388
769
271
937
530
497
1011
499
1011
501
499
499
1011
1011
1007
1011
497
497
497
1009
497
1011
493
501
1009
-267317278
-267316258
1011
-267446296
256
1023
5
261
256
1021
1009
1011
1009
-266657824
-266658338
501
511
768
33
773
507
1015
507
87
1037
119
1049
235
1493
1385
2642
1082
-17628245
497
497
-267841570
-396820
-395597
1019
-267974176
1473908185
496
1519
1834
271
271
973
528
-301989117
-301987595
511
782
1019
-524387
1038
771
256
13
773
256
9
769
256
9
257
256
511
256
7
769
5
261
768
5
771
256
3
259
768
1
257
256
1023
257
768
1023
259
768
7
769
256
17
779
256
13
273
768
3
261
505
2822
1013
285
1164
905
931
768
5
1567
771
2067
1916
991
1560
991
546
981
1560
987
536
985
1556
985
1046
985
528
987
1046
991
769
1552
995
263
534
999
84873990
1023
261
768
7
775
768
1
261
768
1
1021
271
1019
271
1023
9
771
256
511
15
773
256
7
769
256
511
9
265
256
3
769
256
3
259
768
1013
1013
1009
499
499
1015
511
768
65
517
501
509
256
5
769
1
771
256
11
775
768
15
261
256
15
261
768
15
257
256
11
771
768
19
769
256
47
1033
91
269
256
125
1049
253
951
921
442
1672
1134
1019
501
509
256
7
773
1023
4011
503
505
1015
507
1023
256
1279
97
1035
187
279
606
893
257
307
1770
1589
-2157111
2031
2972
2979
1023
768
13
261
497
-268762233
2547
-8284280
-8283305
2375
2040
511
256
11
779
256
768
11
781
256
7
263
1019
1015
19
769
256
19
263
256
507
-268236325
-268235316
-64033
-63540
-268172308
-268171809
501
1013
501
1011
1015
499
769
2217
768
999
1008
1515
1023
496
977
256
1019
997
-267298465
509
1532
2531
1379
256
21
793
1075
797
1247
1747
15
797
768
33
777
496
1509
864
991
261
-259553079
-518843247
-518842760
496
1483
1972
-259551779
-259550778
1008
2013
496
1497
1008
3019
4516
5003
921
497
395
1026
1770
496
1529
977
532
971
1054
965
1048
-3422742
-3420724
-3420233
-268105762
503
1009
509
1015
1015
1009
1009
501
1011
497
1011
1781
57
265
256
505
1005
1008
2009
496
1501
1008
1497
496
1501
1008
2005
1008
1499
496
987
496
987
1008
1495
496
987
496
1493
496
1007
1989
496
1497
1008
2013
-1071237721
496
985
1008
2848
1923
1007
-800234886
3938
983
530
979
532
983
1040
987
2265
-2105107
1019
1791
987
29
299
1499
1005
-1336325755
-1336325268
-532793404
-532792917
1679195603
1990
-1707592
497
499
2428
1380
496
473
496
505
-167771672
1019
1015
1009
501
1015
1023
256
59
1029
59
265
256
509
1007
499
1009
1008
2017
1011
495
-267445788
497
495
-7366683
-7365692
-264422665
53
261
768
499
496
985
-265606693
-265606206
1008
2011
496
991
1008
2007
1008
1503
256
1009
2011
1495
2500
-264551975
-264551480
496
3754
1041
257
256
511
1013
256
17
771
1001
25
261
999
501
501
501
1009
1015
2029
1292
983
1046
979
536
256
5
267
1007
-268106789
-268106300
496
985
-267315742
1009
-534498354
-534497861
-266505270
777
1048
1007
-335543336
-335542825
-335542568
157
433
1733
873
1684
797
2857
1008
489
1512
2509
775
2804
1008
2064585478
783
13
791
256
31
795
495
1005
-659208
1005
511
-63645
-61613
1023
2046
3503
851
271
2858
269
1252
-2235131
-2234365
2945
1008
-738258184
-1571945
3696
981
781
1804
2791
1574
987
-2368263
-2367268
769
1040
997
118489346
503
505
256
9
257
768
493
722180
269
256
511
1522
1284
3633
2695
1023
777
495
256
509
256
503
256
13
289
-267910954
11
487
7
265
256
1
261
-268368453
-268367670
2014
781
1052
2279
1009
773
2579
1498
1300
1571
1992
1046
783
1023
2024
779
2801
1751
787
2772
496
1056
979
1042
979
3553
997
2002
1008
5532
5555
265
783
453972627
485
2285
995
2471
93
2288
-264154381
53
277
2791
119
1346
1791
987
726039
1021
501
-530142537
3
257
256
3
17826270
2046
267
15
271
1008
2019
1009
-516998200
-516996191
-516995208
1338
2585
111
1280
1510
3971
1023
1294
29
773
256
1023
15
771
999
768
11
769
1997
1511
497
1013
256
7
305
256
959
1027
265
995
-266923522
257
768
1
795
3
646
496
2427
2957
375
1398
1023
2535
1008
3910
1790
1023
2032
1009
271
1935
2206
993
-2102541
-2102045
-2102036
257
989
768
1747
1074
1003
775
1565
768
1008
1015
277
783
777
1515
783
1009
299
496
833
987
768
7
261
256
997
594167
595156
855561
473
1011
1023
1534
2030
-671149851
-671149580
993
259
730
1001
1023
2044
783
1009
3984
1517
493
256
1021
509
2535
259
1771
773
-504036187
-1316094
1009
997
1780
1522
271
1
319
3022
781
2853
121
1079
285
1403
772
2605
783
767
5
265
7
809
1008
1989
1008
1791
1
1026
477
3
265
256
15
789
256
3
305
5
618
935
1540
481
256
1
293
1285
2791
1052
995
783
-2629902
-2629119
1003
2008
773
1044
1011
511
1528
271
1011
783
299
810
1803
789
1572
783
1506
773
1044
1003
1488
286201630
285016096
1003
317
588
-234880082
-234879571
-234878549
-234878040
256
5
267
256
987
1008
2027
799
256
-130576
-130305
2237
267649048
1013
1019
773
2024
817
1003
1514
2521
271
1504
265
536
2020
4052
512
1017
339
1008
1120
2127
-1107295786
-1107295515
271
317
828
2362
3886
5834
3423
271
1015
1008
271
271
485
271
823
1606
995
359
630
1017
-1446144
1278
983
1296
1792
271
1013
271
5
817
985
256
1235
95
1348
1901
806
2071
1290
2073
1
783
7
803
256
999
1008
2029
789
256
509
2025
271
1
271
1507
768
1021
329
256
1520
783
1023
2034
2823
783
1238
979
1780
2357
1780362461
1971
1021
271
1021
271
1021
1534
1541
1015
1008
2011
271
271
271
1011
1144
511
2548
3281
783
1015
768
465
1791
1023
2026
990906101
1023
1510
773
1044
-394506
1023
281
1517
783
1021
783
1005
-2235195
511
1294
995
1778
997
271
271
1015
769
3
851
256
1780
-888204559
1021
768
9
795
256
5
837
277
773
496
507
768
509
256
509
1791
955
511
343
768
971
993
256
13
783
2003
9
785
256
9
755
215
773
769
353
773
1479
256
271
1792
985
2879
503
511
768
989
269
1286
1557
1009
-267429208
1930
969
256
1021
1152
491
1008
2005
1008
2015
496
983
1008
2007
496
1493
496
997
-267708484
1497
1008
1483
991
-266789413
-266788914
19
257
1009
1008
2011
1008
1495
1993
1008
1495
477
496
1499
496
1493
1008
2007
1017
501
-56482
389
-2248145012
-2248142744
1008
1485
496
971
981
496
1481
496
1489
1491
1008
1489
981
496
989
497
1008
1481
1007
1022
263
256
509
271
995
787
1058
995
783
1013
783
1007
588189960
588190231
999
261
1044
983
1549
267
266725659
999
793
1576
993
787
1570
995
1058
987
1691
1045
89
271
256
225
1385
1262
2030900197
2028534204
2028535221
1017
2040
2808
511
256
469
768
41
297
768
47
785
1011
1071
1610
775
1008
1067
303
768
19
785
1021
803
768
21
768
3423
259
1245
319
456
456
879
645
1447
2454
3616
1265
1013
768
63
265
256
59
523
47
265
1057
805
256
503
768
1013
307
823
2766
1037
85
1273
3061
1241
1279
51
263
501
1021
1269
773
496
981
15
265
991
1054
991
265
536
7
769
-2364440
783
1015
5
263
256
9
259
768
23
775
256
19
257
768
509
256
3
1019
505
507
9
769
768
1019
256
271
497
496
1495
1008
2027
1
509
256
1554
983
1044
997
769
1040
1013
271
1013
1005
256
5
265
491
5
769
1013
1013
1001
1008
2007
496
1499
-267182610
256
507
491
496
1515
1015
1013
1013
-100662304
2449
397
1264
1771
507
1017
499
-201325611
-201324634
1558
973
1046
971
536
969
1554
977
1562
983
542
985
1068
973
538
965
1554
961
528
959
1040
963
1040
963
513
171
293
1110
403
1008
2734
911
1188
279
511
1103
1270
255
-303037968
-303037712
708
1040
183
10985746
143
1274
256
1250
1102
2264
2345
1559
91
1041
1279
1783
2015
2780
1481
3985
5977
1023
105
906
1041
133
1549
117
773
768
113
1027
131
517
1019
768
632
269
768
4007
5004
1491
987
1008
1987
1008
1493
1008
1991
496
1483
1447
865
-1712171
-5789243
-5788244
511
-20260428
-20258914
-20257909
256594608
1011
783
1017
3
769
256
13
257
256
21
257
256
23
769
768
21
259
768
1023
256
11
771
511
17
257
1019
2000
1040
985
1632
2811
1013
783
965
266988837
496
979
1485
2007
1497
2456
7916
5221
6244
27
777
1979
1489
1008
1495
496
985
1008
1483
1008
1493
496
1493
496
993
1008
1477
1491
496
983
1008
2003
496
985
1008
1497
1008
1499
496
521
267
459
1491
496
1501
-533184557
493
1487
1008
2001
479
1487
1008
1497
496
987
-266262055
-266261564
485
1008
1493
1008
4006
263
534
995
259
1282
768
27
769
957
1044
969
1044
973
530
989
263
1046
1001
203301593
203301864
997
771
1042
993
1025
511
511
1514
-536343601
-1340458179
2896
1009
-536410153
-201326114
-201325091
-1006102139
-1006101644
-267973665
-267972654
1007
1011
495
1011
1007
1009
-268041746
-268429726
783
1019
1021
1019
1009
-804383815
1017
1015
1015
503
-657432
509
768
13
261
256
7
257
989
1042
1023
2236
1324
1013
503
1023
127
517
261
1997
1889
2110
572
2754
1279
1003
-268434446
-268433429
1021
507
3
257
-1445431
-1444414
-1442895
1019
1019
509
271
993
1786
2043
2314
1005
783
1013
783
1015
271
1265
77
519
111
1555
245
1600
311
1232
1579
1602
1534
767
2393
9707
5346
496
987
-267317786
503
1013
503
3325
997
259
1042
-1184274
-1183265
1007
495
497
1013
1015
499
505
1013
501
1013
1017
1017
505
505
507
1011
-1052716
-168885357
329
-2496034
507
507
1023
768
41
257
768
505
13
263
1008
2009
-267843618
497
1009
501
1009
1015
497
1007
-267710998
1008
1495
1008
2310
3302
-266921519
-266920522
-267183690
1008
1993
1491
496
1503
1007
-266394186
1008
1497
1008
2013
-266657563
1027
257
1493
503
503
496
2499
1851
2350
497
3515
528
951
1040
-266525743
-266524740
496
1495
496
1495
3823
4314
-264550941
495
1008
2009
496
987
-265737261
-265736262
1008
1501
496
989
-798792270
496
991
-266920483
-266919478
496
1497
-266993178
-266989953
-266988435
-268696483
-268695462
1013
507
1015
511
501
499
501
501
505
497
2533
4842
997
259
530
997
779
1562
993
257
528
993
1044
991
1044
989
1042
991
1552
993
263
534
993
769
1040
1001
775
1558
3211
4727
493
499
-268499503
1017
1003
259
530
1009
271
993
528
989
1552
987
1554
1017
1001
1008
-267555215
-269132187
-269131682
503
-268303380
-268302877
505
1013
993
259
530
1023
5263
5534
1013
783
271
17
257
97
517
91
1035
77
515
81
1283
2536
83
836
4870
-784137
261
768
23
267
256
25
769
768
27
777
1019
256
1017
256
511
256
1011
507
1015
880
1023
505
509
496
1511
1007
271
769
1280
1769
3003
496
3710
1560
528
1003
-3551833
530
967
1050
1003
1008
1515
496
979
496
983
1008
2013
499
1008
2023
-265999905
-265998902
1007
507
-533048963
1859
1522
1023
997
261
532
991
261
532
993
-1975058
271
271
1013
783
1011
-67107862
-67107661
-67105884
503
501
503
1017
-134216742
17826056
1021
511
2340
1048
975
2259
496
299
496
1007
1023
1013
256
507
13
769
256
497
1009
511
-3680043
2327
981
1054
496
-268368416
491
511
782
981
1236
1044
979
1554
981
530
985
1046
991
259
1042
1005
51319042
768
1023
995
281
1064
991
267
538
991
1042
985
1044
987
1556
-131598
-130042
969
540
509
1512
271
1009
271
1011
219091688
219092707
507
1019
1021
256
501
7
777
256
997
1015
13
261
991
1552
991
263
1046
999
267
538
1001
271
1017
13
773
768
13
769
768
3
773
768
1
783
1021
783
1019
1009
271
256
783
969
776
1747
3891
507
1021
256
493
496
977
496
1499
-266393639
-266392636
-531737154
-531736651
1475
1008
1995
-264815101
773
993
1999
1489
1008
1493
496
979
1008
1491
-265342051
1008
1495
496
1495
505
1489
496
993
496
2545
271
995
793
1064
511
1023
1534
1843
742
2133
-1311980
271
957
1218
1042
271
961
540
1023
1534
1003
-134216750
-134215982
1021
256
11
267
496
1501
977
1046
973
1050
971
1046
975
1040
977
1044
981
1050
987
267
538
999
118427906
1015
271
1
291
768
13
769
256
7
781
768
1
783
1017
783
1007
271
256
11
271
256
19
769
256
17
779
256
15
769
256
13
773
256
13
257
256
11
771
1267
99
2562
-263104282
1084
842
-262839814
111
1029
159
1555
231
301
257
349
877
540
1252
897
2659
-2104090
1013
1009
989
769
1552
1019
1023
1998
1562
993
773
1044
995
259
530
991
536
985
1050
973
550
783
975
1060
501
256
39
275
989
-266130982
-266789916
499
1011
499
15
797
496
1485
1008
1491
2003
1008
2015
-267578917
-267577910
499
496
977
989
979
-535818515
-266526250
1015
1009
509
1290
941
777
271
937
1782
1008
1519
-267183658
496
989
1008
1493
496
2822
1347
-439068
-438060
859
-267448372
-267580444
1011
773
256
1019
511
271
979
-656139
-655868
1005
84873470
271
1017
1019
1023
256
509
271
981
540
989
269
1052
997
777
1560
1005
783
1013
768
3
265
768
1
269
256
1023
271
1019
783
1013
271
1017
271
1015
783
1019
779
256
3
789
256
3
271
5
263
256
7
777
256
5
261
256
1017
768
511
496
823
511
511
1374
572
1742
2603
1064
993
259
1042
999
219091710
1021
785
256
7
273
256
9
273
256
19
785
768
21
285
256
1023
256
5
269
768
769
256
1023
985
532
271
1013
783
1015
783
3
773
768
5
261
256
21
773
768
33
263
256
47
265
768
55
519
57
263
256
51
257
768
49
259
256
497
503
1017
1019
3315
65
1784
505
1011
503
1015
1015
1015
21
261
489
1015
1015
31
259
768
29
773
256
1023
1009
1019
495
-267710996
496
993
1011
1017
503
505
501
503
1013
1013
995
2018
2515
-1707610
-1707339
1005
271
1947
2746
2019
495
491
-267051277
1017
1493
1008
2019
501
493
1013
1011
1011
499
-266784799
-266783791
2354
-268303378
-2498107
2373
4179
971
1048
969
1048
969
1050
967
1046
973
1052
979
1050
989
775
1558
997
151982848
1021
265
768
5
269
256
3
777
256
1023
1019
993
1792
2799
17764591
1011
271
1011
783
257
981
1044
981
528
981
532
979
1040
985
1042
991
769
1040
511
256
5
257
987
528
991
259
530
995
769
-2234675
-2233892
979
1040
979
1042
979
1552
981
1040
985
1040
981
1554
983
1554
981
1042
985
1556
979
1554
991
259
530
1345
-268366878
501
1013
497
505
497
499
493
439
-1708072
-1707071
1008
2011
496
-130086
-128120
-127849
979
528
973
2074
1347
899
572
1782
2585
-603978058
-268236325
-268235328
1008
2013
496
1497
-1339212907
-1339212418
1008
2013
496
2944
1848
496
1294
1005
151982830
151983613
1003
259
1042
999
773
1556
999
259
1042
999
771
1042
999
771
1042
1003
51319548
1017
511
256
19
259
256
21
257
768
19
257
256
17
769
783
985
1052
985
1040
983
528
981
1552
977
-402651919
-402651430
1008
1511
507
511
3829
1833
-267316259
-267315258
-535158328
-535157327
496
2483
333
-264155867
-1057024825
-1057022835
-1321571800
-1321570307
-1321568814
-1321567325
-1321565830
-1321563825
-1321562848
-1585983264
-1585981767
-1585980272
-1585978263
-1585976768
-1585975271
-1585973776
-1585972277
-1585970345
2169
1005
1330
1042
485
271
909
5503
1914
2501
3501
497
-266132002
-266526243
-266525750
-534369340
-534368339
1008
2011
1008
1495
496
985
1008
2005
1008
1499
1008
2007
496
985
496
983
1008
1556
963
1050
965
1048
965
536
965
1050
965
534
969
1050
971
534
979
1050
983
536
993
265
536
1005
271
1015
783
1019
271
1019
271
1017
271
1013
783
1011
271
1009
88822462
1021
1711
71
1128
939
2297
507
507
1776
1021
913
576
1711
63
1419
983
1040
983
1044
983
1040
981
1044
979
528
983
1040
1023
2500
1325
5
265
768
5
1235
831
497
-535687219
-535947827
-4288648497
-262705
-262434
1003
1008
2013
1008
2011
1008
1519
1990
2711
-3947631
-3946652
1044
975
1044
977
1046
979
1044
983
1046
989
769
1552
1001
84873986
1023
261
256
1023
769
768
1
271
3
771
256
19
773
768
57
1037
81
777
256
181
299
769
361
933
1066
708
1126
-134216718
-134215715
1008
2011
1008
2009
496
1499
496
1517
1008
1007
1009
1013
509
1013
1007
1008
1499
-536542780
-536542291
-268368419
-268367926
1007
-1878058133
-1878053913
271
1011
-167771170
-167770640
985
1792
-523565
1013
1011
1013
1009
499
1009
501
1009
1013
1011
1013
499
1013
1009
501
499
499
499
-4735038
-4734034
511
1020
503
1011
271
1
257
1019
783
1019
271
1021
775
256
9
265
768
23
273
768
33
257
256
45
773
256
47
773
768
43
769
768
1023
256
35
259
509
1023
997
267
1050
1007
777
1048
999
773
1556
999
265
1048
989
1040
991
1040
987
532
985
1044
991
1554
995
261
532
969
1282
2301
3345
967
1552
965
1040
961
1040
1532
13
257
503
1023
1498
5038
271
961
1048
969
1040
981
1046
987
1040
999
773
1044
1005
271
1007
257
528
705
1823
2367
-536409139
496
991
-267974695
-267973672
-267972659
779
929
1241516293
1241517288
1560
993
528
989
1040
955
1048
967
1775
-656899
783
43
263
256
43
257
256
49
259
256
43
769
1023
503
495
1013
499
3376
2297
256
11
275
256
13
773
768
13
257
256
1021
256
9
771
-1051394
1017
-33553438
-33552394
977
1770
496
-786286196
-786285703
496
-257443400
-257441389
-257436815
987
1042
989
1042
989
257
528
989
1558
989
538
987
1560
991
1560
989
265
1048
997
777
1560
1003
118428418
1019
773
768
7
265
768
9
265
768
7
777
768
1017
1019
783
1013
271
1011
271
1013
271
271
1001
51380478
987
1050
985
1048
987
538
983
1046
983
536
983
1560
983
1048
987
534
991
265
536
999
773
1556
1011
271
1019
261
256
5
265
256
5
777
256
3
261
256
1023
1015
271
1015
271
1015
271
1013
271
1017
505
507
507
1017
509
256
57
1029
85
1029
169
281
628
1174
335
1774
1130
1254
479
84878189
1011
775
1031
9
783
768
1
939
-4999954
503
499
1013
501
499
1013
1013
501
499
503
1021
768
511
1019
503
501
973
1556
981
530
981
532
979
528
993
771
1042
848
491
-268236327
-268234362
989
1042
837
1534
1805
1005
271
1015
271
1023
261
256
5
773
768
11
263
256
5
259
455
1294
981
1560
977
1048
975
1560
977
1560
977
1048
981
1048
983
1044
995
777
1048
1003
783
1013
271
1017
261
256
5
779
256
9
269
768
3
271
1017
783
1015
783
1009
783
1023
3069
271
1011
271
1021
259
768
1
265
256
1021
271
1021
271
1019
257
256
19
781
256
47
1033
73
529
175
293
614
991
1185
65
-268101979
271
1007
775
1046
1001
769
1040
1003
773
1044
1007
769
1040
767
993
265
536
991
1346
642
297
1211
49
1589
2079
1011
2745
4787
546
963
1042
961
532
961
1042
963
1044
957
1552
963
1556
963
1040
967
1044
973
1552
985
532
981
538
983
1558
985
1044
981
1040
981
1042
983
534
985
1044
987
1042
995
261
532
1005
271
1011
271
1023
771
1007
1008
2013
493
1008
1503
495
-266786076
137
541
217
2028
501
503
507
1015
1017
501
1019
503
1017
501
503
1015
503
1015
1015
1013
1013
497
1013
1011
503
1013
1015
1007
1017
1015
505
1013
501
1011
503
499
1011
501
507
256
23
257
1005
51380710
51381709
257
3946
1017
989
1040
985
1284
997
1009
1009
493
499
497
1007
497
499
-534896171
497
-267315744
497
491
497
-267447328
509
31
771
505
501
1040
985
1040
981
1040
981
1042
1023
256
1023
256
227
943
419
400
933
256
937
315
271
-1052186
-1051173
1013
1015
-268236820
1007
499
1013
503
1011
499
505
1019
507
256
23
769
256
505
499
1009
497
501
503
1011
1013
503
1015
499
-67107860
1782
271
1017
271
1009
-134216738
-134214885
1011
1013
497
1011
1017
1013
501
1015
1009
1011
-267645651
1853
496
1493
1008
1519
2525
2536
773
768
15
781
501
1737
256
19
783
256
17
265
256
1023
1023
2031
3502
349
496
536
1023
1520
4228
548
801
4907
1011
501
499
499
499
1013
501
1015
499
1015
499
503
1011
501
1011
501
1009
497
495
-267295008
497
-707361
1279
981
534
983
536
983
1048
985
1562
987
1046
997
265
1048
1005
271
1017
263
256
3
261
768
13
777
256
9
259
768
3
259
256
1009
497
271
-920596
-919588
-919095
-268303382
-268302889
-536212021
-268105248
-1070755360
1294
783
1007
783
1017
256
11
773
256
13
259
256
11
261
256
1023
1210
991
1572
985
1046
983
1044
979
1044
979
1044
979
1042
981
1044
979
1042
987
1044
995
773
1556
1001
271
1011
783
1021
271
1017
271
1011
1019
507
503
1019
995
777
1560
991
1044
993
534
991
1044
989
1556
987
1042
989
1046
993
769
1552
999
773
1044
1005
783
1017
256
13
773
768
13
257
768
11
771
256
1021
983
1042
977
1040
981
1554
981
528
985
1042
987
1040
997
257
528
309
1509
2292
1019
499
491
1011
7
787
768
29
769
1483
481
1008
1491
489
999
1011
-265474594
1008
1499
481
496
871430497
985
-267051038
496
993
496
989
1008
2009
999
496
2402
1316
1509
-528456
1486
2535
3318
943
1560
1508
-4209742
271
5
269
1008
1513
471
2437645
461
1008
1511
1017
5
273
768
483
256
33
303
503
256
7
783
1019
303
5
1979
1590
1024
271
1015
271
995
259
1282
1553
-70264330
271
1019
281
496
1519
2536
1015
293
-268303906
-268303905
287
256
271
1526
271
31
289
271
1009
783
1009
271
983
530
979
540
2238
2284
-4867862
-4867591
256
15
775
768
503
1005
783
478
1261
1005
-234880043
13
783
256
501
463
911
2242
4282
256
21
785
496
1243
93
309
1011
584
371
395
422
415
768
987
339
271
-261658
-260657
271
975
1790
767
3
-789760
1011
775
989
534
985
1560
993
2307
2578
1011
-788224
1015
271
1023
1830
256
483
271
5
277
256
21
1053
1252
3632
511
1476
1004
2017
271
475
493
13
257
768
13
271
1019
789
256
499
1500
779
1562
3283
271
1011
1003
299
2090
477
1008
1013
773
768
1007
256
3
259
768
271
271
1023
1294
768
503
768
1007
1007
118490600
118491593
1
783
487
3
261
768
11
261
1003
256
1007
13
775
1017
1008
2019
769
256
1017
1011
256
9
265
2015
768
1023
768
63
1557
97
769
256
219
1453
913
530
1179
17
598
933
2581
271
971
532
3887
496
1882
271
475
5
773
256
1013
787
1025
1808
-267446473
497
5
257
1255
1463
2729
323
2302
271
-919812
1023
511
782
1015
295
768
475
256
1007
256
1001
1008
2021
985091
9
773
1008
1517
768
1023
963
1068
271
985
2031
777
256
465
969
496
1501
496
1491
1008
1519
495
496
1007
496
975
496
973
997
752
127
1045
287
985
256
121
271
951
1789
1280
2276
496
1556
1791
981
1752
1044
1023
1294
1011
783
7
277
1513
1341
1842
987
2493
528
1001
-603979342
-603978831
-603977834
769
1754
584
1023
1526
1012
1797
2820
3295
11
261
915
496
6051
923
1989
1791
493
15
783
256
27
269
256
9
267
256
505
2023
1023
768
761
503
256
185
313
614
375
257
259
1658
837
271
921
1551
-4472592
-4471669
396
871
1689
813
1534
1021
1855
1279
1001
773
1556
783
1015
1556
991
530
985
285
1386
-2105111
1496
2005
1469
8264
1961
5455
501
-267054602
1008
2031
2814
991
1044
985
279
550
1294
3063
993
487
1519
2805
1015
1023
2034
271
965
1076
2016
496
631
267
1787
153
293
256
151
257
1279
79
261
256
43
301
-534768181
768
991
2713
505
768
7
265
977
1234
1058
997
789
1060
481
-535421997
275
256
993
1986
823
1796
1044
975
544
973
1066
1003
803
1074
2028
-369097521
783
993
801
2335
433
1456
2451
259
1042
993
773
1044
995
775
1558
1001
783
1566
1009
84873488
256
485
1517
1727
343
2029
256
989
521
797
495
1019
1013
1009
503
2522
257
528
1005
-266106588
1841
497
256
584
1037
2019
496
2000
1042
259
-264945180
1015
509
-264685606
499
-265604637
-265604152
1417
-536014603
-536012116
507
768
7
769
256
1023
7
771
1015
271
1286
1789
33
257
-265207054
1524
3519
777
1770
305
1007
1278
783
507
768
1021
256
505
768
23
257
768
505
256
23
273
987
1048
987
540
989
542
973
1046
493
1475
768
493
496
1001
489
768
3881
2361
5073
1008
2825
3798
1050
1017
1008
2016
2799
1021
496
1515
775
1005
768
219092169
259
1042
991
530
979
542
-369159205
496
2232
-1314998605
1680
263
271
889
1044
883
782
1278
489
986
1011
499
503
1019
1013
43
277
256
475
1005
483
-265869336
501
501
1013
493
499
1008
1499
-264812618
-264811125
-264809630
-264807627
-264806648
-264802689
-264800682
-264799699
-264798206
-264796711
-264795732
-264793713
-264792236
-264788825
1322
1905
496
539
259
493
-266919975
-266919482
1008
2009
1008
3346
1008
2392
981
1046
983
1042
769
1023
-920081
505
509
1017
1019
935
-1968783
-1968284
1017
11
769
507
507
509
1017
1019
259
582
1264
983
1044
987
1046
993
777
1048
997
771
1042
1003
271
999
261
1044
1007
783
1011
271
1
777
256
511
768
17
769
256
21
257
256
511
9
769
985
1044
495
1011
503
497
1011
499
1011
-536263825
-536262301
1023
1806
1021
-402652709
995
773
1044
993
257
528
999
773
1044
1007
271
967
1016
1042
989
1040
991
261
1044
987
530
987
1048
983
1554
987
1046
993
273
1056
997
769
1552
1044
985
1050
491
1013
1017
1011
1013
1011
1820
2327
783
975
1048
511
782
1001
261
532
19
261
256
53
1545
101
521
263
1523
678
185
643
953
1840
1013
1013
495
1017
499
503
499
1021
256
1023
1007
-535027777
-534634038
-534633547
1003
496
991
1009
491
501
-267052585
-267051580
1005
1008
1505
-265185472
2355
2616
2887
509
493
507
1013
497
503
507
765
89
1029
167
793
606
1503
937
1808
873
2141
261
532
997
769
1764
769
1040
501
256
113
1037
267
1435
1738
2047
664
782
1034
373
265
1110
1007
17765102
17765373
1003
771
1042
1003
775
1558
1003
771
1042
1011
84873470
1007
84873966
84874237
339
2542
3565
501
499
501
499
1011
505
1013
495
1011
495
1011
505
1003
-267578378
499
1011
497
499
503
1019
1013
499
1023
1011
1988
1040
1532
769
1011
773
1556
1003
51381226
51381733
503
1019
1023
509
501
2235
2225
2037
-267973136
499
1007
1007
499
499
1013
271
1011
1011
257
1787
2058
967
530
973
1044
971
1042
997
261
532
995
771
1554
995
261
532
1003
773
1044
1005
271
1013
271
1019
261
256
7
257
768
21
771
768
1021
768
29
257
21
257
1013
496
1507
-267184666
1009
-535554099
497
-1340393917
2344
507
771
977
1044
991
259
530
995
51319042
511
2628
768
15
777
256
511
768
7
497
497
-534370357
-267691570
1015
1017
23
771
768
509
1009
1005
-803791942
1008
1501
-267842078
-267973152
501
-268104740
-267844643
-267844146
-131600
-130558
991
773
1044
995
118428416
1013
1019
777
256
5
771
256
11
261
256
5
775
768
7
259
768
505
501
-1892595
496
41
781
256
73
267
256
221
1600
359
927
1290
929
2623
1602
501
505
1008
1713
331
2458
995
263
534
783
1054
991
269
1052
993
1048
987
1052
989
1056
987
775
1046
997
273
1056
997
269
1052
1009
271
1017
15
281
256
19
269
256
13
783
256
5
773
768
3
783
1021
783
1017
271
1013
783
1009
271
1007
1974232
256
61
1025
91
1029
215
1592
407
1706
291
1173
35
1628
1006
752
7
1021
61
525
125
844
387
572
1778
2053
2293
-257162
514
769
981
1044
989
532
989
1046
995
769
1040
995
773
1556
1001
258
1011
783
1021
256
11
773
256
21
257
256
25
773
768
1019
1005
491
-64254
967
532
967
530
971
1042
981
534
995
263
534
1007
84873980
256
1
257
768
1
783
1021
1011
1524
769
256
1021
1019
491
-804577907
-804577408
1008
1505
495
-267449376
493
-267842082
1005
1173897125
1519
2532
1132
-3026488
-3024134
-805236492
-805235999
1008
1499
-267973159
-267972668
1007
-536212026
-536211533
-536212032
-536211521
1141513343
1141514338
261
532
1023
-654889
979
1042
977
1042
975
532
977
536
-525561
953
1043
977
1040
997
265
536
997
779
1562
995
261
532
993
1562
989
265
536
995
1564
997
261
532
1003
17765122
1023
263
256
7
777
768
15
261
768
17
263
256
17
265
256
507
256
7
771
768
507
17
263
768
17
265
768
11
263
256
511
256
1019
256
21
257
768
41
525
81
1555
131
1555
297
1626
427
1927
1183
975
826
11
771
256
511
256
29
773
256
35
263
256
33
777
256
25
775
1042
425
1023
271
507
505
1349
2881
256
9
775
768
1
777
256
1023
261
256
1019
271
1021
257
256
7
773
768
15
777
768
7
261
256
9
779
256
3
768
19
257
256
13
263
11
261
768
21
769
256
31
773
256
35
773
256
29
261
534
967
1040
967
1042
967
1044
1023
1009
501
1011
1013
1011
1013
1011
499
1013
1015
503
-267447324
1009
1015
1013
499
-267447322
503
503
33
769
-167833338
271
999
1552
987
775
1621
189
1201
957
600
1017
1019
783
11
263
768
13
269
768
7
271
1017
783
1015
1011
1021
1013
1013
1015
-267446798
501
1019
-267052046
1015
509
256
1023
768
511
499
1008
2015
497
1007
-267053094
1008
2021
-267315234
499
499
493
1011
499
-502974034
-507445378
-507445121
993
773
1044
7
261
1011
13
259
1007
265
536
1001
263
534
1003
771
1554
999
265
536
993
259
1042
1023
-126742
-126231
999
777
1560
1015
271
1
781
256
13
779
768
13
267
768
11
265
768
1023
263
768
1
271
509
768
1023
271
985
1042
991
1552
1336
771
1496
265
1048
993
1046
991
532
989
1048
989
1042
993
1554
991
257
1040
271
981
536
979
1048
981
1040
979
536
977
1556
977
1042
981
536
983
536
321
1841
503
-268304408
493
-265706527
1346
1465
2910
4395
5394
-535884020
2015
271
1009
-33553448
-33552425
-33551926
-33551423
493
-268303890
-268303117
-268302334
267
538
995
1558
1009
511
1797
981
1046
511
1019
509
271
1009
271
1009
625693362
1017
271
1023
775
768
5
769
768
17
777
256
21
773
256
17
265
256
1023
768
3
769
991
775
1046
997
773
1556
1001
769
1040
995
773
1044
997
1044
1005
773
1044
1007
271
1019
259
256
21
775
256
25
775
256
19
771
256
19
769
509
768
17
773
256
29
261
256
27
257
768
1023
1021
261
256
509
256
511
521081082
1009
783
1021
49
813
256
53
1067
51
807
768
23
793
256
1021
1526
2568
1003
775
1558
1003
777
1048
1009
271
1013
-789037
-788766
685
2016
2031
2040
777
768
1013
1015
509
768
9
773
256
3
1003
773
1044
1003
271
1017
15
257
256
17
779
768
17
259
1001
769
1040
1007
271
1013
511
-268303378
-268302891
-268368423
-268367932
496
2506
257
528
995
783
1566
997
1048
995
269
540
987
1052
985
1562
987
267
538
991
263
534
991
773
1044
1001
151982334
1019
13
777
768
21
265
256
27
777
256
15
771
768
15
263
256
13
257
256
13
773
507
11
259
256
1021
256
21
259
256
1019
1019
1017
503
783
1294
511
1009
496
767
-788524
536
-267556955
1015
271
1013
257
1040
768
11
779
256
7
265
1013
271
1021
1008
1570
445
1504
285
556
511
1020
271
1008
1863
271
1013
1023
1294
981
542
981
1050
1011
1021
768
1021
783
1013
1007
271
1023
35
773
271
987
1044
983
1040
987
1044
989
261
532
1003
775
1827
993
538
983
1046
983
1562
985
1042
989
1048
993
267
538
1003
271
3
269
256
11
273
256
11
787
256
15
259
256
15
257
509
256
1021
771
256
9
261
768
9
769
256
5
257
256
1005
783
1003
783
1007
783
1023
777
768
11
263
768
23
261
768
15
261
768
13
261
768
7
769
1021
777
256
5
265
768
17
265
256
19
265
256
19
777
256
7
257
1044
928
-132098
257
768
11
771
3
769
256
11
771
857
1129
1517
511
768
19
259
256
509
1009
271
997
271
999
151982332
1011
271
1023
11
261
256
21
261
256
1023
511
1529
256
45
279
768
45
275
768
55
1043
63
1553
77
1557
97
1561
109
541
133
291
768
135
799
256
141
549
117
1569
77
539
35
783
768
11
263
768
1011
271
1023
769
1023
2537
3048
5513
499
1007
499
1009
1011
1007
1013
493
499
1007
1011
1007
499
503
768
1023
1013
783
1023
773
256
9
257
256
17
265
256
15
769
256
19
257
1017
271
5
265
256
11
773
256
19
263
256
1023
1005
118428418
1023
261
768
9
257
256
21
257
768
19
257
256
11
259
271
273
1295
2310
507
256
3
769
1019
509
271
1556
983
1040
987
528
979
1040
981
1044
-787478
-786515
-1842454
979
1556
975
1040
981
1048
983
530
989
530
995
259
530
991
532
991
1556
985
1044
993
530
989
1044
995
261
1044
1003
271
1013
271
1021
257
256
5
771
768
5
257
768
1021
271
983
1538
1809
991
1042
991
528
991
1044
989
259
1042
995
261
532
538
987
1044
987
1044
985
1044
987
532
987
263
534
993
771
1554
1003
-60474
536
981
1048
989
530
989
265
536
997
775
1558
1003
84873474
1015
271
1019
783
1011
783
1013
51380714
51380982
779
768
31
267
256
31
265
256
511
768
19
263
256
11
769
256
1021
997
263
534
999
265
536
991
534
989
1556
987
1558
993
259
530
985
259
1042
997
17764612
1015
769
256
511
256
25
771
256
19
769
256
505
509
509
991
769
2574
1003
773
1556
1009
271
1017
768
11
265
256
9
775
256
3
1021
261
256
15
261
768
9
1021
1017
265
256
19
779
768
13
265
256
11
775
256
13
259
768
7
257
256
7
769
256
33
265
768
63
1033
99
779
256
217
827
257
393
1541
1205
69
1162
271
501
536
987
538
989
1046
991
265
536
999
775
1046
1003
17826046
1019
271
1019
1
1017
1021
271
1019
783
1017
271
1015
271
1015
271
1011
271
1013
271
1021
256
5
5
261
256
935
2210
622
783
981
1048
983
1052
981
1044
985
1054
993
777
1048
995
777
1048
1015
271
1009
269
768
7
783
768
5
263
256
1
271
1021
271
777
768
37
777
768
7
771
821
752
13
269
768
3
256
13
773
256
5
771
995
261
1278
2055
256
5
777
768
21
781
768
17
257
256
1
773
776
987
259
1042
511
4040
5080
991
1040
989
1554
993
1792
207
2831
1983
1526
783
1044
977
534
977
1244
1558
1001
169746645
169746916
271
783
499
-402651693
-403441221
-403440439
977
1554
977
1554
511
263
534
1009
84873990
1023
263
768
11
781
768
17
777
768
15
267
256
9
779
768
9
263
768
1023
773
256
256
1
271
1019
783
1001
257
1040
993
769
1040
995
263
1046
997
51319046
5
261
768
7
773
256
19
257
768
13
775
256
15
257
768
9
257
511
256
17
259
997
257
528
1003
51319792
771
256
9
771
256
19
261
1790
973
536
-1971245
-2365417
2097
1279
505
999
273
1056
1005
263
534
1009
783
1017
783
5
267
256
13
267
256
25
275
256
19
781
256
25
781
256
19
779
768
11
263
256
7
769
256
5
256
3
505
509
39
259
256
505
1021
783
317
1781
768
25
771
256
33
257
256
37
775
256
1023
33
769
1017
1017
503
1013
1011
1019
1015
256
29
777
256
511
501
491
1009
1007
-266526753
-266525750
496
987
1008
2009
497
1007
-1063872600
-1063870812
2021
1007
-265576864
783
1001
1790
495
1017
1011
1013
1011
1013
499
497
495
-133140
-130316
51381844
979
534
983
528
987
259
530
1007
257
528
1003
769
1040
361
513
271
256
17
271
768
9
775
256
13
263
768
9
257
768
11
775
768
5
771
256
7
263
256
511
256
15
261
256
23
261
256
1021
256
1023
1023
1017
271
1015
783
1017
271
505
1015
1017
-536607277
-268237336
-268237065
1050
987
1784
2797
503
1005
17764608
1017
271
1
259
256
1021
256
23
259
256
509
768
509
507
271
911
546
1978
1040
983
1058
1013
532
967
544
503
1013
501
501
507
1007
507
1013
1015
1015
1015
499
1019
1013
505
505
501
497
1013
499
1005
-267052558
501
1023
97
1543
195
795
628
1497
1780
1132
941
1793
768
19
771
499
1011
501
1011
783
983
536
985
528
993
775
1046
271
967
1582
2959
1019
1009
1017
1009
499
1009
1009
1009
1015
497
1017
501
501
1015
509
501
507
509
507
1013
1011
501
501
1015
505
499
1017
1011
505
256
511
505
495
1008
2013
-268104741
-268104244
1008
1501
1008
2013
-1069924954
-1069924459
-267709986
-803126861
-803126410
-803125914
851
2025
499
1017
1023
505
1802
961
536
959
1048
959
1044
957
538
957
536
963
1050
967
1556
971
534
971
1040
979
528
969
528
1003
1008
1499
1008
1495
1008
2013
496
989
-804649536
-804649280
19
771
768
21
771
256
23
771
256
1021
999
267
1050
997
775
1046
995
779
1050
995
773
1044
997
777
1048
1005
151982850
1019
257
256
7
771
768
511
256
11
257
-4206722
-4600980
-4599957
259
766
503
507
503
505
1013
505
1015
503
1015
1017
505
505
1015
507
1017
1017
1015
1017
1015
507
1017
1021
505
1019
505
505
1021
256
15
265
768
9
773
-1070188124
-1070187119
-267318311
-267317822
1508964302
225
121
1551
297
343
550
718
2615
1580
993
259
530
993
1042
987
1042
989
1554
983
1044
985
1048
983
1556
985
1044
987
1044
995
261
1044
987
532
987
2674
-266497991
1841
501
495
501
495
-536342584
-536342087
1005
-267711004
1009
1007
495
495
-803395649
-803391814
-803390791
-803389816
2315
-201325582
-201324799
999
771
1554
1003
84873468
1013
783
983
534
983
530
983
532
981
1042
987
1044
511
387
401
964
1663
963
1328
499
501
1009
499
1011
501
1011
501
1011
1013
1009
1011
1009
501
499
1013
271
981
1044
977
1040
977
1554
971
1552
971
1556
975
1552
979
1554
783
991
1052
989
1556
1009
493
1009
-1340181411
782
1015
271
1023
259
256
511
977
-1633542
1340547441
1050
989
548
979
1048
979
1052
975
1052
981
1564
979
1050
977
544
979
540
993
1562
995
781
1052
997
185537284
1017
783
256
511
768
-263234113
-263234024
802
256
1023
-301989674
339
1008
503
997
773
1044
993
257
1040
993
259
530
993
1040
989
1042
271
511
256
5
257
783
1005
271
1017
1023
989
1272
271
497
501
497
499
1007
1009
495
1011
-268102179
-268100381
991
-268105244
501
1009
501
497
499
1009
-268085091
-268085088
771
507
-1247046
-100662013
481
3224
1016
507
989
257
1040
997
769
1784
1013
1015
501
1015
1013
503
1011
1015
1013
503
501
1015
1013
505
1015
503
1013
503
1013
503
503
507
507
503
503
501
1015
1015
1013
503
501
1013
1013
1015
991
773
1556
995
257
528
1005
260
1003
241
1970
1463
1979
-263751892
1015
501
1015
501
505
503
501
1011
1015
1011
1015
503
1015
505
271
-10133067
-13288293
495
495
-268237336
1011
499
1009
1013
1009
499
497
499
495
