70
101
106
106
104
99
101
100
103
98
100
104
106
102
83
120
102
102
98
96
96
98
103
103
103
102
96
79
119
63
132
101
101
101
105
104
102
61
146
106
120
120
111
112
119
113
112
114
111
109
107
115
113
108
81
125
105
104
79
114
99
101
98
102
107
113
105
101
100
99
100
98
98
96
98
103
108
103
70
141
109
108
106
105
111
109
104
108
112
108
105
104
108
107
102
79
129
104
105
100
101
104
107
105
101
101
106
102
100
101
103
107
103
103
103
104
102
101
102
104
102
100
95
110
105
103
102
104
104
101
83
124
103
103
98
103
103
100
100
101
103
68
136
106
111
103
101
99
103
101
98
96
100
97
98
96
97
99
100
97
98
99
101
101
102
101
99
79
116
104
103
98
98
99
98
57
139
102
102
81
117
105
101
99
102
100
97
97
98
96
95
96
58
127
100
102
102
107
105
103
111
113
119
110
110
112
114
111
106
108
113
116
110
104
110
112
89
133
116
119
112
110
111
115
111
105
109
86
132
107
107
108
107
108
104
102
103
103
101
102
104
103
103
102
103
108
105
102
104
107
105
101
101
99
101
100
99
95
100
100
98
101
102
104
101
101
59
147
114
107
105
112
115
121
112
110
112
114
108
109
114
120
113
111
111
114
111
106
109
111
114
89
126
113
117
87
119
105
118
113
113
108
70
141
109
114
112
109
112
115
119
114
85
129
115
119
113
106
108
112
112
105
107
104
106
68
150
107
107
104
103
99
102
104
109
116
112
107
83
124
111
108
103
105
105
109
105
104
105
103
107
107
105
106
110
111
107
103
81
125
110
106
105
111
111
111
109
109
97
125
116
112
115
112
110
106
107
105
105
103
100
102
101
99
101
99
98
98
96
103
98
96
98
99
100
101
101
101
98
100
106
104
101
67
137
108
109
108
110
114
111
116
109
112
107
106
107
109
109
110
111
121
120
114
113
115
123
121
113
109
110
111
118
113
110
107
112
111
109
106
107
110
109
107
106
109
110
110
109
103
103
105
105
103
104
106
104
104
102
102
106
103
103
104
106
107
108
107
105
106
104
106
105
104
107
110
112
112
108
103
101
109
104
107
103
103
65
133
104
104
103
104
101
100
103
106
106
108
108
106
103
102
105
103
105
103
106
105
103
98
98
98
58
136
103
102
59
138
103
60
141
102
100
99
100
100
103
104
100
59
142
105
108
104
104
103
102
105
107
107
100
100
100
99
95
94
96
106
106
108
107
103
106
108
110
111
107
105
111
110
110
108
112
110
107
107
113
112
108
111
112
112
107
103
105
104
104
104
109
108
106
105
103
105
104
103
105
107
110
109
106
105
105
106
108
110
109
105
105
107
107
105
102
106
106
105
105
102
100
102
106
105
105
101
101
83
122
107
105
103
106
103
59
150
106
104
104
102
99
100
103
104
108
107
66
142
108
107
104
103
102
104
106
105
103
59
145
108
108
103
104
107
107
108
106
105
105
107
108
111
108
108
108
108
108
105
87
121
108
107
105
102
105
103
103
103
102
102
102
102
105
104
102
101
103
103
102
103
103
102
103
104
105
102
102
103
102
102
101
100
100
103
102
103
65
134
102
104
65
130
82
110
96
92
91
95
97
100
99
103
65
134
103
105
94
107
104
104
107
105
102
103
104
105
107
110
110
108
106
109
109
106
104
84
118
104
106
101
102
99
75
120
99
98
97
97
96
99
101
99
99
101
100
99
101
98
97
99
100
101
101
99
97
64
133
99
105
103
100
103
102
101
102
100
77
117
97
95
77
112
96
93
93
91
93
91
93
95
97
99
99
100
100
100
99
104
103
101
103
99
101
103
102
101
102
105
105
102
102
103
100
102
101
104
83
119
103
102
86
112
104
106
102
103
100
102
100
102
101
101
103
103
83
115
102
103
80
118
104
103
101
101
102
105
108
106
106
105
106
107
104
109
106
106
102
99
98
102
103
101
101
100
58
139
102
101
98
97
98
100
100
98
100
100
100
104
105
102
97
97
97
96
94
95
98
95
99
105
102
102
105
103
100
108
102
57
144
103
101
103
103
101
107
98
100
53
132
98
96
94
95
94
94
84
108
97
98
97
96
94
96
88
91
90
90
91
91
92
91
91
89
90
90
91
89
91
90
92
92
91
92
92
91
92
93
90
93
94
92
93
94
90
91
93
92
93
89
91
90
90
88
89
90
92
93
94
96
93
94
93
93
90
88
89
87
88
84
85
88
86
84
90
90
89
90
91
89
91
93
91
92
92
91
91
91
93
94
94
67
119
94
95
94
91
91
93
91
90
90
97
100
99
97
99
99
97
97
56
139
101
98
97
103
101
60
141
104
104
99
99
99
101
101
102
100
104
100
100
100
98
100
101
102
100
100
83
122
105
107
106
108
113
108
104
101
105
107
104
104
103
101
102
102
104
66
135
102
103
101
99
101
100
98
98
100
99
101
102
100
100
101
100
100
99
100
97
98
100
99
101
98
99
99
101
100
99
104
103
103
104
99
100
100
100
100
98
100
98
102
98
98
100
99
97
100
104
99
101
101
104
104
104
103
103
105
107
103
104
104
60
145
103
105
102
101
101
100
99
102
98
100
98
96
99
106
106
104
104
106
105
107
104
106
104
103
100
101
101
100
101
101
101
102
102
103
65
139
104
109
102
100
103
103
103
103
103
100
101
101
102
100
61
135
103
102
100
103
103
106
80
126
102
104
101
102
102
107
103
102
104
106
105
103
102
101
100
100
100
102
103
103
101
100
98
101
99
102
100
100
99
102
100
99
100
95
96
95
94
94
76
104
92
94
90
92
90
92
90
91
89
87
90
63
111
87
88
87
90
67
108
89
87
88
89
87
87
86
91
92
66
124
96
101
99
98
97
100
101
105
103
99
101
62
130
96
97
98
99
97
95
94
94
97
58
129
99
101
100
97
103
106
107
104
101
100
100
105
104
107
102
100
101
99
102
102
99
99
77
110
97
59
132
86
113
100
99
98
101
102
102
101
97
96
94
95
96
95
93
94
94
93
94
93
92
93
93
95
93
95
92
92
92
92
91
92
90
92
93
90
90
91
92
92
91
94
90
90
92
90
90
89
89
89
89
88
87
87
84
87
89
51
123
87
86
86
87
86
82
86
83
84
88
90
90
91
92
93
92
93
95
93
94
95
93
95
96
97
97
99
98
94
95
96
96
95
93
93
92
94
62
125
95
98
97
71
118
96
98
94
99
99
97
59
133
99
101
101
97
100
100
96
96
95
93
92
95
94
95
92
94
93
93
92
93
94
93
92
90
91
92
94
97
94
98
99
94
96
94
95
91
90
88
69
103
89
91
97
98
93
101
99
96
99
100
96
99
99
96
99
100
98
97
95
99
95
96
98
99
97
99
97
98
98
98
93
97
100
100
98
100
103
101
95
96
96
92
92
93
90
89
73
102
89
89
87
86
87
83
66
99
88
87
88
89
87
87
91
90
89
89
88
90
67
108
90
89
87
90
87
89
88
88
68
105
89
87
67
105
89
87
87
88
88
88
89
88
86
88
88
89
91
59
123
91
92
91
90
90
90
89
89
87
88
88
89
90
91
93
92
91
76
103
93
91
92
90
89
92
90
90
90
93
93
92
91
92
92
92
90
93
90
90
91
88
89
90
90
90
89
69
106
86
86
86
87
88
88
86
86
87
85
86
85
85
83
83
82
83
84
83
81
83
87
87
89
89
90
64
113
88
90
90
89
89
88
89
64
112
89
90
88
89
77
97
87
88
86
90
89
88
88
89
88
86
85
87
87
86
86
70
103
86
88
87
89
91
89
89
95
97
91
92
92
90
92
89
90
89
88
89
89
88
92
72
107
89
88
87
86
88
90
87
90
88
88
92
88
92
89
91
91
92
89
89
91
92
91
89
90
64
61
143
92
90
91
88
90
90
90
89
91
91
89
91
90
91
90
89
89
91
89
89
93
103
103
96
94
91
91
91
89
87
89
87
88
86
88
89
89
63
110
85
86
84
85
86
67
99
83
84
86
90
98
48
147
99
100
93
92
92
92
92
58
126
95
93
93
95
94
97
100
96
77
117
95
98
96
96
99
100
100
100
96
99
79
116
99
101
98
96
100
100
97
100
100
99
79
95
108
105
101
100
98
77
117
101
99
99
102
79
119
102
104
100
102
102
102
104
102
98
100
105
102
104
103
101
104
83
120
104
110
103
103
101
102
103
106
101
106
102
101
100
101
97
98
96
98
96
97
76
116
98
100
60
133
98
96
95
94
91
94
97
101
103
98
96
94
97
96
94
96
95
98
96
96
93
91
95
93
96
78
116
64
128
93
92
88
88
89
87
88
88
89
88
87
89
90
87
86
86
86
83
82
66
98
88
86
87
86
86
88
87
84
88
88
85
89
86
90
90
90
89
92
93
93
91
92
93
95
91
94
93
95
92
93
74
105
96
101
97
93
75
110
94
92
93
93
74
111
94
96
91
93
90
91
93
89
88
90
86
86
87
91
91
95
93
95
96
97
96
93
92
93
91
93
96
94
95
97
99
97
95
102
83
124
104
76
121
99
81
115
102
100
98
98
69
128
97
102
101
103
102
99
100
100
97
99
100
85
117
100
105
105
98
100
97
97
99
100
99
99
102
100
103
103
101
100
101
101
98
98
98
99
99
102
99
101
98
100
101
100
62
134
103
103
97
99
96
98
61
130
98
103
78
93
96
86
111
98
98
97
99
96
98
100
101
99
96
81
115
99
100
96
97
95
97
99
99
97
98
98
96
98
95
98
97
96
99
97
98
98
97
95
95
94
97
96
100
97
97
76
99
102
97
96
93
97
61
132
79
113
95
96
94
98
94
94
93
96
91
93
93
93
92
93
91
92
93
94
94
91
93
92
95
91
92
89
91
90
48
132
68
109
88
86
84
86
87
88
88
89
86
86
86
83
84
63
99
85
85
87
90
88
89
85
87
68
101
83
86
84
85
85
61
109
87
90
90
93
88
88
89
90
92
90
90
86
87
90
87
86
88
87
86
87
88
88
86
87
87
87
86
86
84
84
84
84
84
81
87
84
83
85
85
83
84
85
89
89
88
55
128
70
106
86
87
85
86
83
89
87
88
90
94
92
95
92
95
94
94
93
92
90
94
91
94
92
93
92
96
95
96
94
93
94
98
96
94
95
95
94
80
104
98
98
96
92
93
93
96
99
101
99
98
99
95
78
116
100
101
98
103
79
123
103
101
82
123
105
105
99
103
84
120
110
102
98
102
106
104
100
99
99
96
102
98
99
101
102
102
106
102
96
106
96
59
126
